0.016000000000000014,0.9988911735210192
0.02799999999999958,0.9988911638119041
0.02799999999999958,0.9988911638118182
0.02799999999999958,0.9988890864163593
0.041999999999999815,0.9988802747255389
0.06099999999999994,0.9988889197091969
0.08499999999999996,0.9988887071090304
0.11899999999999977,0.9988793371312357
0.1589999999999998,0.9988876433199657
0.1589999999999998,0.9988705910234357
0.20699999999999985,0.9988857567507098
0.26400000000000023,0.9988845339529938
0.26400000000000023,0.9988481341069785
0.3309999999999995,0.9988782275505891
0.40700000000000003,0.9988745856504283
0.40700000000000003,0.9983398682172854
0.4950000000000001,0.9988558842738079
0.4950000000000001,0.9988451076771308
0.593,0.9821078123440257
0.593,0.9987530411229699
0.7039999999999997,0.9987198976877611
0.827,0.8528860147911287
0.9629999999999992,0.9981641446763801
1.1099999999999994,0.3827265637380868
1.1099999999999994,0.9965578916186574
1.2699999999999996,0.20351013864958575
1.440999999999999,0.9855364964812018
1.6210000000000004,0.992032498359032
1.6210000000000004,0.992074071228719
1.811,0.9406558141592732
2.01,0.9640180477114606
2.01,0.9640434702114455
2.2089999999999996,0.7660057732828734
2.2089999999999996,0.7657717081109844
2.414999999999999,0.5672977135105494
2.6270000000000007,0.48729944778361584
2.8409999999999993,0.48671229881180667
3.055999999999999,0.3463489036634881
3.055999999999999,0.299201063903594
3.2680000000000007,0.2950558909635831
3.4830000000000005,0.22503914343800566
3.4830000000000005,0.20096849657283292
3.6980000000000004,0.13534453488444154
3.6980000000000004,0.06719419818119671
3.9079999999999995,0.023650684087693354
4.119,0.006900502499357358
4.119,0.0020441400419493713
4.333,0.0007855333757389884
4.545,0.0004233136275597612
4.76,0.0003287279109801444
4.76,0.0003030999156087295
4.974,0.0002964540375064826
5.1899999999999995,0.0002945878232383195
5.1899999999999995,0.0002941081251037134
5.1899999999999995,0.0002936243871503885
5.4079999999999995,0.0002934807493703902
5.632,0.0002936196801722486
5.8580000000000005,0.0002933652913120286
6.086,0.0002932830490629458
6.317,0.00029326248667651747
6.317,0.0002932573456258145
6.317,0.00029325606024972875
6.549999999999999,0.0002932557388773601
6.784000000000001,0.00029325565852718094
7.02,0.0002932556384378643
7.02,0.00029325563341509216
7.260999999999999,0.0002932556321592885
7.504,0.0002932556318453097
7.504,0.00029325563176680816
7.753,0.00029325563174718107
8.007,0.00029325563174227386
8.266,0.0002932556317410469
8.266,0.00029325563174074015
8.53,0.0002932556317406635
8.796999999999999,0.0002932556317406443
8.796999999999999,0.0002932556317406396
8.796999999999999,0.00029325563174063834
9.068,0.00029325563174063807
9.344,0.00029325563174063796
9.629,0.00029325563174063796
9.629,0.00029325563174063796
9.915000000000001,0.00029325563174063796
10.203999999999999,0.00029325563174063796
10.203999999999999,0.00029325563174063796
10.499999999999998,0.00029325563174063796
10.802000000000001,0.00029325563174063796
11.110000000000001,0.00029325563174063796
11.110000000000001,0.00029325563174063796
11.421000000000001,0.00029325563174063796
11.732000000000001,0.00029325563174063796
11.732000000000001,0.00029325563174063796
11.732000000000001,0.00029325563174063796
12.052000000000001,0.00029325563174063796
12.377,0.00029325563174063796
12.705,0.00029325563174063796
13.037,0.00029325563174063796
13.374999999999998,0.00029325563174063796
13.374999999999998,0.00029325563174063796
13.717,0.00029325563174063796
14.065,0.00029325563174063796
14.065,0.00029325563174063796
14.412,0.00029325563174063796
14.412,0.00029325563174063796
14.761000000000001,0.00029325563174063796
15.116000000000001,0.00029325563174063796
15.116000000000001,0.00029325563174063796
15.116000000000001,0.00029325563174063796
15.475,0.00029325563174063796
15.837000000000002,0.00029325563174063796
16.200000000000003,0.00029325563174063796
16.567999999999998,0.00029325563174063796
16.933999999999997,0.00029325563174063796
16.933999999999997,0.00029325563174063796
16.933999999999997,0.00029325563174063796
17.302,0.00029325563174063796
17.677,0.00029325563174063796
18.057000000000002,0.00029325563174063796
18.436999999999998,0.00029325563174063796
18.820999999999998,0.00029325563174063796
18.820999999999998,0.00029325563174063796
18.820999999999998,0.00029325563174063796
19.209000000000003,0.00029325563174063796
19.598,0.00029325563174063796
19.990000000000002,0.00029325563174063796
20.384999999999998,0.00029325563174063796
20.781,0.00029325563174063796
21.18,0.00029325563174063796
21.18,0.00029325563174063796
21.585,0.00029325563174063796
21.990000000000002,0.00029325563174063796
21.990000000000002,0.00029325563174063796
22.397,0.00029325563174063796
22.805999999999997,0.00029325563174063796
22.805999999999997,0.00029325563174063796
23.217,0.00029325563174063796
23.630000000000003,0.00029325563174063796
23.630000000000003,0.00029325563174063796
24.046,0.00029325563174063796
24.463,0.00029325563174063796
24.883000000000003,0.00029325563174063796
24.883000000000003,0.00029325563174063796
24.883000000000003,0.00029325563174063796
25.302,0.00029325563174063796
25.724000000000004,0.00029325563174063796
26.148000000000003,0.00029325563174063796
26.572000000000003,0.00029325563174063796
26.998000000000005,0.00029325563174063796
26.998000000000005,0.00029325563174063796
26.998000000000005,0.00029325563174063796
27.424,0.00029325563174063796
27.849000000000004,0.00029325563174063796
28.276000000000003,0.00029325563174063796
28.276000000000003,0.00029325563174063796
28.703000000000003,0.00029325563174063796
29.132000000000005,0.00029325563174063796
29.559000000000005,0.00029325563174063796
29.986000000000004,0.00029325563174063796
29.986000000000004,0.00029325563174063796
30.414,0.00029325563174063796
30.414,0.00029325563174063796
30.842,0.00029325563174063796
31.268,0.00029325563174063796
31.268,0.00029325563174063796
31.693000000000005,0.00029325563174063796
32.117000000000004,0.00029325563174063796
32.538000000000004,0.00029325563174063796
32.961,0.00029325563174063796
33.38,0.00029325563174063796
33.38,0.00029325563174063796
33.38,0.00029325563174063796
33.795,0.00029325563174063796
34.21,0.00029325563174063796
34.623000000000005,0.00029325563174063796
35.033,0.00029325563174063796
35.438,0.00029325563174063796
35.438,0.00029325563174063796
35.84,0.00029325563174063796
36.239000000000004,0.00029325563174063796
36.635000000000005,0.00029325563174063796
36.635000000000005,0.00029325563174063796
37.027,0.00029325563174063796
37.413000000000004,0.00029325563174063796
37.796,0.00029325563174063796
37.796,0.00029325563174063796
38.173,0.00029325563174063796
38.548,0.00029325563174063796
38.548,0.00029325563174063796
38.92,0.00029325563174063796
39.286,0.00029325563174063796
39.286,0.00029325563174063796
39.652,0.00029325563174063796
40.015,0.00029325563174063796
40.375,0.00029325563174063796
40.735,0.00029325563174063796
41.091,0.00029325563174063796
41.091,0.00029325563174063796
41.091,0.00029325563174063796
41.443000000000005,0.00029325563174063796
41.791000000000004,0.00029325563174063796
42.134,0.00029325563174063796
42.134,0.00029325563174063796
42.469,0.00029325563174063796
42.798,0.00029325563174063796
42.798,0.00029325563174063796
43.122,0.00029325563174063796
43.438,0.00029325563174063796
43.747,0.00029325563174063796
44.045,0.00029325563174063796
44.045,0.00029325563174063796
44.336,0.00029325563174063796
44.617000000000004,0.00029325563174063796
44.883,0.00029325563174063796
44.883,0.00029325563174063796
45.143,0.00029325563174063796
45.143,0.00029325563174063796
45.39,0.00029325563174063796
45.626000000000005,0.00029325563174063796
45.626000000000005,0.00029325563174063796
45.852000000000004,0.00029325563174063796
46.063,0.00029325563174063796
46.262,0.00029325563174063796
46.262,0.00029325563174063796
46.445,0.00029325563174063796
46.611000000000004,0.00029325563174063796
46.611000000000004,0.00029325563174063796
46.764,0.00029325563174063796
46.904,0.00029325563174063796
47.03,0.00029325563174063796
47.03,0.00029325563174063796
47.143,0.00029325563174063796
47.242000000000004,0.00029325563174063796
47.242000000000004,0.00029325563174063796
47.327,0.00029325563174063796
47.398,0.00029325563174063796
47.453,0.00029325563174063796
47.494,0.00029325563174063796
47.522,0.00029325563174063796
47.535000000000004,0.00029325563174063796
47.535000000000004,0.00029325563174063796
47.537,0.00029325563174063796
47.521,0.00029325563174063796
47.521,0.00029325563174063796
47.496,0.00029325563174063796
47.454,0.00029325563174063796
47.454,0.00029325563174063796
47.401,0.00029325563174063796
47.333,0.00029325563174063796
47.255,0.00029325563174063796
47.255,0.00029325563174063796
47.165,0.00029325563174063796
47.065000000000005,0.00029325563174063796
47.065000000000005,0.00029325563174063796
46.953,0.00029325563174063796
46.83,0.00029325563174063796
46.698,0.00029325563174063796
46.558,0.00029325563174063796
46.4,0.00029325563174063796
46.4,0.00029325563174063796
46.4,0.00029325563174063796
46.225,0.00029325563174063796
46.042,0.00029325563174063796
45.853,0.00029325563174063796
45.660000000000004,0.00029325563174063796
45.452,0.00029325563174063796
45.452,0.00029325563174063796
45.226,0.00029325563174063796
44.986000000000004,0.00029325563174063796
44.739000000000004,0.00029325563174063796
44.739000000000004,0.00029325563174063796
44.482,0.00029325563174063796
44.212,0.00029325563174063796
44.212,0.00029325563174063796
44.212,0.00029325563174063796
43.93,0.00029325563174063796
43.642,0.00029325563174063796
43.342,0.00029325563174063796
43.037,0.00029325563174063796
42.718,0.00029325563174063796
42.718,0.00029325563174063796
42.396,0.00029325563174063796
42.066,0.00029325563174063796
41.729,0.00029325563174063796
41.729,0.00029325563174063796
41.386,0.00029325563174063796
41.036,0.00029325563174063796
41.036,0.00029325563174063796
40.678000000000004,0.00029325563174063796
40.313,0.00029325563174063796
39.938,0.00029325563174063796
39.564,0.00029325563174063796
39.564,0.00029325563174063796
39.185,0.00029325563174063796
38.800000000000004,0.00029325563174063796
38.800000000000004,0.00029325563174063796
38.404,0.00029325563174063796
38.007000000000005,0.00029325563174063796
38.007000000000005,0.00029325563174063796
37.604,0.00029325563174063796
37.193000000000005,0.00029325563174063796
37.193000000000005,0.00029325563174063796
36.778,0.00029325563174063796
36.356,0.00029325563174063796
35.931000000000004,0.00029325563174063796
35.499,0.00029325563174063796
35.062000000000005,0.00029325563174063796
35.062000000000005,0.00029325563174063796
35.062000000000005,0.00029325563174063796
34.624,0.00029325563174063796
34.181000000000004,0.00029325563174063796
33.730000000000004,0.00029325563174063796
33.730000000000004,0.00029325563174063796
33.272,0.00029325563174063796
32.814,0.00029325563174063796
32.814,0.00029325563174063796
32.356,0.00029325563174063796
31.891,0.00029325563174063796
31.424,0.00029325563174063796
30.955,0.00029325563174063796
30.955,0.00029325563174063796
30.481,0.00029325563174063796
30.006,0.00029325563174063796
29.525,0.00029325563174063796
29.044000000000004,0.00029325563174063796
29.044000000000004,0.00029325563174063796
28.557000000000002,0.00029325563174063796
28.068000000000005,0.00029325563174063796
28.068000000000005,0.00029325563174063796
27.576,0.00029325563174063796
27.079,0.00029325563174063796
26.578000000000003,0.00029325563174063796
26.578000000000003,0.00029325563174063796
26.073999999999998,0.00029325563174063796
25.569000000000003,0.00029325563174063796
25.569000000000003,0.00029325563174063796
25.060000000000002,0.00029325563174063796
24.548000000000002,0.00029325563174063796
24.04,0.00029325563174063796
24.04,0.00029325563174063796
23.527,0.00029325563174063796
23.012,0.00029325563174063796
23.012,0.00029325563174063796
22.499000000000002,0.00029325563174063796
21.982,0.00029325563174063796
21.464999999999996,0.00029325563174063796
20.951999999999998,0.00029325563174063796
20.439999999999998,0.00029325563174063796
20.439999999999998,0.00029325563174063796
19.926000000000002,0.00029325563174063796
19.415,0.00029325563174063796
18.906,0.00029325563174063796
18.906,0.00029325563174063796
18.393,0.00029325563174063796
17.881999999999998,0.00029325563174063796
17.881999999999998,0.00029325563174063796
17.375,0.00029325563174063796
16.869999999999997,0.00029325563174063796
16.363999999999997,0.00029325563174063796
15.862,0.00029325563174063796
15.363000000000001,0.00029325563174063796
15.363000000000001,0.00029325563174063796
15.363000000000001,0.00029325563174063796
14.866000000000001,0.00029325563174063796
14.371999999999998,0.00029325563174063796
13.877999999999998,0.00029325563174063796
13.388,0.00029325563174063796
12.901000000000002,0.00029325563174063796
12.901000000000002,0.00029325563174063796
12.418000000000001,0.00029325563174063796
11.94,0.00029325563174063796
11.469,0.00029325563174063796
11.002,0.00029325563174063796
11.002,0.00029325563174063796
10.543999999999999,0.00029325563174063796
10.092,0.00029325563174063796
9.648000000000001,0.00029325563174063796
9.209999999999999,0.00029325563174063796
9.209999999999999,0.00029325563174063796
8.781,0.00029325563174063796
8.361,0.00029325563174063796
8.361,0.00029325563174063796
7.949999999999999,0.00029325563174063796
7.545,0.00029325563174063796
7.154,0.00029325563174063796
6.769,0.00029325563174063796
6.395,0.00029325563174063796
6.395,0.00029325563174063796
6.395,0.00029325563174063796
6.029,0.00029325563174063796
5.670999999999999,0.00029325563174063796
5.32,0.00029325563174063796
4.978999999999999,0.00029325563174063796
4.645999999999999,0.00029325563174063796
4.645999999999999,0.00029325563174063796
4.315999999999999,0.00029325563174063796
3.9939999999999998,0.00029325563174063796
3.6790000000000003,0.00029325563174063796
3.369999999999999,0.00029325563174063796
3.0760000000000005,0.00029325563174063796
3.0760000000000005,0.00029325563174063796
2.7889999999999997,0.00029325563174063796
2.5060000000000002,0.00029325563174063796
2.24,0.00029325563174063796
2.24,0.00029325563174063796
1.9830000000000005,0.00029325563174063796
1.7360000000000007,0.00029325563174063796
1.5009999999999994,0.00029325563174063796
1.2769999999999992,0.00029325563174063796
1.0700000000000003,0.00029325563174063796
1.0700000000000003,0.00029325563174063796
0.875,0.00029325563174063796
0.6970000000000001,0.00029325563174063796
0.6970000000000001,0.00029325563174063796
0.6970000000000001,0.00029325563174063796
0.5300000000000002,0.00029325563174063796
0.3799999999999999,0.00029325563174063796
0.24099999999999966,0.00029325563174063796
0.11399999999999988,0.00032620961988517644
-0.001000000000000334,0.00033797946698389364
-0.10200000000000031,0.0003197179147278114
-0.1930000000000005,0.0003133082511799245
-0.27200000000000024,0.00031162082935259065
-0.27200000000000024,0.00036601084593393293
-0.3440000000000003,0.00038832974031436675
-0.4039999999999999,0.0005699090454841555
-0.45500000000000007,0.0006991236107278248
-0.4930000000000003,0.0009296569521190419
-0.5350000000000001,0.001159648697127255
-0.5350000000000001,0.00157360434595199
-0.5680000000000005,0.0021533801829693613
-0.5840000000000005,0.002742264981274621
-0.5840000000000005,0.0033403767945649494
-0.5970000000000004,0.005264982057279218
-0.6040000000000001,0.011453513994972787
-0.601,0.026214336623173944
-0.5970000000000004,0.07079241527397508
-0.5920000000000005,0.1883033310398716
-0.5920000000000005,0.4578349473723197
-0.5830000000000002,0.7472786527718513
-0.5700000000000003,0.8607459565169112
-0.5540000000000003,0.8785174653372833
-0.5540000000000003,0.9786131825997282
-0.54,0.19980274289771172
-0.5289999999999999,0.9899899093226512
-0.5150000000000006,0.25229186693911926
-0.5019999999999998,0.3951077402239291
-0.4889999999999999,0.9918236521203121
-0.4889999999999999,0.8946585154188564
-0.48099999999999987,0.9986370627865115
-0.47500000000000053,0.98462410280354
-0.4560000000000004,0.9872762447765492
-0.4500000000000002,0.998853032400638
-0.44399999999999995,0.9980329772369386
-0.44399999999999995,0.9988812342854211
-0.4400000000000004,0.9988475410912848
-0.4320000000000004,0.9988874447300062
-0.4320000000000004,0.9988831140277677
-0.4270000000000005,0.9988869064937941
-0.42600000000000016,0.9988904147269703
-0.4240000000000004,0.9988882273815424
-0.4249999999999998,0.9988856391220844
-0.4240000000000004,0.9988905910162557
-0.4240000000000004,0.9988896075190214
-0.4249999999999998,0.9988911263966694
-0.4249999999999998,0.9988766457394727
-0.4240000000000004,0.9988510155742673
