Time Step,Health Status,dm,dmdt
1711587152047657442,[1.],[0.],[0.]
1711587152050498189,[1.],[0.],[0.]
1711587152053321112,[1.],[0.],[0.]
1711587152120562636,[0.99999099],[0.00060041],[0.00060041]
1711587152122613204,[0.99998344],[0.00081393],[0.00081393]
1711587152124532871,[0.99997328],[0.00103383],[0.00103383]
1711587152126435275,[0.99996988],[0.00109766],[0.00109766]
1711587152198830477,[0.99996014],[0.00126274],[0.00126274]
1711587152200768520,[0.99995269],[0.0013757],[0.0013757]
1711587152202667408,[0.99993319],[0.00163472],[0.00163472]
1711587152271651166,[0.9999486],[0.00143394],[0.00143394]
1711587152273722634,[0.99992164],[0.00177038],[0.00177038]
1711587152275599660,[0.99992701],[0.00170868],[0.00170868]
1711587152342955138,[0.99990912],[0.00190663],[0.00190663]
1711587152344886738,[0.99989881],[0.00201184],[0.00201184]
1711587152346777360,[0.99986394],[0.00233286],[0.00233286]
1711587152406327427,[0.99988783],[0.00211818],[0.00211818]
1711587152408403543,[0.99987858],[0.00220385],[0.00220385]
1711587152410369458,[0.99985338],[0.00242172],[0.00242172]
1711587152467393479,[0.99984098],[0.00252206],[0.00252206]
1711587152469407787,[0.99982819],[0.00262153],[0.00262153]
1711587152471357301,[0.99979524],[0.00286189],[0.00286189]
1711587152473228095,[0.99980083],[0.00282253],[0.00282253]
1711587152532138560,[0.99980851],[0.00276761],[0.00276761]
1711587152534127780,[0.99977352],[0.00300985],[0.00300985]
1711587152536040293,[0.99973344],[0.00326531],[0.00326531]
1711587152597554001,[0.99976943],[0.0030369],[0.0030369]
1711587152599535787,[0.99970065],[0.00346033],[0.00346033]
1711587152601619358,[0.99968417],[0.00355432],[0.00355432]
1711587152603595814,[0.99969718],[0.00348035],[0.00348035]
1711587152664183723,[0.99974268],[0.00320822],[0.00320822]
1711587152666112668,[0.99966732],[0.00364791],[0.00364791]
1711587152668051953,[0.99965137],[0.00373432],[0.00373432]
1711587152734263526,[0.99963529],[0.00381945],[0.00381945]
1711587152736227237,[0.99961911],[0.0039033],[0.0039033]
1711587152738181942,[0.99960283],[0.00398582],[0.00398582]
1711587152799150546,[0.99958649],[0.004067],[0.004067]
1711587152801155166,[0.99952488],[0.00435945],[0.00435945]
1711587152803056969,[0.99955262],[0.00423026],[0.00423026]
1711587152804983801,[0.99958146],[0.00409165],[0.00409165]
1711587152863187456,[0.99951776],[0.00439197],[0.00439197]
1711587152865254245,[0.99949914],[0.004476],[0.004476]
1711587152867349956,[0.99947928],[0.00456384],[0.00456384]
1711587152925884585,[0.99945787],[0.00465673],[0.00465673]
1711587152927851433,[0.99931551],[0.00523255],[0.00523255]
1711587152929739270,[0.9995225],[0.00437036],[0.00437036]
1711587152987883159,[0.99925578],[0.00545606],[0.00545606]
1711587152989866759,[0.99948031],[0.00455933],[0.00455933]
1711587152991819229,[0.99926228],[0.00543219],[0.00543219]
1711587152993713979,[0.99937061],[0.00501751],[0.00501751]
1711587153050158713,[0.99927287],[0.00539308],[0.00539308]
1711587153052159816,[0.9992417],[0.00550746],[0.00550746]
1711587153054070907,[0.99920951],[0.00562315],[0.00562315]
1711587153138732687,[0.99917634],[0.00573988],[0.00573988]
1711587153140724613,[0.99914226],[0.00585743],[0.00585743]
1711587153142604384,[0.99901439],[0.00627887],[0.00627887]
1711587153198863884,[0.99916166],[0.00579082],[0.00579082]
1711587153201227905,[0.99883012],[0.0068407],[0.0068407]
1711587153203143795,[0.99909249],[0.00602497],[0.00602497]
1711587153260570741,[0.9990608],[0.00612929],[0.00612929]
1711587153262828145,[0.99892124],[0.00656889],[0.00656889]
1711587153264819108,[0.99888209],[0.00668702],[0.00668702]
1711587153321277156,[0.9988424],[0.00680469],[0.00680469]
1711587153323249464,[0.99867782],[0.00727235],[0.00727235]
1711587153325184090,[0.99875954],[0.00704405],[0.00704405]
1711587153382915221,[0.99884482],[0.00679759],[0.00679759]
1711587153384212299,[0.9986791],[0.00726885],[0.00726885]
1711587153386153658,[0.99863734],[0.00738285],[0.00738285]
1711587153445989721,[0.99844959],[0.00787506],[0.00787506]
1711587153447958552,[0.99869361],[0.00722882],[0.00722882]
1711587153450062829,[0.99835603],[0.00810919],[0.00810919]
1711587153512148694,[0.99861665],[0.00743869],[0.00743869]
1711587153514211325,[0.9982616],[0.00833883],[0.00833883]
1711587153516120642,[0.998213],[0.00845458],[0.00845458]
1711587153579404822,[0.9983345],[0.00816211],[0.00816211]
1711587153581364055,[0.99861781],[0.00743557],[0.00743557]
1711587153583261249,[0.99788316],[0.00920182],[0.00920182]
1711587153646125657,[0.99837768],[0.00805561],[0.00805561]
1711587153648098235,[0.99816793],[0.00856054],[0.00856054]
1711587153711951259,[0.99830254],[0.00824005],[0.00824005]
1711587153713975857,[0.99788524],[0.00919731],[0.00919731]
1711587153779754046,[0.99803018],[0.00887653],[0.00887653]
1711587153781105768,[0.99819787],[0.00849029],[0.00849029]
1711587153782485925,[0.99773481],[0.00951879],[0.00951879]
1711587153783809604,[0.99791788],[0.00912605],[0.00912605]
1711587153785158831,[0.99763634],[0.00972349],[0.00972349]
1711587153852536842,[0.99804859],[0.00883495],[0.00883495]
1711587153854725307,[0.99799491],[0.00895564],[0.00895564]
1711587153856659572,[0.99775126],[0.00948418],[0.00948418]
1711587153858581714,[0.99770033],[0.00959097],[0.00959097]
1711587153916834369,[0.99742358],[0.0101517],[0.0101517]
1711587153918983895,[0.99785252],[0.00926818],[0.00926818]
1711587153979349538,[0.99731675],[0.01036002],[0.01036002]
1711587153981283613,[0.99754932],[0.00990087],[0.00990087]
1711587153983270549,[0.9974786],[0.01004271],[0.01004271]
1711587154046168231,[0.99771549],[0.00955932],[0.00955932]
1711587154048124629,[0.99713008],[0.01071432],[0.01071432]
1711587154050095465,[0.99738145],[0.01023436],[0.01023436]
1711587154113164483,[0.99757389],[0.00985111],[0.00985111]
1711587154115741727,[0.99730158],[0.01038926],[0.01038926]
1711587154117662797,[0.99694899],[0.0110472],[0.0110472]
1711587154179326401,[0.99719657],[0.01058949],[0.01058949]
1711587154181753068,[0.99743343],[0.01013227],[0.01013227]
1711587154183748000,[0.99711484],[0.01074273],[0.01074273]
1711587154246918071,[0.99707398],[0.01081853],[0.01081853]
1711587154248830184,[0.9967279],[0.01144045],[0.01144045]
1711587154250814164,[0.9972865],[0.01041826],[0.01041826]
1711587154313526883,[0.99695301],[0.0110399],[0.0110399]
1711587154315448043,[0.99691258],[0.01111292],[0.01111292]
1711587154317349736,[0.99621317],[0.01230744],[0.01230744]
1711587154379299362,[0.99743222],[0.01013465],[0.01013465]
1711587154381275737,[0.99646073],[0.01189835],[0.01189835]
1711587154445311638,[0.99706793],[0.01082971],[0.01082971]
1711587154447358558,[0.99671125],[0.01146953],[0.01146953]
1711587154449266383,[0.99632838],[0.01211878],[0.01211878]
1711587154513442737,[0.99628409],[0.01219165],[0.01219165]
1711587154515379187,[0.99723533],[0.01051603],[0.01051603]
1711587154517277905,[0.99653549],[0.01177202],[0.01177202]
1711587154578851623,[0.99647394],[0.01187613],[0.01187613]
1711587154580853467,[0.9963975],[0.01200417],[0.01200417]
1711587154582769047,[0.99630971],[0.01214955],[0.01214955]
1711587154584616737,[0.99621047],[0.01231184],[0.01231184]
1711587154586645763,[0.99610332],[0.01248467],[0.01248467]
1711587154651049787,[0.99556729],[0.01331572],[0.01331572]
1711587154714295423,[0.99540892],[0.0135515],[0.0135515]
1711587154716280376,[0.99610208],[0.01248666],[0.01248666]
1711587154718334871,[0.99552492],[0.01337921],[0.01337921]
1711587154720244610,[0.9953539],[0.01363247],[0.01363247]
1711587154813202910,[0.99516471],[0.01390725],[0.01390725]
1711587154814521248,[0.99549843],[0.01341875],[0.01341875]
1711587154815775515,[0.99422875],[0.01519375],[0.01519375]
1711587154818917808,[0.99457594],[0.01472965],[0.01472965]
1711587154881456441,[0.99430925],[0.01508741],[0.01508741]
1711587154883348235,[0.994083],[0.01538441],[0.01538441]
1711587154885270988,[0.99443248],[0.01492316],[0.01492316]
1711587154948280362,[0.99289453],[0.01685879],[0.01685879]
1711587154950284701,[0.99327112],[0.01640595],[0.01640595]
1711587154952235568,[0.99297106],[0.01676776],[0.01676776]
1711587154954141730,[0.99266604],[0.0171277],[0.0171277]
1711587155014010795,[0.99235689],[0.01748498],[0.01748498]
1711587155015946843,[0.99277133],[0.01700432],[0.01700432]
1711587155077325769,[0.99084254],[0.01913892],[0.01913892]
1711587155079318776,[0.99126573],[0.01869147],[0.01869147]
1711587155081228284,[0.98998551],[0.02001448],[0.02001448]
1711587155083196684,[0.99143738],[0.01850689],[0.01850689]
1711587155146042617,[0.99109789],[0.0188702],[0.0188702]
1711587155147949009,[0.98754858],[0.02231719],[0.02231719]
1711587155215582413,[0.99131724],[0.01863626],[0.01863626]
1711587155217659952,[0.98885825],[0.0211109],[0.0211109]
1711587155248505611,[0.98719757],[0.02262956],[0.02262956]
1711587155250354303,[0.98666441],[0.02309597],[0.02309597]
1711587155314901311,[0.9886468],[0.02131028],[0.02131028]
1711587155317169428,[0.98694502],[0.02285168],[0.02285168]
1711587155319062104,[0.98644233],[0.02328748],[0.02328748]
1711587155375976621,[0.98593109],[0.02372248],[0.02372248]
1711587155377950522,[0.98540271],[0.02416385],[0.02416385]
1711587155379850441,[0.98631338],[0.02339796],[0.02339796]
1711587155381829993,[0.9827331],[0.02628072],[0.02628072]
1711587155439483051,[0.9852682],[0.02427493],[0.02427493]
1711587155441466069,[0.98146506],[0.02722861],[0.02722861]
1711587155499717719,[0.98247707],[0.02647484],[0.02647484]
1711587155501639220,[0.98195959],[0.02686292],[0.02686292]
1711587155503522559,[0.97932029],[0.02876088],[0.02876088]
1711587155562756611,[0.98255195],[0.02641822],[0.02641822]
1711587155564675628,[0.97999722],[0.02828624],[0.02828624]
1711587155566600114,[0.97934949],[0.02874057],[0.02874057]
1711587155625898860,[0.98080769],[0.02770726],[0.02770726]
1711587155627958022,[0.97335175],[0.03264858],[0.03264858]
1711587155630419866,[0.97957805],[0.02858107],[0.02858107]
1711587155632990687,[0.97658085],[0.03060663],[0.03060663]
1711587155695423042,[0.97833924],[0.02943519],[0.02943519]
1711587155697375642,[0.9751898],[0.03150251],[0.03150251]
1711587155756478120,[0.97192428],[0.03351162],[0.03351162]
1711587155758526471,[0.97094086],[0.03409348],[0.03409348]
1711587155760409999,[0.97563432],[0.03121902],[0.03121902]
1711587155822036328,[0.97484305],[0.03172189],[0.03172189]
1711587155824633339,[0.97142954],[0.0338056],[0.0338056]
1711587155826499133,[0.97054357],[0.03432575],[0.03432575]
1711587155828361551,[0.96659392],[0.03655466],[0.03655466]
1711587155888482502,[0.95113797],[0.04420951],[0.04420951]
1711587155890555588,[0.97941788],[0.02869294],[0.02869294]
1711587155892628555,[0.97030736],[0.0344631],[0.0344631]
1711587155955520052,[0.96957968],[0.03488285],[0.03488285]
1711587155957531690,[0.96545901],[0.03717041],[0.03717041]
1711587155959477912,[0.96091566],[0.03953952],[0.03953952]
1711587156019289456,[0.96367047],[0.03812062],[0.03812062]
1711587156019943865,[0.96283063],[0.03855872],[0.03855872]
1711587156021924023,[0.96596908],[0.03689494],[0.03689494]
1711587156023781685,[0.95766501],[0.04115094],[0.04115094]
1711587156084075241,[0.96049029],[0.0397541],[0.0397541]
1711587156085987458,[0.95932334],[0.04033691],[0.04033691]
1711587156146606610,[0.96258928],[0.0386837],[0.0386837]
1711587156148659709,[0.95331211],[0.04321476],[0.04321476]
1711587156150562859,[0.95999017],[0.04000492],[0.04000492]
1711587156152436391,[0.95329353],[0.04322336],[0.04322336]
1711587156214329162,[0.95491012],[0.04246876],[0.04246876]
1711587156216253432,[0.9548746],[0.04248548],[0.04248548]
1711587156317668496,[0.94303293],[0.04773555],[0.04773555]
1711587156319601674,[0.96075419],[0.03962111],[0.03962111]
1711587156341766367,[0.95089373],[0.04431987],[0.04431987]
1711587156343648416,[0.95022458],[0.04462081],[0.04462081]
1711587156411648461,[0.94917807],[0.04508744],[0.04508744]
1711587156413524459,[0.94247736],[0.04796776],[0.04796776]
1711587156415364127,[0.94682245],[0.04612051],[0.04612051]
1711587156477346431,[0.94586136],[0.04653542],[0.04653542]
1711587156479310538,[0.94477142],[0.04700152],[0.04700152]
1711587156541155636,[0.93781951],[0.04987203],[0.04987203]
1711587156543147237,[0.94820743],[0.04551596],[0.04551596]
1711587156545005530,[0.94089163],[0.04862443],[0.04862443]
1711587156546835750,[0.93099145],[0.05253896],[0.05253896]
1711587156608409058,[0.93105804],[0.0525136],[0.0525136]
1711587156610345712,[0.95115038],[0.0442039],[0.0442039]
1711587156672589657,[0.94066291],[0.04871841],[0.04871841]
1711587156674533496,[0.93724162],[0.05010325],[0.05010325]
1711587156676384626,[0.9279936],[0.05366802],[0.05366802]
1711587156739676286,[0.92744194],[0.05387321],[0.05387321]
1711587156741641806,[0.94611288],[0.0464272],[0.0464272]
1711587156743520609,[0.93230742],[0.0520356],[0.0520356]
1711587156745541746,[0.93791176],[0.04983502],[0.04983502]
1711587156808865390,[0.93023177],[0.05282735],[0.05282735]
1711587156810785723,[0.92161844],[0.05599341],[0.05599341]
1711587156873113830,[0.92742838],[0.05387824],[0.05387824]
1711587156874370717,[0.9261938],[0.05433459],[0.05433459]
1711587156875636612,[0.92507414],[0.05474518],[0.05474518]
1711587156938554273,[0.93134872],[0.05240278],[0.05240278]
1711587156940555090,[0.91477321],[0.05838726],[0.05838726]
1711587156942449463,[0.92139969],[0.05607149],[0.05607149]
1711587156944324439,[0.92794952],[0.05368444],[0.05368444]
1711587157006652689,[0.91894114],[0.05694167],[0.05694167]
1711587157008647234,[0.91767708],[0.05738394],[0.05738394]
1711587157010568088,[0.91639982],[0.05782739],[0.05782739]
1711587157073053308,[0.90638547],[0.06119298],[0.06119298]
1711587157074966157,[0.91376547],[0.05873143],[0.05873143]
1711587157076853727,[0.91245638],[0.05917554],[0.05917554]
1711587157138912096,[0.91114647],[0.05961662],[0.05961662]
1711587157140983399,[0.91865594],[0.05704176],[0.05704176]
1711587157142880968,[0.89917149],[0.06350701],[0.06350701]
1711587157206337106,[0.90717804],[0.06093339],[0.06093339]
1711587157208242851,[0.90584005],[0.06137099],[0.06137099]
1711587157210398242,[0.9045045],[0.06180469],[0.06180469]
1711587157274265373,[0.90317509],[0.0622334],[0.0622334]
1711587157276268365,[0.91145174],[0.05951412],[0.05951412]
1711587157340535622,[0.90058442],[0.06306047],[0.06306047]
1711587157343376245,[0.89921073],[0.06349465],[0.06349465]
1711587157345287220,[0.89781275],[0.06393348],[0.06393348]
1711587157347174359,[0.88576659],[0.06759687],[0.06759687]
1711587157411220933,[0.90523854],[0.0615667],[0.0615667]
1711587157413220728,[0.88269854],[0.0684986],[0.0684986]
1711587157415093409,[0.90270075],[0.06238566],[0.06238566]
1711587157500637612,[0.85545301],[0.07603867],[0.07603867]
1711587157502504062,[0.91030056],[0.05989973],[0.05989973]
1711587157504338680,[0.89888387],[0.06359753],[0.06359753]
1711587157573532491,[0.87491191],[0.07073559],[0.07073559]
1711587157575392978,[0.88506737],[0.06780343],[0.06780343]
1711587157577249419,[0.89499914],[0.06480767],[0.06480767]
1711587157668783721,[0.87014338],[0.07207125],[0.07207125]
1711587157670762346,[0.89240009],[0.06560485],[0.06560485]
1711587157672659774,[0.87935426],[0.06946819],[0.06946819]
1711587157732198449,[0.87788373],[0.06989028],[0.06989028]
1711587157734085888,[0.86370534],[0.07383621],[0.07383621]
1711587157792862467,[0.88710366],[0.0672001],[0.0672001]
1711587157794752241,[0.87346882],[0.07114244],[0.07114244]
1711587157796635382,[0.87198538],[0.07155826],[0.07155826]
1711587157798590783,[0.87049865],[0.07197259],[0.07197259]
1711587157858502044,[0.84141514],[0.07964543],[0.07964543]
1711587157860426064,[0.89263432],[0.06553341],[0.06553341]
1711587157862421231,[0.86602921],[0.07320404],[0.07320404]
1711587157923506406,[0.86452154],[0.0736148],[0.0736148]
1711587157925419024,[0.84892365],[0.07773708],[0.07773708]
1711587157927328396,[0.86141849],[0.07445308],[0.07445308]
1711587157929206047,[0.85989867],[0.07486022],[0.07486022]
1711587157989914863,[0.84373232],[0.07906141],[0.07906141]
1711587157991872688,[0.88393211],[0.06813748],[0.06813748]
1711587157993815013,[0.85550275],[0.07602559],[0.07602559]
1711587158055397137,[0.83898098],[0.08025435],[0.08025435]
1711587158057391964,[0.85232742],[0.07685638],[0.07685638]
1711587158059329560,[0.86541177],[0.07337254],[0.07337254]
1711587158124397867,[0.84940851],[0.07761224],[0.07761224]
1711587158126363617,[0.83223918],[0.08191723],[0.08191723]
1711587158187654060,[0.83045413],[0.0823519],[0.0823519]
1711587158189657262,[0.87423616],[0.0709264],[0.0709264]
1711587158191552626,[0.84328395],[0.07917476],[0.07917476]
1711587158193399338,[0.82547119],[0.08355329],[0.08355329]
1711587158253928417,[0.84010981],[0.07997254],[0.07997254]
1711587158255831197,[0.8543326],[0.0763328],[0.0763328]
1711587158316115915,[0.820326],[0.08477594],[0.08477594]
1711587158318082797,[0.83544791],[0.08113004],[0.08113004]
1711587158319940309,[0.85013289],[0.07742535],[0.07742535]
1711587158380950584,[0.81518693],[0.08597978],[0.08597978]
1711587158382877409,[0.84730093],[0.07815346],[0.07815346]
1711587158384805426,[0.81171702],[0.08678317],[0.08678317]
1711587158386663079,[0.82761109],[0.08303949],[0.08303949]
1711587158446222533,[0.82603016],[0.08341938],[0.08341938]
1711587158447523625,[0.84159966],[0.07959908],[0.07959908]
1711587158449902842,[0.82292883],[0.08415965],[0.08415965]
1711587158509993387,[0.82133441],[0.0845377],[0.0845377]
1711587158512089868,[0.81974139],[0.08491375],[0.08491375]
1711587158513952920,[0.79945697],[0.08956406],[0.08956406]
1711587158577265892,[0.8164671],[0.08568148],[0.08568148]
1711587158607552625,[0.83295692],[0.08174181],[0.08174181]
1711587158669961057,[0.8134881],[0.08637405],[0.08637405]
1711587158671967075,[0.81348499],[0.08637477],[0.08637477]
1711587158673834115,[0.81390093],[0.0862784],[0.0862784]
1711587158764785066,[0.8143387],[0.08617686],[0.08617686]
1711587158766698586,[0.81481017],[0.08606738],[0.08606738]
1711587158768627825,[0.79638477],[0.09024749],[0.09024749]
1711587158770474296,[0.83379578],[0.0815363],[0.0815363]
1711587158832864715,[0.79753715],[0.08999174],[0.08999174]
1711587158834910229,[0.79801229],[0.08988609],[0.08988609]
1711587158836908443,[0.81565436],[0.08587098],[0.08587098]
1711587158897091695,[0.84949002],[0.07759123],[0.07759123]
1711587158958085207,[0.79347774],[0.09088944],[0.09088944]
1711587158959338808,[0.81110865],[0.08692326],[0.08692326]
1711587158960690267,[0.80958757],[0.08727254],[0.08727254]
1711587158961986279,[0.80807678],[0.08761808],[0.08761808]
1711587158965619575,[0.82547624],[0.08355208],[0.08355208]
1711587159026746433,[0.78516924],[0.09269968],[0.09269968]
1711587159028660334,[0.8228081],[0.08418834],[0.08418834]
1711587159030567191,[0.76062702],[0.09785152],[0.09785152]
1711587159091321153,[0.82012679],[0.08482292],[0.08482292]
1711587159093255773,[0.77869783],[0.09408553],[0.09408553]
1711587159095133574,[0.81757032],[0.08542357],[0.08542357]
1711587159156282114,[0.81638235],[0.08570126],[0.08570126]
1711587159216960660,[0.75214012],[0.09957106],[0.09957106]
1711587159218863979,[0.83298934],[0.08173388],[0.08173388]
1711587159220761328,[0.79255007],[0.09109334],[0.09109334]
1711587159222575086,[0.79122973],[0.09138277],[0.09138277]
1711587159224411037,[0.78992042],[0.09166888],[0.09166888]
1711587159287463105,[0.76690373],[0.09656009],[0.09656009]
1711587159289412229,[0.7653907],[0.09687297],[0.09687297]
1711587159291366874,[0.78587229],[0.09254787],[0.09254787]
1711587159353947343,[0.78458079],[0.09282655],[0.09282655]
1711587159355951142,[0.80444544],[0.0884431],[0.0884431]
1711587159357951053,[0.7820477],[0.09337072],[0.09337072]
1711587159419601045,[0.78073584],[0.0936513],[0.0936513]
1711587159421507848,[0.7080714],[0.10806084],[0.10806084]
1711587159486403887,[0.83950232],[0.08012432],[0.08012432]
1711587159487726724,[0.77652581],[0.09454611],[0.09454611]
1711587159489541762,[0.77505486],[0.09485676],[0.09485676]
1711587159491418037,[0.79564449],[0.0904114],[0.0904114]
1711587159555382807,[0.74858818],[0.10028197],[0.10028197]
1711587159557378420,[0.77017329],[0.09588049],[0.09588049]
1711587159559235949,[0.79093153],[0.09144801],[0.09144801]
1711587159561112604,[0.74242366],[0.10150396],[0.10150396]
1711587159625140866,[0.76422092],[0.09711418],[0.09711418]
1711587159627032891,[0.76197862],[0.09757487],[0.09757487]
1711587159692722375,[0.7595167],[0.09807819],[0.09807819]
1711587159694592158,[0.75683745],[0.09862303],[0.09862303]
1711587159696434098,[0.77801344],[0.0942309],[0.0942309]
1711587159720952797,[0.72553461],[0.10477889],[0.10477889]
1711587159790947609,[0.74786758],[0.10042558],[0.10042558]
1711587159792888858,[0.76961312],[0.09599727],[0.09599727]
1711587159794794129,[0.71484923],[0.10679902],[0.10679902]
1711587159893346606,[0.73781016],[0.10240895],[0.10240895]
1711587159895256645,[0.73423717],[0.10310438],[0.10310438]
1711587159897365254,[0.73055131],[0.10381689],[0.10381689]
1711587159964467598,[0.72673439],[0.10454963],[0.10454963]
1711587159966344474,[0.72273393],[0.10531212],[0.10531212]
1711587160034600044,[0.68966481],[0.11141547],[0.11141547]
1711587160035860793,[0.74214958],[0.10155795],[0.10155795]
1711587160037096975,[0.68026948],[0.11308944],[0.11308944]
1711587160040002017,[0.70548962],[0.10853762],[0.10853762]
1711587160106989520,[0.73024942],[0.10387504],[0.10387504]
1711587160108945517,[0.72631762],[0.10462932],[0.10462932]
1711587160110870255,[0.69219546],[0.11096027],[0.11096027]
1711587160112723596,[0.68746205],[0.11181019],[0.11181019]
1711587160180684911,[0.68262475],[0.11267213],[0.11267213]
1711587160182635348,[0.67771205],[0.11354082],[0.11354082]
1711587160252500633,[0.6390018],[0.12016625],[0.12016625]
1711587160254492729,[0.66729581],[0.11536103],[0.11536103]
1711587160256413970,[0.66210055],[0.11625824],[0.11625824]
1711587160258429451,[0.69043452],[0.11127722],[0.11127722]
1711587160325577674,[0.65181908],[0.11801371],[0.11801371]
1711587160327463837,[0.64643958],[0.11892189],[0.11892189]
1711587160394127284,[0.60405221],[0.12584877],[0.12584877]
1711587160396004040,[0.63522766],[0.12079277],[0.12079277]
1711587160398257213,[0.62966981],[0.12170952],[0.12170952]
1711587160464338829,[0.6608341],[0.1164759],[0.1164759]
1711587160466216216,[0.57944591],[0.12970028],[0.12970028]
1711587160532562076,[0.61275952],[0.1244573],[0.1244573]
1711587160534497434,[0.60715657],[0.12535445],[0.12535445]
1711587160536381734,[0.60159603],[0.1262385],[0.1262385]
1711587160538235937,[0.59609168],[0.12710756],[0.12710756]
1711587160605590503,[0.59068792],[0.127955],[0.127955]
1711587160607508638,[0.58533747],[0.12878859],[0.12878859]
1711587160608747595,[0.62114349],[0.12310264],[0.12310264]
1711587160675462531,[0.57517592],[0.13035706],[0.13035706]
1711587160677437835,[0.57004222],[0.13114233],[0.13114233]
1711587160679373574,[0.56496702],[0.13191406],[0.13191406]
1711587160778449741,[0.51772227],[0.13889244],[0.13889244]
1711587160780322400,[0.56368606],[0.13210813],[0.13210813]
1711587160782171022,[0.60722658],[0.12534328],[0.12534328]
1711587160848984684,[0.52151912],[0.13834463],[0.13834463]
1711587160851645468,[0.52303115],[0.13812586],[0.13812586]
1711587160852896919,[0.61087852],[0.1247592],[0.1247592]
1711587160920438104,[0.57030496],[0.13110226],[0.13110226]
1711587160922473242,[0.61359675],[0.12432268],[0.12432268]
1711587160924375828,[0.57352462],[0.13061017],[0.13061017]
1711587160993890461,[0.57537496],[0.13032652],[0.13032652]
1711587161018331117,[0.53410654],[0.13651278],[0.13651278]
1711587161020186993,[0.57965901],[0.12966742],[0.12966742]
1711587161086875321,[0.58194774],[0.12931392],[0.12931392]
1711587161088776925,[0.54183678],[0.13537551],[0.13537551]
1711587161090680742,[0.66539188],[0.11569064],[0.11569064]
1711587161157744082,[0.54751419],[0.13453413],[0.13453413]
1711587161159734825,[0.5926223],[0.12765229],[0.12765229]
1711587161161720069,[0.59572115],[0.12716585],[0.12716585]
1711587161229051302,[0.55791119],[0.13297952],[0.13297952]
1711587161230990236,[0.6025033],[0.12609468],[0.12609468]
1711587161232876871,[0.64443235],[0.11925899],[0.11925899]
1711587161299575900,[0.60969284],[0.12494913],[0.12494913]
1711587161301567716,[0.65127124],[0.11810652],[0.11810652]
1711587161303470001,[0.53751357],[0.13601271],[0.13601271]
1711587161368475613,[0.69378857],[0.11067275],[0.11067275]
1711587161370361075,[0.58779398],[0.12840654],[0.12840654]
1711587161372275674,[0.66651499],[0.11549632],[0.11549632]
1711587161436938308,[0.6348573],[0.12085408],[0.12085408]
1711587161438879737,[0.63939254],[0.1201012],[0.1201012]
1711587161440791490,[0.64396704],[0.11933699],[0.11933699]
1711587161442670260,[0.61269425],[0.12446779],[0.12446779]
1711587161507675978,[0.68715763],[0.11186463],[0.11186463]
1711587161509553154,[0.62308326],[0.12278709],[0.12278709]
1711587161576626194,[0.47450028],[0.14498272],[0.14498272]
1711587161578033754,[0.81353406],[0.0863634],[0.0863634]
1711587161580018706,[0.63932991],[0.12011163],[0.12011163]
1711587161581906874,[0.73882604],[0.10221036],[0.10221036]
1711587161678194213,[0.68212849],[0.11276019],[0.11276019]
1711587161680088553,[0.68690585],[0.11190963],[0.11190963]
1711587161681915503,[0.66019367],[0.11658582],[0.11658582]
1711587161748161852,[0.72609853],[0.10467119],[0.10467119]
1711587161750219664,[0.7010734],[0.10934836],[0.10934836]
1711587161752116989,[0.70572961],[0.10849339],[0.10849339]
1711587161818255092,[0.71037726],[0.10763322],[0.10763322]
1711587161820206781,[0.68584511],[0.11209904],[0.11209904]
1711587161822132611,[0.7470207],[0.1005941],[0.1005941]
1711587161888086430,[0.69592955],[0.11028517],[0.11028517]
1711587161889973586,[0.75516905],[0.09896079],[0.09896079]
1711587161891870932,[0.70571744],[0.10849563],[0.10849563]
1711587161958186885,[0.76298042],[0.09736931],[0.09736931]
1711587161960047740,[0.74148038],[0.10168965],[0.10168965]
1711587161961929175,[0.71965883],[0.10589451],[0.10589451]
1711587161963882327,[0.74989185],[0.10002163],[0.10002163]
1711587162032325062,[0.77779018],[0.09427827],[0.09427827]
1711587162034188643,[0.73285271],[0.10337259],[0.10337259]
1711587162036014712,[0.78478661],[0.09278219],[0.09278219]
1711587162102662159,[0.76522044],[0.09690811],[0.09690811]
1711587162104608297,[0.76896081],[0.09613307],[0.09613307]
1711587162173345605,[0.74932311],[0.10013529],[0.10013529]
1711587162175219285,[0.75336491],[0.09932474],[0.09932474]
1711587162197189782,[0.82149827],[0.08449893],[0.08449893]
1711587162263491661,[0.78280287],[0.09320883],[0.09320883]
1711587162264775203,[0.78607437],[0.09250419],[0.09250419]
1711587162265999302,[0.76778177],[0.09637805],[0.09637805]
1711587162267277854,[0.77140554],[0.09562311],[0.09562311]
1711587162335987881,[0.81563514],[0.08587546],[0.08587546]
1711587162338016948,[0.81817426],[0.08528206],[0.08528206]
1711587162339927930,[0.75975104],[0.0980304],[0.0980304]
1711587162341821778,[0.84142041],[0.0796441],[0.0796441]
1711587162412385546,[0.8067905],[0.0879112],[0.0879112]
1711587162414397681,[0.7899556],[0.0916612],[0.0916612]
1711587162512458851,[0.79289986],[0.09101651],[0.09101651]
1711587162580324453,[0.33458178],[0.16314634],[0.16314634]
1711587162582244963,[0.80048528],[0.08933414],[0.08933414]
1711587162584132700,[0.8212929],[0.08454753],[0.08454753]
1711587162650706734,[0.82342782],[0.08404099],[0.08404099]
1711587162652579412,[0.84246734],[0.07938077],[0.07938077]
1711587162718771970,[0.82742537],[0.08308421],[0.08308421]
1711587162720840201,[0.81191929],[0.08673655],[0.08673655]
1711587162722954206,[0.83133943],[0.08213661],[0.08213661]
1711587162725023991,[0.8161443],[0.0857568],[0.0857568]
1711587162791474123,[0.83511514],[0.08121203],[0.08121203]
1711587162793413038,[0.86782097],[0.07271287],[0.07271287]
1711587162795316335,[0.83849956],[0.08037423],[0.08037423]
1711587162862316976,[0.8238231],[0.08394687],[0.08394687]
1711587162864184765,[0.8572058],[0.07557624],[0.07557624]
1711587162930978649,[0.82723628],[0.08312971],[0.08312971]
1711587162932895342,[0.84481989],[0.07878581],[0.07878581]
1711587162934732772,[0.86122517],[0.07450499],[0.07450499]
1711587163001678489,[0.84761043],[0.07807421],[0.07807421]
1711587163003654735,[0.83353897],[0.08159927],[0.08159927]
1711587163005586767,[0.83507253],[0.08122253],[0.08122253]
1711587163072789973,[0.86615617],[0.07316935],[0.07316935]
1711587163074657501,[0.852926],[0.07670046],[0.07670046]
1711587163075990058,[0.86817864],[0.07261442],[0.07261442]
1711587163142809813,[0.8527968],[0.07673414],[0.07673414]
1711587163145397418,[0.8348231],[0.08128392],[0.08128392]
1711587163245612421,[0.84783008],[0.07801793],[0.07801793]
1711587163247529094,[0.84563065],[0.07857973],[0.07857973]
1711587163249441468,[0.84349822],[0.07912061],[0.07912061]
1711587163316345683,[0.84145461],[0.07963552],[0.07963552]
1711587163317594429,[0.8552279],[0.07609786],[0.07609786]
1711587163387766871,[0.82112092],[0.0845882],[0.0845882]
1711587163389075020,[0.83595904],[0.08100394],[0.08100394]
1711587163390363462,[0.81725057],[0.0854984],[0.0854984]
1711587163391682132,[0.86444939],[0.0736344],[0.0736344]
1711587163395491701,[0.81386769],[0.08628611],[0.08628611]
1711587163465977950,[0.84634041],[0.07839887],[0.07839887]
1711587163467872520,[0.82840056],[0.08284913],[0.08284913]
1711587163489921701,[0.79070102],[0.09149841],[0.09149841]
1711587163559989331,[0.84273167],[0.07931414],[0.07931414]
1711587163561349810,[0.84170534],[0.07957252],[0.07957252]
1711587163563201498,[0.82350382],[0.0840229],[0.0840229]
1711587163633088815,[0.82247766],[0.0842668],[0.0842668]
1711587163634993495,[0.82158551],[0.08447828],[0.08447828]
1711587163637207411,[0.82204858],[0.08436858],[0.08436858]
1711587163706694074,[0.82335323],[0.08405874],[0.08405874]
1711587163708660231,[0.80675139],[0.0879201],[0.0879201]
1711587163778434763,[0.84297946],[0.07925163],[0.07925163]
1711587163780423212,[0.82723194],[0.08313075],[0.08313075]
1711587163782318103,[0.82844566],[0.08283824],[0.08283824]
1711587163784235727,[0.82963569],[0.08255042],[0.08255042]
1711587163853974999,0,[0.33146023],[0.33146023]
1711587163855827238,[0.83528387],[0.08117047],[0.08117047]
1711587163857719244,[0.83635915],[0.08090509],[0.08090509]
1711587163927405000,[0.83739493],[0.08064864],[0.08064864]
1711587163929360589,[0.85414773],[0.07638122],[0.07638122]
1711587163931871438,[0.82294085],[0.08415679],[0.08415679]
1711587163933741663,[0.8404264],[0.07989333],[0.07989333]
1711587164033834307,[0.82518263],[0.08362234],[0.08362234]
1711587164035710472,[0.84242773],[0.07939075],[0.07939075]
1711587164037547062,[0.81055215],[0.08705121],[0.08705121]
1711587164108829859,[0.88754502],[0.06706862],[0.06706862]
1711587164110804505,[0.82937122],[0.08261447],[0.08261447]
1711587164112683657,[0.87535679],[0.07060969],[0.07060969]
1711587164184963916,0,[0.3154394],[0.3154394]
1711587164186851955,[0.85050068],[0.07733028],[0.07733028]
1711587164258192252,[0.85133718],[0.07711364],[0.07711364]
1711587164260110920,[0.86655852],[0.07305928],[0.07305928]
1711587164262004279,[0.83789024],[0.08052571],[0.08052571]
1711587164263847021,[0.85359234],[0.07652651],[0.07652651]
1711587164333300222,[0.85298999],[0.07668377],[0.07668377]
1711587164335538786,[0.86660978],[0.07304525],[0.07304525]
1711587164337537268,[0.83620406],[0.08094342],[0.08094342]
1711587164407451807,[0.86526767],[0.07341181],[0.07341181]
1711587164409374814,[0.85005651],[0.07744508],[0.07744508]
1711587164479730473,[0.84941793],[0.07760981],[0.07760981]
1711587164481761317,[0.83334277],[0.08164735],[0.08164735]
1711587164483776030,[0.84832772],[0.07789025],[0.07789025]
1711587164485744595,[0.84785616],[0.07801124],[0.07801124]
1711587164563558919,[0.84740975],[0.0781256],[0.0781256]
1711587164565633738,[0.86191163],[0.07432049],[0.07432049]
1711587164567910927,[0.84660811],[0.07833055],[0.07833055]
1711587164659775643,0,[0.39682515],[0.39682515]
1711587164662000386,[0.84476402],[0.07879999],[0.07879999]
1711587164663878235,[0.84454487],[0.0788556],[0.0788556]
1711587164765422962,[0.8443387],[0.07890787],[0.07890787]
1711587164767432104,[0.8441481],[0.07895617],[0.07895617]
1711587164769346735,[0.84396902],[0.07900151],[0.07900151]
1711587164841271418,[0.85904064],[0.07508911],[0.07508911]
1711587164843255773,[0.84366772],[0.07907775],[0.07907775]
1711587164845122150,[0.81065961],[0.08702652],[0.08702652]
1711587164913510528,0,[0.3088168],[0.3088168]
1711587164915376084,[0.84299],[0.07924898],[0.07924898]
1711587164917257049,[0.84293003],[0.07926411],[0.07926411]
1711587164919142392,[0.8428531],[0.07928352],[0.07928352]
1711587164987144436,[0.84278498],[0.0793007],[0.0793007]
1711587164989204647,[0.84272304],[0.07931632],[0.07931632]
1711587164991108958,[0.84266474],[0.07933102],[0.07933102]
1711587165059399246,[0.84260789],[0.07934535],[0.07934535]
1711587165061375725,[0.84255711],[0.07935815],[0.07935815]
1711587165063227034,[0.84251264],[0.07936935],[0.07936935]
1711587165065024047,[0.84246554],[0.07938122],[0.07938122]
1711587165133104141,[0.84242666],[0.07939102],[0.07939102]
1711587165135038129,[0.82624539],[0.08336777],[0.08336777]
1711587165202717450,[0.84236683],[0.07940609],[0.07940609]
1711587165204597574,[0.85771263],[0.075442],[0.075442]
1711587165206488869,[0.82617129],[0.08338554],[0.08338554]
1711587165275722867,[0.82615906],[0.08338847],[0.08338847]
1711587165277832753,[0.85770087],[0.07544512],[0.07544512]
1711587165279734518,[0.85771509],[0.07544134],[0.07544134]
1711587165281668987,[0.84231236],[0.07941981],[0.07941981]
1711587165350381290,[0.84233677],[0.07941366],[0.07941366]
1711587165352321059,[0.84236597],[0.0794063],[0.0794063]
1711587165455022861,0,[0.40487246],[0.40487246]
1711587165457014785,[0.87242192],[0.07143615],[0.07143615]
1711587165525615998,[0.82638058],[0.08333533],[0.08333533]
1711587165527656650,[0.84254708],[0.07936068],[0.07936068]
1711587165529592040,[0.84258404],[0.07935136],[0.07935136]
1711587165531522521,[0.85796562],[0.0753749],[0.0753749]
1711587165605037020,[0.82648562],[0.08331011],[0.08331011]
1711587165606322337,[0.84266436],[0.07933111],[0.07933111]
1711587165699898532,[0.82654885],[0.08329493],[0.08329493]
1711587165701930738,[0.84271171],[0.07931918],[0.07931918]
1711587165703911025,[0.87262085],[0.07138043],[0.07138043]
1711587165776532612,[0.84276821],[0.07930493],[0.07930493]
1711587165778641026,[0.84280201],[0.0792964],[0.0792964]
1711587165780618127,[0.82671033],[0.08325615],[0.08325615]
1711587165782518499,[0.84285133],[0.07928396],[0.07928396]
1711587165853662868,0,[0.31700753],[0.31700753]
1711587165856144451,[0.79243204],[0.09111925],[0.09111925]
1711587165858039052,[0.87288762],[0.07130565],[0.07130565]
1711587165927286697,[0.85840778],[0.07525748],[0.07525748]
1711587165929218240,[0.85840428],[0.07525841],[0.07525841]
1711587165931124313,[0.82707028],[0.08316964],[0.08316964]
1711587166000270433,[0.85845438],[0.0752451],[0.0752451]
1711587166002289143,[0.82711563],[0.08315873],[0.08315873]
1711587166004211368,[0.84321256],[0.07919279],[0.07919279]
1711587166072787197,[0.8585223],[0.07522704],[0.07522704]
1711587166074701416,[0.82720441],[0.08313738],[0.08313738]
1711587166076543997,[0.84329817],[0.07917116],[0.07917116]
1711587166177689931,[0.85860691],[0.07520455],[0.07520455]
1711587166179597317,[0.84336925],[0.0791532],[0.0791532]
1711587166250955430,0,[0.39560198],[0.39560198]
1711587166252928923,[0.82760321],[0.08304139],[0.08304139]
1711587166254883580,[0.85892323],[0.07512038],[0.07512038]
1711587166325143215,[0.84373127],[0.07906168],[0.07906168]
1711587166327017087,[0.8277819],[0.08299834],[0.08299834]
1711587166397049787,[0.84385532],[0.07903029],[0.07903029]
1711587166398970410,[0.84391283],[0.07901574],[0.07901574]
1711587166400816901,[0.85918092],[0.07505174],[0.07505174]
1711587166473574045,[0.84403218],[0.07898552],[0.07898552]
1711587166475511440,[0.84409799],[0.07896886],[0.07896886]
1711587166477396134,[0.82819618],[0.08289845],[0.08289845]
1711587166546938270,[0.84423146],[0.07893505],[0.07893505]
1711587166548955768,[0.82834203],[0.08286325],[0.08286325]
1711587166550866452,[0.84438381],[0.07889644],[0.07889644]
1711587166552755935,[0.8596201],[0.07493461],[0.07493461]
1711587166623478989,[0.77613332],[0.0946291],[0.0946291]
1711587166625382539,[0.91259759],[0.0591278],[0.0591278]
1711587166627287132,[0.8287787],[0.08275779],[0.08275779]
1711587166701114662,[0.84479514],[0.0787921],[0.0787921]
1711587166703147450,[0.84489005],[0.078768],[0.078768]
1711587166705137034,[0.86012073],[0.07480087],[0.07480087]
1711587166781488260,[0.84512274],[0.0787089],[0.0787089]
1711587166832927769,[0.84525521],[0.07867523],[0.07867523]
1711587166834791102,[0.84539412],[0.07863991],[0.07863991]
1711587166907313497,0,[0.3298312],[0.3298312]
1711587166909122907,[0.90160648],[0.06273548],[0.06273548]
1711587166910971322,[0.83069675],[0.08229295],[0.08229295]
1711587166912900982,[0.86159111],[0.07440669],[0.07440669]
1711587166984988145,0,[0.3166512],[0.3166512]
1711587166986829146,[0.84774941],[0.0780386],[0.0780386]
1711587166988704883,[0.8479881],[0.07797741],[0.07797741]
1711587167060749985,[0.84821645],[0.07791882],[0.07791882]
1711587167062656731,[0.84844618],[0.07785983],[0.07785983]
1711587167064481160,[0.84866994],[0.07780233],[0.07780233]
1711587167136605152,[0.84887969],[0.07774839],[0.07774839]
1711587167138473184,[0.86379835],[0.07381102],[0.07381102]
1711587167211463064,[0.84925318],[0.07765226],[0.07765226]
1711587167213351986,[0.83397952],[0.08149122],[0.08149122]
1711587167215238885,[0.84954852],[0.07757615],[0.07757615]
1711587167217150741,[0.84964002],[0.07755256],[0.07755256]
1711587167288587851,[0.86436223],[0.07365807],[0.07365807]
1711587167290482083,[0.83433064],[0.081405],[0.081405]
1711587167292358552,[0.86431618],[0.07367057],[0.07367057]
1711587167363895912,[0.83413622],[0.08145275],[0.08145275]
1711587167365873811,[0.84938093],[0.07761935],[0.07761935]
1711587167367768995,[0.84913248],[0.07768334],[0.07768334]
1711587167439903882,[0.84880296],[0.07776813],[0.07776813]
1711587167441910619,[0.84826887],[0.07790536],[0.07790536]
1711587167444160892,[0.86246207],[0.07417221],[0.07417221]
1711587167546354658,0,[0.31885668],[0.31885668]
1711587167548320507,[0.85692644],[0.07565013],[0.07565013]
1711587167550142922,[0.83966404],[0.08008395],[0.08008395]
1711587167624082939,[0.83767397],[0.08057941],[0.08057941]
1711587167626006478,[0.83554632],[0.08110578],[0.08110578]
1711587167627896522,[0.83328374],[0.08166181],[0.08166181]
1711587167629758853,[0.81344085],[0.08638499],[0.08638499]
1711587167700928120,[0.82811254],[0.08291863],[0.08291863]
1711587167702780352,[0.8073425],[0.08778553],[0.08778553]
1711587167774745272,[0.83961615],[0.08009591],[0.08009591]
1711587167776652910,[0.81921979],[0.08503651],[0.08503651]
1711587167778525631,[0.81594534],[0.08580318],[0.08580318]
1711587167851732079,0,[0.34694605],[0.34694605]
1711587167853663292,[0.79756721],[0.08998506],[0.08998506]
1711587167855508261,[0.79347555],[0.09088992],[0.09088992]
1711587167927405314,[0.76754267],[0.09642766],[0.09642766]
1711587167929292824,[0.80580492],[0.08813514],[0.08813514]
1711587167931171356,[0.75785588],[0.09841628],[0.09841628]
1711587167932992629,[0.77568708],[0.09472337],[0.09472337]
1711587168005231481,[0.7934477],[0.09089605],[0.09089605]
1711587168007124891,[0.76648122],[0.09664756],[0.09664756]
1711587168079763690,[0.73706025],[0.1025553],[0.1025553]
1711587168081699963,[0.78030964],[0.09374228],[0.09374228]
1711587168083611909,[0.75170192],[0.09965903],[0.09965903]
1711587168085445445,[0.74663011],[0.10067172],[0.10067172]
1711587168157462322,[0.74150594],[0.10168462],[0.10168462]
1711587168159314995,[0.73628849],[0.1027057],[0.1027057]
1711587168232085085,[0.70322401],[0.1089543],[0.1089543]
1711587168234031146,[0.72527757],[0.10482794],[0.10482794]
1711587168235278381,[0.74724155],[0.10055018],[0.10055018]
1711587168237791597,[0.68514007],[0.11222476],[0.11222476]
1711587168342543375,0,[0.43792794],[0.43792794]
1711587168344431054,[0.68616764],[0.11204149],[0.11204149]
1711587168419628985,[0.64749682],[0.11874396],[0.11874396]
1711587168420925214,[0.70621509],[0.10840386],[0.10840386]
1711587168422142942,[0.70117234],[0.10933026],[0.10933026]
1711587168424553241,[0.66314494],[0.11607843],[0.11607843]
1711587168426429509,[0.65721284],[0.11709606],[0.11709606]
1711587168500856307,[0.61536873],[0.1240373],[0.1240373]
1711587168502100466,[0.67980695],[0.11317121],[0.11317121]
1711587168577972416,[0.63945273],[0.12009118],[0.12009118]
1711587168580826924,[0.59580363],[0.12715288],[0.12715288]
1711587168583062189,[0.66376739],[0.11597114],[0.11597114]
1711587168657738253,0,[0.51049136],[0.51049136]
1711587168659665388,[0.63649333],[0.12058303],[0.12058303]
1711587168660941649,[0.63130744],[0.12144012],[0.12144012]
1711587168734999900,[0.4513961],[0.1481356],[0.1481356]
1711587168736248969,[0.659067],[0.11677894],[0.11677894]
1711587168738110268,[0.57346342],[0.13061954],[0.13061954]
1711587168739929907,[0.56753505],[0.13152413],[0.13152413]
1711587168816606377,[0.60448607],[0.1257798],[0.1257798]
1711587168818562929,[0.46239526],[0.14664307],[0.14664307]
1711587168899385507,[0.63535806],[0.12077118],[0.12077118]
1711587168901294818,[0.5442247],[0.13502227],[0.13502227]
1711587168903182287,[0.53828925],[0.1358986],[0.1358986]
1711587168927810142,[0.53237276],[0.13676655],[0.13676655]
1711587169003897695,0,[0.55553213],[0.55553213]
1711587169005817116,[0.45229438],[0.14801427],[0.14801427]
1711587169110587489,[0.54649471],[0.1346856],[0.1346856]
1711587169111911191,[0.49199735],[0.14254861],[0.14254861]
1711587169113860719,[0.48632505],[0.14334224],[0.14334224]
1711587169115775320,[0.4806535],[0.1441314],[0.1441314]
1711587169191957232,0,[0.59168166],[0.59168166]
1711587169193826026,[0.45233463],[0.14800883],[0.14800883]
1711587169195688547,[0.5008796],[0.14129691],[0.14129691]
1711587169272814857,[0.4416075],[0.14945133],[0.14945133]
1711587169274766379,[0.43613121],[0.1501824],[0.1501824]
1711587169276644581,[0.43067116],[0.15090777],[0.15090777]
1711587169352744105,[0.36616059],[0.15922806],[0.15922806]
1711587169354794556,[0.47624067],[0.14474244],[0.14474244]
1711587169432193477,[0.41437103],[0.1530528],[0.1530528]
1711587169433445311,[0.40895926],[0.15375835],[0.15375835]
1711587169434700081,[0.34228191],[0.16219964],[0.16219964]
1711587169437191695,[0.3978923],[0.1551912],[0.1551912]
1711587169515539540,0,[0.77825186],[0.77825186]
1711587169518027398,[0.16127066],[0.18316433],[0.18316433]
1711587169519905600,[0.53797861],[0.13594431],[0.13594431]
1711587169596037597,[0.35565547],[0.16054215],[0.16054215]
1711587169597949473,[0.35037059],[0.16119918],[0.16119918]
1711587169708061130,[0.27781961],[0.16996239],[0.16996239]
1711587169710078037,[0.33956927],[0.16253378],[0.16253378]
1711587169712084363,[0.26593906],[0.17135471],[0.17135471]
1711587169713951364,[0.39437922],[0.15564328],[0.15564328]
1711587169792620253,0,[0.65332454],[0.65332454]
1711587169794484408,[0.23152861],[0.175325],[0.175325]
1711587169796344385,[0.29760938],[0.1676175],[0.1676175]
1711587169871394202,[0.36151004],[0.15981113],[0.15981113]
1711587169873370050,[0.21424051],[0.17728615],[0.17728615]
1711587169875219046,[0.28192397],[0.16947873],[0.16947873]
1711587169948896792,[0.20242133],[0.17861452],[0.17861452]
1711587169950868262,[0.34238204],[0.16218729],[0.16218729]
1711587169952724952,[0.26619506],[0.17132483],[0.17132483]
1711587170029225013,[0.33312741],[0.16332454],[0.16332454]
1711587170057774136,[0.17955351],[0.181157],[0.181157]
1711587170059592764,[0.32363457],[0.16448288],[0.16448288]
1711587170061470555,[0.16797917],[0.18243035],[0.18243035]
1711587170137238959,0,[0.51388247],[0.51388247]
1711587170139206081,[0.16802365],[0.18242548],[0.18242548]
1711587170141076809,[0.2479454],[0.17344216],[0.17344216]
1711587170142919783,[0.25052266],[0.17314472],[0.17314472]
1711587170222058680,[0.32612582],[0.16417968],[0.16417968]
1711587170224016323,[0.18019863],[0.18108577],[0.18108577]
1711587170226200300,[0.25984033],[0.17206507],[0.17206507]
1711587170350808119,0,[0.68363351],[0.68363351]
1711587170428918776,[0.28183124],[0.16948968],[0.16948968]
1711587170431104385,[0.35719474],[0.16035027],[0.16035027]
1711587170435451699,[0.22200377],[0.17640819],[0.17640819]
1711587170438639945,[0.30149301],[0.16715346],[0.16715346]
1711587170441757297,[0.30881707],[0.16627482],[0.16627482]
1711587170518228592,0,[0.65539907],[0.65539907]
1711587170520366470,[0.35073394],[0.1611541],[0.1611541]
1711587170597542519,[0.4223525],[0.15200625],[0.15200625]
1711587170601601913,0,[0.20617184],[0.20617184]
1711587170603736155,[0.65242341],[0.11791125],[0.11791125]
1711587170607002722,[0.39143793],[0.15602078],[0.15602078]
1711587170684246919,[0.40252792],[0.15459264],[0.15459264]
1711587170686288323,[0.47071647],[0.14550375],[0.14550375]
1711587170688399400,[0.42458974],[0.1517116],[0.1517116]
1711587170763149541,[0.43623382],[0.15016873],[0.15016873]
1711587170765022353,[0.39185576],[0.15596721],[0.15596721]
1711587170766859326,[0.46061456],[0.14688573],[0.14688573]
1711587170768719413,[0.47243037],[0.14526798],[0.14526798]
1711587170844033976,[0.53441301],[0.13646787],[0.13646787]
1711587170845924521,[0.44466136],[0.14904209],[0.14904209]
1711587170923114099,0,[0.54336907],[0.54336907]
1711587170925125635,[0.51158461],[0.13977344],[0.13977344]
1711587170927191056,[0.56903772],[0.13129544],[0.13129544]
1711587171007028862,[0.58061507],[0.12951987],[0.12951987]
1711587171008974933,[0.59194286],[0.1277587],[0.1277587]
1711587171010874816,[0.60315445],[0.12599136],[0.12599136]
1711587171119682890,0,[0.59790303],[0.59790303]
1711587171121573726,[0.66546402],[0.11567817],[0.11567817]
1711587171197384130,[0.67492521],[0.11403066],[0.11403066]
1711587171199345240,[0.68408386],[0.11241284],[0.11241284]
1711587171201221387,[0.69299718],[0.11081567],[0.11081567]
1711587171275584903,[0.7016629],[0.10924049],[0.10924049]
1711587171277576392,[0.68058969],[0.11303279],[0.11303279]
1711587171279461497,[0.71841922],[0.10612837],[0.10612837]
1711587171354531052,[0.72629508],[0.10463363],[0.10463363]
1711587171356527821,[0.73385722],[0.10317806],[0.10317806]
1711587171358538726,[0.76619761],[0.09670623],[0.09670623]
1711587171435127477,[0.74791613],[0.10041591],[0.10041591]
1711587171437057799,[0.75464432],[0.09906678],[0.09906678]
1711587171438896736,[0.76111297],[0.09775214],[0.09775214]
1711587171440886481,[0.76744605],[0.09644769],[0.09644769]
1711587171515384363,0,[0.28645321],[0.28645321]
1711587171517261632,[0.79069559],[0.0914996],[0.0914996]
1711587171519378436,[0.79601989],[0.09032831],[0.09032831]
1711587171521386846,[0.80113189],[0.08918926],[0.08918926]
1711587171596479622,[0.82479315],[0.08371544],[0.08371544]
1711587171598381499,[0.79106363],[0.09141912],[0.09141912]
1711587171600333292,[0.81497369],[0.08602937],[0.08602937]
1711587171704459222,[0.81914469],[0.08505417],[0.08505417]
1711587171706313328,[0.82324873],[0.08408359],[0.08408359]
1711587171708205616,[0.84392062],[0.07901377],[0.07901377]
1711587171782778968,0,[0.32413169],[0.32413169]
1711587171784885195,[0.82815447],[0.08290851],[0.08290851]
1711587171786777865,[0.86203232],[0.074288],[0.074288]
1711587171862456116,[0.83463696],[0.08132971],[0.08132971]
1711587171864435441,[0.85288156],[0.07671204],[0.07671204]
1711587171866364409,[0.85558458],[0.07600406],[0.07600406]
1711587171868272839,[0.85814004],[0.0753286],[0.0753286]
1711587171943893567,[0.87407443],[0.07097199],[0.07097199]
1711587171945787518,[0.84882859],[0.07776154],[0.07776154]
1711587171947702980,[0.86518095],[0.07343543],[0.07343543]
1711587172023095900,[0.88027548],[0.06920246],[0.06920246]
1711587172024998166,[0.86926392],[0.07231489],[0.07231489]
1711587172026828976,[0.87104164],[0.07182154],[0.07182154]
1711587172103050594,[0.85904615],[0.07508764],[0.07508764]
1711587172104905140,[0.87151252],[0.0716903],[0.0716903]
1711587172106750969,[0.86970223],[0.07219356],[0.07219356]
1711587172183236161,0,[0.36771077],[0.36771077]
1711587172185168666,[0.86048738],[0.07470278],[0.07470278]
1711587172187073859,[0.87301161],[0.07127086],[0.07127086]
1711587172293123762,[0.84360643],[0.07909325],[0.07909325]
1711587172295079091,[0.8710472],[0.07182],[0.07182]
1711587172296957632,[0.84135766],[0.07965986],[0.07965986]
1711587172372998604,[0.8693039],[0.07230383],[0.07230383]
1711587172374911160,[0.85434487],[0.07632958],[0.07632958]
1711587172452532472,0,[0.38439547],[0.38439547]
1711587172454656729,[0.83521067],[0.08118851],[0.08118851]
1711587172456563415,[0.86469687],[0.07356715],[0.07356715]
1711587172533399105,[0.83425473],[0.08142365],[0.08142365]
1711587172535298126,[0.84929226],[0.07764219],[0.07764219]
1711587172537224710,[0.84896425],[0.07772664],[0.07772664]
1711587172616891502,[0.86344852],[0.07390574],[0.07390574]
1711587172618847823,[0.84848447],[0.07784999],[0.07784999]
1711587172620734710,[0.84823375],[0.07791438],[0.07791438]
1711587172697324634,[0.84802909],[0.07796689],[0.07796689]
1711587172699264673,[0.83225722],[0.08191283],[0.08191283]
1711587172806322960,0,[0.38653075],[0.38653075]
1711587172808230217,[0.84730298],[0.07815293],[0.07815293]
1711587172887628845,[0.84728951],[0.07815638],[0.07815638]
1711587172889619691,[0.8472801],[0.07815879],[0.07815879]
1711587172892048826,[0.83162281],[0.08206758],[0.08206758]
1711587172972588516,[0.86218272],[0.0742475],[0.0742475]
1711587172974518035,[0.81526353],[0.08596196],[0.08596196]
1711587172976414270,[0.862242],[0.07423153],[0.07423153]
1711587172978327778,[0.84740502],[0.07812682],[0.07812682]
1711587173054698152,0,[0.23428373],[0.23428373]
1711587173056590710,[0.86251964],[0.07415669],[0.07415669]
1711587173058478930,[0.847752],[0.07803794],[0.07803794]
1711587173060320661,[0.84784157],[0.07801498],[0.07801498]
1711587173143484388,[0.8479366],[0.07799061],[0.07799061]
1711587173145472549,[0.84804408],[0.07796305],[0.07796305]
1711587173226366194,[0.83259877],[0.08182939],[0.08182939]
1711587173228312926,[0.86307001],[0.07400811],[0.07400811]
1711587173230168463,[0.84838869],[0.07787459],[0.07787459]
1711587173232144622,[0.83298312],[0.0817354],[0.0817354]
1711587173328804584,0,[0.31099631],[0.31099631]
1711587173407025564,[0.84922229],[0.07766021],[0.07766021]
1711587173408314365,[0.86406451],[0.07373886],[0.07373886]
1711587173409559161,[0.84954382],[0.07757736],[0.07757736]
1711587173410810871,[0.83432446],[0.08140652],[0.08140652]
1711587173413935973,[0.84990686],[0.07748371],[0.07748371]
1711587173522992551,0,[0.30942437],[0.30942437]
1711587173524925616,[0.86541074],[0.07337282],[0.07337282]
1711587173604148929,[0.81980934],[0.08489774],[0.08489774]
1711587173606029494,[0.87955611],[0.06941006],[0.06941006]
1711587173607917574,[0.85152285],[0.07706547],[0.07706547]
1711587173609813649,[0.85175547],[0.07700507],[0.07700507]
1711587173687886746,[0.85198219],[0.07694617],[0.07694617]
1711587173689817698,[0.83706712],[0.08072989],[0.08072989]
1711587173691712110,[0.86682997],[0.07298494],[0.07298494]
1711587173770414052,[0.83756514],[0.08060642],[0.08060642]
1711587173772372337,[0.85288541],[0.07671104],[0.07671104]
1711587173774251610,[0.85309029],[0.0766576],[0.0766576]
1711587173852979393,0,[0.30610535],[0.30610535]
1711587173854997782,[0.83903823],[0.08024008],[0.08024008]
1711587173856874360,[0.86838097],[0.07255867],[0.07255867]
1711587173937013555,[0.85431091],[0.07633848],[0.07633848]
1711587173939043076,[0.8395458],[0.08011347],[0.08011347]
1711587173940994197,[0.86878326],[0.0724477],[0.0724477]
1711587173942877347,[0.85474384],[0.07622497],[0.07622497]
1711587174022290573,[0.85488113],[0.07618894],[0.07618894]
1711587174024178403,[0.85501844],[0.07615289],[0.07615289]
1711587174133415908,0,[0.3763713],[0.3763713]
1711587174135329025,[0.84105185],[0.0797366],[0.0797366]
1711587174214367974,[0.85596077],[0.075905],[0.075905]
1711587174216383839,[0.82586572],[0.0834588],[0.0834588]
1711587174218310583,[0.88352227],[0.06825767],[0.06825767]
1711587174297075306,[0.84157883],[0.07960431],[0.07960431]
1711587174298977002,[0.87041087],[0.07199698],[0.07199698]
1711587174300829163,[0.87049826],[0.0719727],[0.0719727]
1711587174302638892,[0.85660512],[0.07573503],[0.07573503]
1711587174380401594,0,[0.30257084],[0.30257084]
1711587174382477253,[0.84263097],[0.07933953],[0.07933953]
1711587174385119990,[0.85736274],[0.0755347],[0.0755347]
1711587174463886337,[0.8575058],[0.07549681],[0.07549681]
1711587174465141704,[0.85761073],[0.075469],[0.075469]
1711587174467598023,[0.85772022],[0.07543998],[0.07543998]
1711587174469548942,[0.85784543],[0.07540678],[0.07540678]
1711587174547231993,[0.87180353],[0.07160907],[0.07160907]
1711587174549128970,[0.85802179],[0.07535999],[0.07535999]
1711587174628685160,[0.84364207],[0.07908424],[0.07908424]
1711587174630704842,[0.8582348],[0.07530344],[0.07530344]
1711587174632029595,[0.87214759],[0.07151291],[0.07151291]
1711587174634020182,[0.85846378],[0.0752426],[0.0752426]
1711587174741429929,0,[0.30067192],[0.30067192]
1711587174743360621,[0.85895315],[0.07511241],[0.07511241]
1711587174745207601,[0.82952205],[0.08257795],[0.08257795]
1711587174825179189,[0.8729757],[0.07128094],[0.07128094]
1711587174827063882,[0.8593424],[0.07500869],[0.07500869]
1711587174906602258,[0.85941703],[0.07498879],[0.07498879]
1711587174908568768,[0.85947744],[0.07497268],[0.07497268]
1711587174910498007,[0.8596052],[0.07493859],[0.07493859]
1711587174912418569,[0.85968994],[0.07491597],[0.07491597]
1711587174992794089,0,[0.37044881],[0.37044881]
1711587174994662160,[0.86013585],[0.07479683],[0.07479683]
1711587175074029320,[0.86019478],[0.07478107],[0.07478107]
1711587175075914785,[0.83089687],[0.0822443],[0.0822443]
1711587175077780652,[0.87391802],[0.07101605],[0.07101605]
1711587175079668330,[0.87397158],[0.07100096],[0.07100096]
1711587175158803034,[0.86040535],[0.07472473],[0.07472473]
1711587175160788283,[0.8461413],[0.07844965],[0.07844965]
1711587175163618577,[0.86048565],[0.07470324],[0.07470324]
1711587175286648855,0,[0.298656],[0.298656]
1711587175288652238,[0.86073953],[0.07463524],[0.07463524]
1711587175290649941,[0.86079784],[0.07461961],[0.07461961]
1711587175372135091,[0.86086596],[0.07460135],[0.07460135]
1711587175451887806,0,[0.44722314],[0.44722314]
1711587175453807379,[0.86131972],[0.0744796],[0.0744796]
1711587175455688017,[0.86138589],[0.07446183],[0.07446183]
1711587175536305667,[0.86146019],[0.07444187],[0.07444187]
1711587175538307968,[0.86153355],[0.07442216],[0.07442216]
1711587175540226049,[0.86161429],[0.07440046],[0.07440046]
1711587175622328440,[0.86169625],[0.07437842],[0.07437842]
1711587175624206243,[0.86177396],[0.07435753],[0.07435753]
1711587175626096591,[0.86185817],[0.07433487],[0.07433487]
1711587175627977149,[0.87540354],[0.07059645],[0.07059645]
1711587175708031552,[0.84789655],[0.07800088],[0.07800088]
1711587175709319516,[0.86213719],[0.07425976],[0.07425976]
1711587175820101806,0,[0.36716375],[0.36716375]
1711587175822038973,[0.86282479],[0.07407434],[0.07407434]
1711587175901973355,[0.86294085],[0.074043],[0.074043]
1711587175903950288,[0.86306132],[0.07401045],[0.07401045]
1711587175905832650,[0.8631833],[0.07397748],[0.07397748]
1711587175984912657,0,[0.29558803],[0.29558803]
1711587175986762206,[0.84986817],[0.0774937],[0.0774937]
1711587175989668137,[0.84999567],[0.07746078],[0.07746078]
1711587176070246081,[0.87732201],[0.07005084],[0.07005084]
1711587176072238764,[0.86421266],[0.07369867],[0.07369867]
1711587176074177654,[0.87757064],[0.06997981],[0.06997981]
1711587176155960273,[0.86448484],[0.07362477],[0.07362477]
1711587176158121528,[0.86462602],[0.07358641],[0.07358641]
1711587176160746100,[0.85091158],[0.07722394],[0.07722394]
1711587176241587679,[0.86491235],[0.07350854],[0.07350854]
1711587176243607744,[0.86509757],[0.07345813],[0.07345813]
1711587176245510014,[0.86524072],[0.07341915],[0.07341915]
1711587176247429296,[0.86540429],[0.07337458],[0.07337458]
1711587176359178756,0,[0.29303173],[0.29303173]
1711587176361071197,[0.86628515],[0.07313408],[0.07313408]
1711587176362977766,[0.87949363],[0.06942805],[0.06942805]
1711587176444841290,[0.86666619],[0.07302981],[0.07302981]
1711587176446759631,[0.85323932],[0.07661871],[0.07661871]
1711587176448679876,[0.8670929],[0.07291285],[0.07291285]
1711587176450488867,[0.86730646],[0.07285425],[0.07285425]
1711587176530531407,0,[0.21457422],[0.21457422]
1711587176532434358,[0.85465189],[0.07624909],[0.07624909]
1711587176534338371,[0.86838148],[0.07255853],[0.07255853]
1711587176536201907,[0.86858927],[0.07250123],[0.07250123]
1711587176619490165,[0.88157902],[0.0688247],[0.0688247]
1711587176621578641,[0.85552859],[0.07601879],[0.07601879]
1711587176623449541,[0.86913743],[0.07234986],[0.07234986]
1711587176704384951,[0.86930073],[0.07230471],[0.07230471]
1711587176706295827,[0.88217483],[0.06865134],[0.06865134]
1711587176708181445,[0.85619544],[0.07584314],[0.07584314]
1711587176789457345,0,[0.28522474],[0.28522474]
1711587176791431803,[0.86954173],[0.07223802],[0.07223802]
1711587176793294458,[0.85598604],[0.07589834],[0.07589834]
1711587176902692949,[0.86908914],[0.07236321],[0.07236321]
1711587176904601571,[0.86871181],[0.07246742],[0.07246742]
1711587176906442284,[0.86823633],[0.07259853],[0.07259853]
1711587176988240703,0,[0.36314069],[0.36314069]
1711587176990087648,[0.86118084],[0.07451689],[0.07451689]
1711587176991914263,[0.84487884],[0.07877085],[0.07877085]
1711587177073452054,[0.85721712],[0.07557324],[0.07557324]
1711587177075345467,[0.85499718],[0.07615847],[0.07615847]
1711587177077169717,[0.85260186],[0.07678493],[0.07678493]
1711587177157472114,[0.85003865],[0.07744969],[0.07744969]
1711587177159394482,[0.86222714],[0.07423553],[0.07423553]
1711587177161301782,[0.84451016],[0.0788644],[0.0788644]
1711587177241820737,[0.8414539],[0.0796357],[0.0796357]
1711587177243758474,[0.80401479],[0.08854043],[0.08854043]
1711587177245645214,[0.83442685],[0.08138136],[0.08138136]
1711587177247528157,[0.86312433],[0.07399342],[0.07399342]
1711587177329134676,0,[0.25202301],[0.25202301]
1711587177330990527,[0.81537342],[0.08593639],[0.08593639]
1711587177332889651,[0.81101942],[0.08694379],[0.08694379]
1711587177414916117,[0.80655946],[0.08796375],[0.08796375]
1711587177416188392,[0.80197408],[0.08900021],[0.08900021]
1711587177418737450,[0.79724185],[0.09005735],[0.09005735]
1711587177420702600,[0.79237298],[0.09113222],[0.09113222]
1711587177533562645,0,[0.3755099],[0.3755099]
1711587177567875870,[0.76624219],[0.09669701],[0.09669701]
1711587177569898811,[0.76063305],[0.09785028],[0.09785028]
1711587177660841351,0,[0.50656868],[0.50656868]
1711587177662675991,[0.69715104],[0.11006343],[0.11006343]
1711587177664538205,[0.71903479],[0.1060123],[0.1060123]
1711587177742850031,[0.71287267],[0.10716853],[0.10716853]
1711587177744751420,[0.70667971],[0.1083181],[0.1083181]
1711587177824245630,[0.70045995],[0.1094605],[0.1094605]
1711587177826172648,[0.72415132],[0.1050426],[0.1050426]
1711587177828157716,[0.65605784],[0.11729316],[0.11729316]
1711587177830036612,[0.68150937],[0.11286995],[0.11286995]
1711587177910265628,[0.67509034],[0.11400169],[0.11400169]
1711587177912281556,[0.66861146],[0.11513271],[0.11513271]
1711587177913545574,[0.69518586],[0.11041995],[0.11041995]
1711587177994616160,0,[0.48200991],[0.48200991]
1711587177996453566,[0.66560873],[0.11565315],[0.11565315]
1711587177998317272,[0.58432107],[0.12894633],[0.12894633]
1711587178106298452,[0.6162786],[0.1238905],[0.1238905]
1711587178108181465,[0.60973834],[0.12494185],[0.12494185]
1711587178109487134,[0.64201701],[0.11966336],[0.11966336]
1711587178189507180,0,[0.52056778],[0.52056778]
1711587178191431462,[0.57057447],[0.13106114],[0.13106114]
1711587178269870624,[0.56415616],[0.13203694],[0.13203694]
1711587178272452625,[0.55779433],[0.13299709],[0.13299709]
1711587178273736020,[0.55148543],[0.13394246],[0.13394246]
1711587178275576071,[0.49837003],[0.14165168],[0.14165168]
1711587178353273944,[0.58366183],[0.12904854],[0.12904854]
1711587178355177046,[0.5782733],[0.12988098],[0.12988098]
1711587178434228830,[0.52661904],[0.13760537],[0.13760537]
1711587178436367552,[0.47114038],[0.14544547],[0.14544547]
1711587178438367920,[0.56154025],[0.13243259],[0.13243259]
1711587178440284387,[0.50817158],[0.14026096],[0.14026096]
1711587178518205698,0,[0.57686818],[0.57686818]
1711587178520113819,[0.47741084],[0.14458066],[0.14458066]
1711587178522024525,[0.47139085],[0.14541102],[0.14541102]
1711587178602560068,[0.51771583],[0.13889336],[0.13889336]
1711587178604475773,[0.40432762],[0.15435963],[0.15435963]
1711587178626398106,[0.50709312],[0.14041465],[0.14041465]
1711587178733657069,0,[0.60653054],[0.60653054]
1711587178735634853,[0.48084481],[0.14410485],[0.14410485]
1711587178737625713,[0.35942461],[0.16007191],[0.16007191]
1711587178817570485,[0.4704755],[0.14553687],[0.14553687]
1711587178819502883,[0.34684829],[0.1616356],[0.1616356]
1711587178821387008,[0.40175331],[0.15469282],[0.15469282]
1711587178903914222,[0.33442783],[0.16316521],[0.16316521]
1711587178905814368,[0.50633414],[0.14052272],[0.14052272]
1711587178907721336,[0.32205115],[0.1646753],[0.1646753]
1711587178909605912,[0.37934205],[0.1575637],[0.1575637]
1711587178989067340,0,[0.4689192],[0.4689192]
1711587178990978557,[0.29131347],[0.16836704],[0.16836704]
1711587178992860058,[0.41492027],[0.15298101],[0.15298101]
1711587179075481142,[0.34632204],[0.16170071],[0.16170071]
1711587179077425152,[0.27310124],[0.17051672],[0.17051672]
1711587179079372889,[0.26679638],[0.17125462],[0.17125462]
1711587179161322167,[0.39484015],[0.15558404],[0.15558404]
1711587179163263532,[0.32414847],[0.16442038],[0.16442038]
1711587179165132658,[0.38524652],[0.15681243],[0.15681243]
1711587179166988379,[0.24296801],[0.17401517],[0.17401517]
1711587179276332968,0,[0.66107083],[0.66107083]
1711587179278233073,[0.28627847],[0.16896408],[0.16896408]
1711587179280113942,[0.28083354],[0.16960737],[0.16960737]
1711587179361457161,[0.2009497],[0.17877923],[0.17877923]
1711587179363343149,[0.26966489],[0.17091929],[0.17091929]
1711587179365224289,[0.26420765],[0.17155668],[0.17155668]
1711587179448310242,0,[0.86727624],[0.86727624]
1711587179450201090,[0.2313874],[0.17534111],[0.17534111]
1711587179531188097,[0.22589249],[0.17596676],[0.17596676]
1711587179533260272,[0.14034071],[0.18543563],[0.18543563]
1711587179535188522,[0.29127951],[0.16837108],[0.16837108]
1711587179537105901,[0.20933698],[0.17783847],[0.17783847]
1711587179623193889,[0.20379354],[0.1784608],[0.1784608]
1711587179625156143,[0.19824212],[0.17908187],[0.17908187]
1711587179738905129,0,[0.89558329],[0.89558329]
1711587179740900497,[0.07913585],[0.19192333],[0.19192333]
1711587179742777539,[0.15897358],[0.18341499],[0.18341499]
1711587179825115571,[0.15330607],[0.18403195],[0.18403195]
1711587179827036586,[0.14761625],[0.18464926],[0.18464926]
1711587179912187241,0,[0.28742635],[0.28742635]
1711587179913410452,[0.86155566],[0.07441622],[0.07441622]
1711587179915283655,[0.1306901],[0.18647358],[0.18647358]
1711587179917120028,[0.12491274],[0.1870922],[0.1870922]
1711587179998795446,0,[0.76404726],[0.76404726]
1711587180000705460,[0.00262768],[0.19973706],[0.19973706]
1711587180002705305,[0.26485525],[0.17148117],[0.17148117]
1711587180086552152,[0.09499144],[0.19026388],[0.19026388]
1711587180088476553,[0.0994531],[0.1897943],[0.1897943]
1711587180090333755,[0.10456344],[0.18925502],[0.18925502]
1711587180174518673,[0.10954472],[0.18872788],[0.18872788]
1711587180176481838,[0.02373142],[0.19761261],[0.19761261]
1711587180178380540,[0.20509206],[0.17831522],[0.17831522]
1711587180289109827,0,[0.93152714],[0.93152714]
1711587180291011214,[0.14475681],[0.18495872],[0.18495872]
1711587180371891180,[0.06158165],[0.19374399],[0.19374399]
1711587180373852501,[0.15283681],[0.18408294],[0.18408294]
1711587180456868243,0,[1.08683415],[1.08683415]
1711587180458780130,[0.17835585],[0.18128918],[0.18128918]
1711587180539154379,[0.18179178],[0.18090973],[0.18090973]
1711587180541253895,[0.18514519],[0.18053862],[0.18053862]
1711587180543143700,[0.18841966],[0.18017551],[0.18017551]
1711587180626123693,[0.10886658],[0.18879973],[0.18879973]
1711587180628082389,[0.11255996],[0.18840807],[0.18840807]
1711587180630024003,[0.35046784],[0.16118712],[0.16118712]
1711587180631970156,[0.20103921],[0.17876921],[0.17876921]
1711587180712624100,[0.20406689],[0.17843017],[0.17843017]
1711587180714459511,[0.20701331],[0.1780996],[0.1780996]
1711587180716696071,[0.20990397],[0.17777469],[0.17777469]
1711587180830912606,0,[0.53141661],[0.53141661]
1711587180852724869,[0.22094433],[0.17652826],[0.17652826]
1711587180854697803,[0.22130577],[0.17648731],[0.17648731]
1711587180856657982,[0.21638731],[0.1770438],[0.1770438]
1711587180938613307,0,[0.91221201],[0.91221201]
1711587180940395997,[0.33939134],[0.16255567],[0.16255567]
1711587180942244684,[0.17952034],[0.18116066],[0.18116066]
1711587181026864854,[0.17437485],[0.18172784],[0.18172784]
1711587181028742946,[0.08398618],[0.19141722],[0.19141722]
1711587181030889387,[0.24562957],[0.173709],[0.173709]
1711587181112085674,0,[0.55178974],[0.55178974]
1711587181113998022,[0.05651142],[0.19426668],[0.19426668]
1711587181115860134,[0.13923886],[0.18555443],[0.18555443]
1711587181117766551,[0.21889563],[0.17676022],[0.17676022]
1711587181200205760,0,[0.21460495],[0.21460495]
1711587181202163916,[0.29081139],[0.16842667],[0.16842667]
1711587181285744808,[0.20583639],[0.17823172],[0.17823172]
1711587181287711981,[0.11750923],[0.18788196],[0.18788196]
1711587181289637685,[0.11981389],[0.18763647],[0.18763647]
1711587181403628759,0,[0.76623415],[0.76623415]
1711587181405513184,[0.29816777],[0.16755086],[0.16755086]
1711587181407493633,[0.13603512],[0.18589942],[0.18589942]
1711587181489615946,[0.13863659],[0.18561933],[0.18561933]
1711587181491609048,0,[0.20386027],[0.20386027]
1711587181493460199,[0.22742292],[0.17579273],[0.17579273]
1711587181592690912,0,[0.73742586],[0.73742586]
1711587181595153724,[0.15671396],[0.18366121],[0.18366121]
1711587181597337071,[0.07316815],[0.19254421],[0.19254421]
1711587181711260541,[0.32106339],[0.16479522],[0.16479522]
1711587181713866766,0,[0.2011112],[0.2011112]
1711587181716983659,[0.32516986],[0.16429609],[0.16429609]
1711587181815669236,0,[0.54604542],[0.54604542]
1711587181817653041,[0.09238225],[0.19053795],[0.19053795]
1711587181941427679,0,[0.76819339],[0.76819339]
1711587181966500923,[0.60269118],[0.12606488],[0.12606488]
1711587181968438219,[0.19118094],[0.17986874],[0.17986874]
1711587181970330329,[0.11093386],[0.18858061],[0.18858061]
1711587182058807537,0,[0.54615322],[0.54615322]
1711587182060027972,[0.2806634],[0.16962743],[0.16962743]
1711587182061949657,[0.28263251],[0.1693951],[0.1693951]
1711587182063864480,[0.12613105],[0.18696192],[0.18696192]
1711587182153070784,[0.20968876],[0.1777989],[0.1777989]
1711587182154972131,[0.21192882],[0.17754675],[0.17754675]
1711587182156851917,[0.13367899],[0.18615273],[0.18615273]
1711587182241357359,[0.29268541],[0.16820399],[0.16820399]
1711587182243620823,[0.29095932],[0.16840911],[0.16840911]
1711587182244975013,[0.12908335],[0.18664583],[0.18664583]
1711587182328598523,0,[0.88683971],[0.88683971]
1711587182330436498,[0.18543675],[0.18050632],[0.18050632]
1711587182447491894,0,[0.90886415],[0.90886415]
1711587182449379445,[0.16285793],[0.18299094],[0.18299094]
1711587182533266633,[0.15932415],[0.18337675],[0.18337675]
1711587182535298860,[0.15585976],[0.18375421],[0.18375421]
1711587182537211308,[0.06544746],[0.19334452],[0.19334452]
1711587182621338257,[0.23194964],[0.17527696],[0.17527696]
1711587182623294629,[0.05956306],[0.19395226],[0.19395226]
1711587182705442561,[0.14894546],[0.18450523],[0.18450523]
1711587182707742461,[0.15123316],[0.18425709],[0.18425709]
1711587182709685027,[0.23600146],[0.17481402],[0.17481402]
1711587182792070382,0,[0.55058693],[0.55058693]
1711587182793930871,[0.16244062],[0.18303654],[0.18303654]
1711587182795789316,[0.16469032],[0.18279056],[0.18279056]
1711587182913233917,0,[0.91934086],[0.91934086]
1711587182915175321,[0.17821162],[0.18130509],[0.18130509]
1711587182917016122,[0.09649958],[0.19010528],[0.19010528]
1711587183003735077,[0.33794756],[0.16273321],[0.16273321]
1711587183005705547,[0.18475475],[0.18058187],[0.18058187]
1711587183007591615,[0.10367879],[0.18934848],[0.18934848]
1711587183029638358,[0.18928111],[0.18007986],[0.18007986]
1711587183114183425,0,[0.5298105],[0.5298105]
1711587183116056318,[0.19792529],[0.17911725],[0.17911725]
1711587183117992642,[0.20008852],[0.17887554],[0.17887554]
1711587183119897696,[0.12052181],[0.187561],[0.187561]
1711587183205244266,[0.20449364],[0.17838233],[0.17838233]
1711587183207163307,0,[0.20484263],[0.20484263]
1711587183290690126,[0.35926203],[0.16009222],[0.16009222]
1711587183292669172,[0.28778016],[0.16878624],[0.16878624]
1711587183294548407,[0.20983513],[0.17778244],[0.17778244]
1711587183296364500,[0.28421888],[0.1692077],[0.1692077]
1711587183410410612,0,[0.53630118],[0.53630118]
1711587183411687204,[0.19540441],[0.17939851],[0.17939851]
1711587183414173940,[0.19266536],[0.1797036],[0.1797036]
1711587183497167149,[0.01978547],[0.19801157],[0.19801157]
1711587183499134462,[0.26653664],[0.17128495],[0.17128495]
1711587183501030408,[0.2644381],[0.17152981],[0.17152981]
1711587183584728609,0,[0.73392763],[0.73392763]
1711587183586623834,[0.2539347],[0.17275014],[0.17275014]
1711587183588530822,[0.08614478],[0.19119155],[0.19119155]
1711587183670367304,[0.24999758],[0.17320536],[0.17320536]
1711587183672304680,[0.16690757],[0.18254779],[0.18254779]
1711587183756948557,[0.07918737],[0.19191797],[0.19191797]
1711587183758873349,[0.07692122],[0.19215398],[0.19215398]
1711587183760770278,[0.32027231],[0.1648912],[0.1648912]
1711587183882777395,0,[0.91606718],[0.91606718]
1711587183884707067,[0.08233163],[0.19159002],[0.19159002]
1711587183969628414,[0.17081742],[0.18211893],[0.18211893]
1711587183971605046,[0.25500874],[0.17262575],[0.17262575]
1711587183973483138,[0.1786136],[0.18126074],[0.18126074]
1711587184055578799,0,[0.71943976],[0.71943976]
1711587184057523429,[0.12476767],[0.1871077],[0.1871077]
1711587184059406571,[0.28979145],[0.16854774],[0.16854774]
1711587184061318819,[0.22051791],[0.17657657],[0.17657657]
1711587184145446497,[0.14960741],[0.18443347],[0.18443347]
1711587184147497741,[0.2384356],[0.17453531],[0.17453531]
1711587184258518784,[0.24793431],[0.17344344],[0.17344344]
1711587184260456381,[0.25802358],[0.17227611],[0.17227611]
1711587184262354402,[0.3396926],[0.1625186],[0.1625186]
1711587184264152511,[0.27916594],[0.16980389],[0.16980389]
1711587184376917295,0,[0.67345034],[0.67345034]
1711587184378782463,[0.40287055],[0.1545483],[0.1545483]
1711587184380730750,[0.28399733],[0.16923388],[0.16923388]
1711587184465229173,0,[0.62151216],[0.62151216]
1711587184467179113,[0.41099621],[0.15349316],[0.15349316]
1711587184469076893,[0.42320647],[0.15189385],[0.15189385]
1711587184553892548,[0.37761779],[0.15778241],[0.15778241]
1711587184555834513,[0.44778706],[0.14862206],[0.14862206]
1711587184557729919,[0.45978939],[0.14699804],[0.14699804]
1711587184642684870,[0.52299461],[0.13813115],[0.13813115]
1711587184644600003,[0.48305331],[0.14379801],[0.14379801]
1711587184646477635,[0.44346398],[0.14920268],[0.14920268]
1711587184731645733,0,[0.67835407],[0.67835407]
1711587184733538143,[0.51991889],[0.13857577],[0.13857577]
1711587184735416066,[0.57595331],[0.13023773],[0.13023773]
1711587184850939222,0,[0.3804858],[0.3804858]
1711587184852844406,[0.61860474],[0.12351441],[0.12351441]
1711587184854873007,[0.62849036],[0.12190318],[0.12190318]
1711587184939473890,[0.63834082],[0.12027621],[0.12027621]
1711587184941446253,[0.68225866],[0.1127371],[0.1127371]
1711587184943334034,[0.65722829],[0.11709342],[0.11709342]
1711587185027767477,[0.66638942],[0.11551806],[0.11551806]
1711587185029663133,[0.64223509],[0.11962691],[0.11962691]
1711587185031553740,[0.71497563],[0.10677535],[0.10677535]
1711587185115912090,0,[0.4345236],[0.4345236]
1711587185117822134,[0.69701608],[0.11008795],[0.11008795]
1711587185119702071,[0.73299213],[0.10334561],[0.10334561]
1711587185121568441,[0.76561343],[0.09682697],[0.09682697]
1711587185235311611,[0.72166382],[0.10551515],[0.10551515]
1711587185237284986,[0.75540527],[0.09891304],[0.09891304]
1711587185322092945,0,[0.37419767],[0.37419767]
1711587185324011385,[0.79439647],[0.09068705],[0.09068705]
1711587185326203935,[0.801614],[0.08908109],[0.08908109]
1711587185410488058,[0.80861962],[0.08749409],[0.08749409]
1711587185411861135,[0.81539794],[0.08593068],[0.08593068]
1711587185413111166,[0.82192453],[0.08439798],[0.08439798]
1711587185416800573,[0.81077699],[0.08699954],[0.08699954]
1711587185500995590,[0.83457528],[0.08134488],[0.08134488]
1711587185502899041,[0.85782079],[0.07541332],[0.07541332]
1711587185504811489,[0.84833021],[0.07788961],[0.07788961]
1711587185590212533,0,[0.38475574],[0.38475574]
1711587185592164718,[0.88171668],[0.06878468],[0.06878468]
1711587185705621931,[0.87603908],[0.07041617],[0.07041617]
1711587185707595667,[0.89394892],[0.06513097],[0.06513097]
1711587185709538123,[0.89980757],[0.06330638],[0.06330638]
1711587185796458814,0,[0.30220508],[0.30220508]
1711587185798348960,[0.90322976],[0.06221583],[0.06221583]
1711587185800217224,[0.91216298],[0.05927462],[0.05927462]
1711587185887274086,[0.90217705],[0.06255332],[0.06255332]
1711587185889199930,[0.92774101],[0.05376207],[0.05376207]
1711587185891140663,[0.91024563],[0.05991807],[0.05991807]
1711587185977852645,[0.90972579],[0.06009134],[0.06009134]
1711587185979815279,[0.90929402],[0.06023487],[0.06023487]
1711587185981790868,[0.90887796],[0.06037286],[0.06037286]
1711587186107992169,0,[0.30346982],[0.30346982]
1711587186109844012,[0.90716065],[0.0609391],[0.0609391]
1711587186111756000,[0.89746582],[0.06404192],[0.06404192]
1711587186196107746,0,[0.24734005],[0.24734005]
1711587186198079027,[0.91576186],[0.05804761],[0.05804761]
1711587186199999591,[0.91576534],[0.05804642],[0.05804642]
1711587186289640978,[0.90669587],[0.06109145],[0.06109145]
1711587186291529190,[0.89720677],[0.06412277],[0.06412277]
1711587186293434364,[0.90685169],[0.06104042],[0.06104042]
1711587186315153340,[0.90694564],[0.06100963],[0.06100963]
1711587186402399284,[0.90705635],[0.06097332],[0.06097332]
1711587186403030331,[0.91624236],[0.05788182],[0.05788182]
1711587186404310650,[0.90735055],[0.06087675],[0.06087675]
1711587186405576792,[0.90750686],[0.06082537],[0.06082537]
1711587186408797573,[0.89820603],[0.06381033],[0.06381033]
1711587186496188704,[0.90783448],[0.06071755],[0.06071755]
1711587186498097976,[0.91696398],[0.05763194],[0.05763194]
1711587186500047064,[0.90816824],[0.06060751],[0.06060751]
1711587186619482023,0,[0.24482214],[0.24482214]
1711587186621395403,[0.90911783],[0.06029334],[0.06029334]
1711587186623631170,[0.90931963],[0.06022636],[0.06022636]
1711587186710147457,[0.90952584],[0.06015785],[0.06015785]
1711587186712101806,[0.90973086],[0.06008965],[0.06008965]
1711587186713968517,[0.90993017],[0.06002327],[0.06002327]
1711587186801201907,0,[0.23941818],[0.23941818]
1711587186803055262,[0.91089405],[0.05970124],[0.05970124]
1711587186804910872,[0.9019741],[0.06261818],[0.06261818]
1711587186896866103,[0.91992883],[0.0565937],[0.0565937]
1711587186898836622,[0.92008811],[0.05653738],[0.05653738]
1711587186900868098,[0.91163385],[0.05945289],[0.05945289]
1711587186988577038,0,[0.2963401],[0.2963401]
1711587186991117508,[0.87426281],[0.07091888],[0.07091888]
1711587186992368121,[0.94421848],[0.04723623],[0.04723623]
