Time Step,Health Status,dm,dmdt,domega
1717201217027660830,1.0,[0.],[0.],0.0
1717201217085469863,1.0,[0.],[0.],0.0
1717201217142584831,1.0,[0.],[0.],0.0
1717201217199162217,1.0,[0.30467515],[5.38510477e-09],0.0
1717201217254791314,0.0,[0.54139185],[9.73217063e-09],0.3715560286663268
1717201217309340818,0.0,[1.05118886],[1.92703655e-08],2.449712766399278
1717201217364534902,0.0,[1.46160376],[2.64811675e-08],0.18890876324513606
1717201217419943192,0.0,[1.95670896],[3.53143726e-08],-2.9948715487082778
1717201217476057159,0.9833725898053838,[2.02243442],[3.60415519e-08],0.005157892623095793
1717201217532894519,0.8528375010350279,[2.47718981],[4.35838302e-08],-0.015344705873491201
1717201217589069595,0.1043053463086181,[2.1390644],[3.80785321e-08],0.037856458443787516
1717201217644216137,0.0,[0.19332817],[3.50571704e-09],0.5106801905492072
1717201217698588898,0.0,[1.02580256],[1.88661116e-08],1.8957950338418645
1717201217752432986,0.0,[1.33911878],[2.48703033e-08],-2.3242377864948147
1717201217806024384,0.0,[2.18044107],[4.06864009e-08],-0.12210841363877775
1717201217858548363,0.0,[0.95291495],[1.81424749e-08],0.062345017992882876
1717201217913692069,0.0,[0.0591664],[1.07294937e-09],1.7131821155951987
1717201217969138613,0.0,[1.61783337],[2.91782549e-08],-0.5264556096755928
1717201218024271087,0.0,[1.15299066],[2.09130953e-08],-1.1547782337090289
1717201218082163441,0.0,[1.9073716],[3.29468661e-08],2.845987642905505
1717201218137577121,0.0,[0.90403117],[1.6314224e-08],-2.90128222855934
1717201218226596494,0.0,[0.77411471],[8.69602528e-09],2.921083883364708
1717201218281148990,0.0,[1.91849343],[3.51678404e-08],-2.8220151807719094
1717201218335364548,0.0,[3.68189677],[6.7912182e-08],-0.12503832694722336
1717201218387274647,0.9437399877490424,[3.37475141],[6.50114629e-08],-0.009487677250071908
1717201218438991141,0.0,[0.5779515],[1.11753808e-08],0.30747820863292474
1717201218493172623,0.0,[2.44996316],[4.52177222e-08],2.4586961792451945
1717201218549297471,0.0,[0.39791178],[7.08976144e-09],-2.381857880169811
1717201218602050753,0.0,[0.74122678],[1.40508185e-08],2.2143060117804714
1717201218655221335,0.0,[1.39635411],[2.62617801e-08],-2.5951185065673954
1717201218709586914,0.0,[2.820715],[5.18842088e-08],0.09533285210040901
1717201218760247341,0.0,[2.70193247],[5.33341838e-08],-0.1025219833903094
1717201218812672007,0.0,[0.99883688],[1.90528043e-08],0.049810077603080094
1717201218863694023,0.0,[0.82871078],[1.62422197e-08],0.07588952270303177
1717201218915360241,0.13393126080681095,[3.04275313],[5.88925087e-08],-0.0372251256909779
1717201218968153641,0.0,[2.69537785],[5.10552059e-08],-0.07315532614291882
1717201219020480918,0.0,[1.78307167],[3.40753772e-08],0.12868133322287217
1717201219075078477,0.0,[0.28893667],[5.29211704e-09],0.20500589770938493
1717201219128284708,0.0,[1.14528761],[2.15254419e-08],2.63180914728592
1717201219184611206,0.0,[2.2225276],[3.94579411e-08],-2.9609034978504054
1717201219238308309,0.0,[2.01544199],[3.75335338e-08],0.0604742645596346
1717201219293888261,0.0,[0.43274353],[7.7859645e-09],2.8584212707513275
1717201219348115241,0.0,[2.64485926],[4.87738633e-08],-2.9383416882383138
1717201219402080734,0.0,[2.38240794],[4.4146877e-08],0.10531565062503084
1717201219458719338,0.04115719174516774,[0.62548832],[1.10434984e-08],-0.03916820768439286
1717201219509824978,0.4596570777137763,[1.84439882],[3.60899278e-08],0.02940320859460678
1717201219562541008,0.9969242087214073,[3.44056714],[6.5266053e-08],0.002218392671676561
1717201219647566156,0.0,[0.64627841],[7.60102664e-09],0.06841651114628516
1717201219698072673,0.0,[1.68365614],[3.33354243e-08],2.883612649437496
1717201219750570621,0.0,[0.85323076],[1.625265e-08],-0.053047803167096674
1717201219801604592,0.0,[3.38506964],[6.63297337e-08],-2.79809816242022
1717201219855653396,0.0,[0.39925644],[7.38696179e-09],-0.11564830748696917
1717201219910484437,0.0,[2.27326665],[4.14594845e-08],3.0305836771601498
1717201219963245826,0.0,[2.81983135],[5.34449805e-08],-2.9761275079462046
1717201220016697061,0.0,[3.39888795],[6.35885777e-08],-0.05862913644848691
1717201220074037736,0.9281756456300905,[2.11819579],[3.69405457e-08],0.010720026445483019
1717201220129787207,0.0,[0.34501996],[6.18875765e-09],0.09286042904684018
1717201220184935693,0.0,[1.43859491],[2.60858463e-08],2.952546836500834
1717201220239719572,0.0,[1.03837389],[1.89540049e-08],-2.84082717120901
1717201220294636951,0.0,[1.16874917],[2.1281955e-08],2.752667224833286
1717201220347961791,0.0,[0.13169187],[2.46961584e-09],-1.7913647788735703
1717201220403656495,0.0,[1.1689016],[2.09876619e-08],0.7509895883775775
1717201220459144489,0.0,[2.19520299],[3.95617658e-08],-1.916676560695026
1717201220513048353,0.9859507023115183,[0.63032491],[1.16935016e-08],-0.004741189334077564
1717201220566802977,0.0,[1.70154916],[3.16540061e-08],2.88869415754948
1717201220618591831,0.0,[0.63111328],[1.21862765e-08],0.15877177535570652
1717201220669646191,0.0,[2.07657113],[4.06737283e-08],-2.9130246598719394
1717201220720272280,0.0,[0.74901792],[1.47950977e-08],2.874414207960888
1717201220774177386,0.0,[2.88095188],[5.34448802e-08],-2.932993916349992
1717201220826866155,0.0,[0.24381656],[4.62748639e-09],0.35522732248108646
1717201220878748209,0.0,[3.35756656],[6.47153759e-08],2.1943150813200556
1717201220931044327,0.0,[2.11731514],[4.04870431e-08],-2.6955878746178827
1717201220984021773,0.0,[0.67754582],[1.27893261e-08],0.40412358162834694
1717201221074279834,0.0,[1.33726561],[1.48160243e-08],0.191897791634417
1717201221128472357,0.0,[2.35929192],[4.35353778e-08],-0.3906669877976858
1717201221183398751,0.0,[0.14162357],[2.5784247e-09],1.7454964967714472
1717201221238142963,0.0,[1.02735015],[1.87663706e-08],0.05701264894940561
1717201221294653078,0.0,[0.35358175],[6.256964e-09],-1.7302880594312917
1717201221351242307,0.0,[0.58357485],[1.03124724e-08],2.740195459158431
1717201221406532869,0.0,[1.63468578],[2.9565368e-08],-0.11909119682956026
1717201221462560218,0.0,[0.07788583],[1.39013946e-09],-1.0713270444202707
1717201221517326534,0.0,[0.16925073],[3.09041659e-09],1.241861181446307
1717201221576169581,0.0,[0.97242706],[1.65257771e-08],-1.4927460598638598
1717201221632966911,0.0,[1.3360499],[2.35231115e-08],1.473691998293383
1717201221687891964,0.0,[2.23833787],[4.07525853e-08],-2.8923251142231647
1717201221741955968,0.8765994341404627,[0.868319],[1.60609454e-08],0.014051366672863524
1717201221798366941,0.0,[0.84664364],[1.50084924e-08],0.04149416451276017
1717201221872488523,0.35480947605311164,[3.4526328],[4.65806686e-08],-0.032129501059229376
1717201221933932802,0.0,[2.64741063],[4.30863656e-08],-0.09278631136625604
1717201221990199466,0.6549073926046228,[2.58930413],[4.60184413e-08],-0.023497833343366012
1717201222044789078,0.7196376098837711,[0.76845229],[1.40768962e-08],0.02117970311845674
1717201222102846304,0.0,[1.30398716],[2.24603769e-08],0.09735889610473518
1717201222158977293,0.0,[0.29079082],[5.18057541e-09],0.18320156167862844
1717201222215139873,0.0,[0.69274942],[1.23347152e-08],2.5078345940219915
1717201222268583735,0.0,[1.44057433],[2.69549075e-08],-2.35556674691623
1717201222320762655,0.0,[2.97138959],[5.694617e-08],-0.4563082114323231
1717201222372952276,0.0,[1.76365441],[3.37932027e-08],0.07320608943927623
1717201222425434165,0.0,[0.68169424],[1.29891333e-08],2.9424916222563224
1717201222512914098,0.0,[0.75833794],[8.66870745e-09],-2.765379093957475
1717201222564197662,0.6074814674185485,[1.19713624],[2.33434686e-08],0.025060519789707525
1717201222618278359,0.0,[1.59699247],[2.95298061e-08],-0.08728776518941567
1717201222670454724,0.0,[2.9087987],[5.57493561e-08],-0.10942969086348567
1717201222722856805,0.0,[0.32282436],[6.16052575e-09],0.7327911358255949
1717201222777018929,0.0,[2.39001998],[4.41271474e-08],1.4157659845533046
1717201222834175147,0.0,[0.71910692],[1.25814296e-08],0.7330478894166332
1717201222891049214,0.0,[2.50098983],[4.39741696e-08],-2.8304025158530184
1717201222949274107,0.0,[0.59657322],[1.02460167e-08],2.724149726449545
1717201223004001797,0.0,[2.54410624],[4.64866376e-08],-2.6341604781507137
1717201223057788484,0.0,[3.17176413],[5.89693169e-08],-0.23585864491598682
1717201223115561195,0.0,[1.65056958],[2.85700564e-08],0.171830583851144
1717201223172253413,0.0,[0.81779489],[1.44251705e-08],0.17922686753189493
1717201223228608247,0.0,[0.48849411],[8.66818488e-09],2.5596973733684205
1717201223284141699,0.0,[0.2751955],[4.95549074e-09],-0.40455710221976027
1717201223339463111,0.0,[0.37194876],[6.72341418e-09],0.4999803146298514
1717201223394613440,0.0,[0.18820162],[3.4125205e-09],-1.6338699101060108
1717201223450789378,0.0,[0.80638579],[1.43546478e-08],-0.6507327294447631
1717201223507700840,0.0,[2.11945282],[3.72412302e-08],-0.6944540406948302
1717201223564115570,0.0,[3.15997424],[5.6013284e-08],0.12197494632979029
1717201223622171025,0.0,[0.46531861],[8.01507133e-09],0.2496608039951802
1717201223678446140,0.0,[1.86925588],[3.32163856e-08],2.3737277933718017
1717201223734985903,0.0,[1.66709759],[2.94854016e-08],-2.6540282218502527
1717201223792077215,0.0,[1.00743301],[1.76459954e-08],2.935067974318448
1717201223849296906,0.0,[3.04727139],[5.32556431e-08],-2.921406488546332
1717201223940977372,0.5030922923226382,[1.01355528],[1.10553026e-08],0.028196672361890135
1717201223998691861,0.0,[0.86249464],[1.49441617e-08],0.2499942608283964
1717201224057594264,0.0,[2.28292548],[3.87577654e-08],-0.13866106599319955
1717201224121223338,0.0,[1.77167956],[2.78438688e-08],2.5949995471952203
1717201224180528471,0.0,[0.82418227],[1.38973178e-08],-2.6079495003336794
1717201224239373151,0.0,[0.37306568],[6.33983711e-09],0.3638670676862983
1717201224298499828,0.0,[0.24634048],[4.16631699e-09],2.2269903458961897
1717201224356538917,0.0,[1.8620006],[3.20818378e-08],-1.9697791678391852
1717201224415405280,0.0,[0.46276288],[7.86124471e-09],1.531961950672153
1717201224478935950,0.0,[0.4949932],[7.79140542e-09],-1.539565326403166
1717201224543094425,0.0,[2.70729693],[4.21970281e-08],2.133269491993973
1717201224602872774,0.0,[1.16645921],[1.95130719e-08],-2.8457898167712723
1717201224667756873,0.0,[0.48752456],[7.51377569e-09],2.5228752235405105
1717201224726945812,0.0,[1.39594281],[2.3584522e-08],-2.046472938281524
1717201224787204040,0.0,[0.8039841],[1.33423126e-08],2.4372672602356666
1717201224847660672,0.0,[0.8213815],[1.3586293e-08],-2.674883812888174
1717201224906851925,0.0,[0.11601779],[1.96004956e-09],1.050337485334792
1717201224965417082,0.0,[1.60157502],[2.73468924e-08],0.662336122011923
1717201225023997870,0.0,[1.55700164],[2.65787082e-08],-1.828342896492544
1717201225085432699,0.0,[1.408318],[2.29237722e-08],-0.17674366847880255
1717201225145989298,0.0,[0.98181404],[1.62131637e-08],0.12188308708776677
1717201225205208346,0.0,[1.45245057],[2.45267468e-08],2.714061252152712
1717201225302211774,0.0,[1.27478274],[1.31416258e-08],-2.564126692735287
1717201225361767964,0.0,[1.53920224],[2.58445389e-08],2.454145994314965
1717201225421359362,0.0,[1.46323325],[2.45544378e-08],-2.536992169795659
1717201225479747801,0.0,[1.7894031],[3.06465314e-08],-0.06625959679590754
1717201225538449467,0.0,[2.48440735],[4.23226045e-08],-0.15573464302590126
1717201225603178437,0.9844763786362483,[2.14498815],[3.31379934e-08],0.004983753021770121
1717201225662092654,0.814473192325964,[2.10850997],[3.57894939e-08],0.017229129179342106
1717201225722795092,0.0,[1.96446527],[3.23622143e-08],0.17416927515669997
1717201225782016993,0.0,[1.45227121],[2.45225366e-08],-0.052083644373378424
1717201225841365510,0.0,[0.52216686],[8.79831371e-09],0.377520895213995
1717201225899062022,0.0,[2.67528022],[4.63681456e-08],1.8839189564868446
1717201225956323732,0.0,[2.2267755],[3.88876885e-08],-2.376187761779222
1717201226013902546,0.0,[0.86791306],[1.50734795e-08],0.20120385801532445
1717201226074298507,0.0,[2.09460312],[3.46811794e-08],2.6886865016770414
1717201226132768923,0.0,[2.3869715],[4.08235772e-08],-2.8221422768432265
1717201226190871390,0.0,[0.79571905],[1.36950994e-08],2.901806925150185
1717201226249507700,0.0,[2.11967125],[3.61494658e-08],-2.878333971215351
1717201226310151224,0.0,[0.45480614],[7.49966548e-09],2.7355680697947595
1717201226368864312,0.0,[1.96904575],[3.35367437e-08],-2.4621153878010724
1717201226426612250,0.0,[2.54950882],[4.4148916e-08],-0.2616278487662757
1717201226485122355,0.0,[2.3947416],[4.09286848e-08],-0.1255062954585236
1717201226543471008,0.0,[1.6069511],[2.75405008e-08],0.05099794542945646
1717201226636750371,0.0,[0.55063345],[5.90305767e-09],0.7729518777674299
1717201226694926380,0.0,[0.66354346],[1.14057922e-08],0.06603825990574852
1717201226754710741,0.0,[1.22814029],[2.05428357e-08],1.9689019377601473
1717201226812292430,0.0,[0.98505408],[1.7107072e-08],-2.533653183405918
1717201226867752393,0.0,[1.39611606],[2.51734045e-08],2.6063975611041035
1717201226923619885,0.0,[1.85695787],[3.32386122e-08],-2.698005724889798
1717201226978175038,0.0,[1.14354978],[2.09613527e-08],2.6938724662653177
1717201227033325212,0.0,[0.36815696],[6.67553586e-09],-1.7243157636713866
1717201227091161865,0.0,[0.7313074],[1.26443592e-08],0.8129231827753982
1717201227146798308,0.0,[0.53268531],[9.57439561e-09],0.7801240189645382
1717201227147765119,0.0,[0.75524296],[7.81169994e-07],-0.13542376236720255
1717201227257023531,0.0,[0.28713222],[2.62801017e-09],-1.501157433957546
1717201227316134830,0.0,[1.4655087],[2.47923621e-08],-0.17087403954530545
1717201227317161086,0.0,[2.90403764],[2.82974274e-06],-0.8203828294470477
1717201227374000729,0.0,[0.26163432],[4.60302554e-09],1.6415438626871839
1717201227430641717,0.0,[1.39702158],[2.46644993e-08],-0.5388321596604833
1717201227540290013,0.0,[1.78243762],[1.62559538e-08],-1.1068004303057584
1717201227597245420,0.0,[1.27143574],[2.23233548e-08],-0.0491445167978693
1717201227598234905,0.0,[0.42795043],[4.32498581e-07],0.11809893469553867
1717201227653378727,0.0,[1.28726284],[2.33437367e-08],2.683572274678689
1717201227762142932,0.0,[0.66022717],[6.07026159e-09],-2.551089039023069
1717201227763173707,0.0,[0.98956684],[9.60023091e-07],2.624533345296573
1717201227820808929,0.0,[1.37935237],[2.39324556e-08],-2.678485819454154
1717201227821795148,0.0,[0.4366035],[4.42704856e-07],2.4487995976082058
1717201227930452686,0.0,[2.64736431],[2.43642952e-08],-2.427452058580327
1717201227931430137,0.0,[2.56418879],[2.62334523e-06],-0.30023753791988095
1717201228042608716,0.0,[0.26989657],[2.42759511e-09],1.2123304388922238
1717201228135785169,0.0,[1.69402869],[1.81808671e-08],0.6663036710472114
1717201228191970185,0.0,[0.73416344],[1.30668906e-08],1.0478915764274572
1717201228248657143,0.0,[2.45689792],[4.33415031e-08],-2.824117541392991
1717201228305662166,0.0,[1.46716376],[2.57374474e-08],-0.07185754981693174
1717201228362265371,0.0,[1.87886784],[3.31936659e-08],0.09083298375363949
1717201228363360390,0.0,[0.77944735],[7.11812364e-07],0.17789480418834352
1717201228419852120,0.0,[0.5162323],[9.13819253e-09],0.2080043513872386
1717201228476951266,0.0,[2.69962447],[4.72795953e-08],-0.2273468920186011
1717201228534154431,0.0,[0.58671802],[1.02567407e-08],2.447124786562323
1717201228589919034,0.0,[1.75544715],[3.14795961e-08],-2.4469120405083293
1717201228645702334,0.0,[1.12367114],[2.01435046e-08],-0.15835188330953037
1717201228702898858,0.0,[0.55881715],[9.77012451e-09],2.6262002696452775
1717201228760808471,0.0,[0.24424749],[4.21773663e-09],-0.8953188304004231
1717201228819277978,0.6785057223053097,[1.05120309],[1.79786552e-08],-0.02268018616130618
1717201228932439101,0.0,[0.5858937],[5.1775176e-09],-0.904970014124777
1717201228989470986,0.0,[2.99965701],[5.25961409e-08],-0.48687574778753684
1717201229046386526,0.0,[2.90527519],[5.10453778e-08],-0.5080284183430879
1717201229109394104,0.0,[0.25963436],[4.1206848e-09],1.0672203416844885
1717201229167489507,0.0,[1.06275023],[1.829319e-08],1.308306427362903
1717201229226253583,0.0,[0.98031765],[1.66822612e-08],-1.8033588782569159
1717201229283846404,0.0,[0.59382671],[1.03107768e-08],-0.27707751789660007
1717201229342361158,0.0,[0.68835203],[1.17637347e-08],2.6474562189014446
1717201229343443663,0.9950427828216069,[0.96066824],[8.87450062e-07],0.0028163003187566815
1717201229401385288,0.0,[2.41071713],[4.16059642e-08],-2.6054015386590264
1717201229516043959,0.0,[0.31474503],[2.74506088e-09],0.819188298601352
1717201229574674387,0.0,[0.58396252],[9.96005921e-09],0.33995832735918596
1717201229575727364,0.0,[3.67151],[3.48679362e-06],-1.0875889237251055
1717201229633631948,0.0,[2.79153681],[4.82092551e-08],-0.4194341654219439
1717201229727443781,0.0,[1.31598455],[1.40279165e-08],0.2097918790774605
1717201229785556277,0.0,[0.52122604],[8.96925933e-09],0.3654052983458696
1717201229843797843,0.0,[1.15313173],[1.97991198e-08],-0.12025476819259695
1717201229844809611,0.0,[1.61988375],[1.60104426e-06],-0.32996346349494965
1717201229959233798,0.0,[1.46491163],[1.2802465e-08],2.7619686090184827
1717201229960229555,0.0,[1.0241544],[1.02851943e-06],-2.5888027594780367
1717201230016989694,0.0,[0.4932997],[8.69095316e-09],0.2124946942650885
1717201230017998366,0.0,[0.73480852],[7.28491768e-07],2.400939827917282
1717201230077862722,0.0,[1.15751538],[1.9335636e-08],-2.6386102308344124
1717201230136216805,0.0,[0.83049669],[1.42320239e-08],2.448299408016933
1717201230252815029,0.0,[1.11027125],[9.52219704e-09],-2.2457771377477034
1717201230312589030,0.0,[2.40156966],[4.01774962e-08],-0.32014120235231325
1717201230313709057,0.0,[2.5217239],[2.25148693e-06],-0.15797164003186903
1717201230430081745,0.0,[0.5330962],[4.5809392e-09],1.5160093324713637
1717201230431125736,0.3504502000777343,[1.61905334],[1.55083223e-06],0.032237860969295484
1717201230490542545,0.0,[2.16019949],[3.63567072e-08],-1.4663207421200373
1717201230549939647,0.8375559354285782,[2.45691352],[4.13641993e-08],-0.016121740083324593
1717201230610271646,0.0,[0.81423703],[1.349594e-08],0.22559263450460343
1717201230668404983,0.0,[1.53750296],[2.64478708e-08],2.6866880663790735
1717201230784623493,0.0,[1.64908482],[1.41895197e-08],-2.750434686268519
1717201230844980642,0.0,[0.45993418],[7.62021055e-09],2.4233947097715856
1717201230845975738,0.0,[2.56985585],[2.58252312e-06],-2.199713861885395
1717201230906235860,0.0,[1.65850055],[2.75223568e-08],-0.43848275649739427
1717201230966473116,0.0,[0.57441584],[9.5358901e-09],1.9764416340822601
1717201231021270227,0.0,[2.49019099],[4.54438379e-08],-0.9117567618375708
1717201231116268927,0.0,[3.24699126],[3.41793235e-08],-0.990455363575911
1717201231171631983,0.0,[0.84990036],[1.53513993e-08],0.13881197089645436
1717201231227063882,0.0,[1.21661492],[2.1947921e-08],2.6647710666207787
1717201231283100369,0.3784125921403777,[1.584043],[2.82680645e-08],0.031536325920680675
1717201231337343379,0.0,[2.7607729],[5.08963818e-08],-2.8033243010184625
1717201231450577193,0.0,[1.06797083],[9.4315541e-09],0.07406070836387155
1717201231451551228,0.0,[1.57794562],[1.62001082e-06],2.6165363657866054
1717201231507848051,0.0,[0.47238017],[8.39088514e-09],-0.40133911955396595
1717201231563961770,0.3039776488422816,[0.39832433],[7.09851969e-09],-0.03337118160707453
1717201231621150759,0.0,[0.56602197],[9.89739432e-09],-0.7588291349137666
1717201231677218918,0.0,[2.32676126],[4.14987998e-08],1.0892896546792936
1717201231732146011,0.0,[3.13838846],[5.71373496e-08],-2.690936708189896
1717201231788808892,0.8693102853840468,[2.13176751],[3.76219406e-08],0.014460412974238501
1717201231850906588,0.7269484802140539,[2.37314115],[3.82162518e-08],0.02090173274294535
1717201231917327842,0.0,[1.43390746],[2.15880821e-08],0.21894980984389945
1717201231976155963,0.992645086687656,[1.94119407],[3.2997724e-08],-0.003430431649187937
1717201232032081116,0.0,[2.9045901],[5.1937098e-08],-0.23411019034798747
1717201232091928278,0.0,[1.45474198],[2.43076188e-08],0.04710013680909833
1717201232148258837,0.0,[0.42231906],[7.49715747e-09],2.858634478763253
1717201232205185468,0.0,[1.09533177],[1.92411139e-08],-2.6174674830682036
1717201232261470990,0.9034548975043256,[1.00519791],[1.78589075e-08],-0.012428683115804307
1717201232317910919,0.0,[0.73264451],[1.29809612e-08],2.736208231943491
1717201232428510637,0.0,[1.57444475],[1.42355224e-08],-0.06467494302675592
1717201232429514362,0.0,[1.25209869],[1.24745317e-06],-2.8278859483366565
1717201232486900994,0.7061699697249348,[1.53303902],[2.67142189e-08],-0.021682436404613398
1717201232543461597,0.11725256527380146,[3.48618957],[6.16363589e-08],-0.03758185593556973
1717201232599868722,0.0,[1.19072509],[2.11094805e-08],-0.1322143054585064
1717201232690701377,0.0,[0.43222018],[4.75842291e-09],1.0683904495064405
1717201232746871452,0.0,[1.37716206],[2.45177184e-08],0.09999996019814428
1717201232803185587,0.0,[1.30927457],[2.32494842e-08],1.8993215657933091
1717201232862152202,0.9553437158760395,[0.57201984],[9.70074082e-09],-0.008452813413197813
1717201232922715266,0.0,[1.53716025],[2.53811511e-08],-2.7813151675734296
1717201232979564562,0.0,[0.75339202],[1.32524426e-08],-0.16964602053732603
1717201233035430068,0.0,[0.71218355],[1.27481806e-08],0.11423935135176255
1717201233094491416,0.0,[0.32953912],[5.57960726e-09],0.674750235670057
1717201233151538833,0.0,[1.17988966],[2.06826135e-08],1.6390079781027072
1717201233208638930,0.0,[2.41471663],[4.22891868e-08],-2.472376905471272
1717201233265367993,0.0,[0.68909192],[1.21470705e-08],0.3116866147107631
1717201233320468162,0.0,[0.0545786],[9.9053427e-10],0.24377931454565988
1717201233377642454,0.0,[2.71601021],[4.75040471e-08],-0.3688890975005212
1717201233438659462,0.0,[2.47549155],[4.05705175e-08],-0.24609328471247524
1717201233496704340,0.8586503755133006,[1.84382865],[3.17655709e-08],0.01503859698172403
1717201233553869173,0.0,[1.61979716],[2.83355535e-08],2.9943487502345154
1717201233611318147,0.0,[0.47018937],[8.18446952e-09],0.056900018992549484
1717201233667912896,0.0,[0.61558215],[1.08770189e-08],-2.7613895697338044
1717201233724521702,0.0,[0.7107255],[1.25550345e-08],-0.04517908111740887
1717201233781737314,0.0,[1.60428079],[2.80392145e-08],-0.11891529684852076
1717201233838642785,0.0,[1.12602437],[1.97876297e-08],2.845039914238136
1717201233897074543,0.0,[2.40372217],[4.11372565e-08],-3.026425363492462
1717201233955870958,0.0,[1.2897305],[2.193553e-08],2.9428689957088223
1717201234013326885,0.0,[2.48399311],[4.32330185e-08],-2.7835355779550923
