Time Step,Health Status,dm,dmdt
1711585695276495008,[1.],[0.],[0.]
1711585695279041052,[1.],[0.],[0.]
1711585695281471004,[1.],[0.],[0.]
1711585695283831754,[0.99999099],[0.00060041],[0.00060041]
1711585695350120059,[0.99998344],[0.00081393],[0.00081393]
1711585695351922640,[0.99997328],[0.00103383],[0.00103383]
1711585695353731032,[0.99996988],[0.00109766],[0.00109766]
1711585695427527869,[0.99996014],[0.00126274],[0.00126274]
1711585695429365647,[0.99995269],[0.0013757],[0.0013757]
1711585695431107251,[0.99993319],[0.00163472],[0.00163472]
1711585695498148956,[0.9999486],[0.00143394],[0.00143394]
1711585695499980192,[0.99992164],[0.00177038],[0.00177038]
1711585695501696047,[0.99992701],[0.00170868],[0.00170868]
1711585695503598709,[0.99990912],[0.00190663],[0.00190663]
1711585695566878211,[0.99989881],[0.00201184],[0.00201184]
1711585695569096147,[0.99986394],[0.00233286],[0.00233286]
1711585695570985755,[0.99988783],[0.00211818],[0.00211818]
1711585695627932224,[0.99987858],[0.00220385],[0.00220385]
1711585695629729435,[0.99985338],[0.00242172],[0.00242172]
1711585695631522487,[0.99984098],[0.00252206],[0.00252206]
1711585695690493614,[0.99982819],[0.00262153],[0.00262153]
1711585695692310362,[0.99979524],[0.00286189],[0.00286189]
1711585695694106481,[0.99980083],[0.00282253],[0.00282253]
1711585695751781054,[0.99980851],[0.00276761],[0.00276761]
1711585695753610116,[0.99977352],[0.00300985],[0.00300985]
1711585695755361669,[0.99973344],[0.00326531],[0.00326531]
1711585695757256186,[0.99976943],[0.0030369],[0.0030369]
1711585695819389525,[0.99970065],[0.00346033],[0.00346033]
1711585695821223015,[0.99968417],[0.00355432],[0.00355432]
1711585695822966442,[0.99969718],[0.00348035],[0.00348035]
1711585695881752955,[0.99974268],[0.00320822],[0.00320822]
1711585695883627243,[0.99966732],[0.00364791],[0.00364791]
1711585695885398173,[0.99965137],[0.00373432],[0.00373432]
1711585695887277420,[0.99963529],[0.00381945],[0.00381945]
1711585695943142870,[0.99961911],[0.0039033],[0.0039033]
1711585695944913610,[0.99960283],[0.00398582],[0.00398582]
1711585695946802346,[0.99958649],[0.004067],[0.004067]
1711585696009723524,[0.99952488],[0.00435945],[0.00435945]
1711585696011502950,[0.99955262],[0.00423026],[0.00423026]
1711585696013360656,[0.99958146],[0.00409165],[0.00409165]
1711585696075839326,[0.99951776],[0.00439197],[0.00439197]
1711585696078028808,[0.99949914],[0.004476],[0.004476]
1711585696080007406,[0.99947928],[0.00456384],[0.00456384]
1711585696081859131,[0.99945787],[0.00465673],[0.00465673]
1711585696142903846,[0.99931551],[0.00523255],[0.00523255]
1711585696144843058,[0.9995225],[0.00437036],[0.00437036]
1711585696146725161,[0.99925578],[0.00545606],[0.00545606]
1711585696209723764,[0.99948031],[0.00455933],[0.00455933]
1711585696211515264,[0.99926228],[0.00543219],[0.00543219]
1711585696213878989,[0.99937061],[0.00501751],[0.00501751]
1711585696275887422,[0.99927287],[0.00539308],[0.00539308]
1711585696277863164,[0.9992417],[0.00550746],[0.00550746]
1711585696279674171,[0.99920951],[0.00562315],[0.00562315]
1711585696281408621,[0.99917634],[0.00573988],[0.00573988]
1711585696363877581,[0.99914226],[0.00585743],[0.00585743]
1711585696366054338,[0.99901439],[0.00627887],[0.00627887]
1711585696420886066,[0.99916166],[0.00579082],[0.00579082]
1711585696422740165,[0.99883012],[0.0068407],[0.0068407]
1711585696424494524,[0.99909249],[0.00602497],[0.00602497]
1711585696426330659,[0.9990608],[0.00612929],[0.00612929]
1711585696483195104,[0.99892124],[0.00656889],[0.00656889]
1711585696485105470,[0.99888209],[0.00668702],[0.00668702]
1711585696487042308,[0.9988424],[0.00680469],[0.00680469]
1711585696543474965,[0.99867782],[0.00727235],[0.00727235]
1711585696545302865,[0.99875954],[0.00704405],[0.00704405]
1711585696547768545,[0.99884482],[0.00679759],[0.00679759]
1711585696609501688,[0.9986791],[0.00726885],[0.00726885]
1711585696611316572,[0.99863734],[0.00738285],[0.00738285]
1711585696675433559,[0.99844959],[0.00787506],[0.00787506]
1711585696677394673,[0.99869361],[0.00722882],[0.00722882]
1711585696679181364,[0.99835603],[0.00810919],[0.00810919]
1711585696681005095,[0.99861665],[0.00743869],[0.00743869]
1711585696742494632,[0.9982616],[0.00833883],[0.00833883]
1711585696744340365,[0.998213],[0.00845458],[0.00845458]
1711585696809005000,[0.9983345],[0.00816211],[0.00816211]
1711585696810841255,[0.99861781],[0.00743557],[0.00743557]
1711585696812601685,[0.99788316],[0.00920182],[0.00920182]
1711585696875257625,[0.99837768],[0.00805561],[0.00805561]
1711585696877208069,[0.99816793],[0.00856054],[0.00856054]
1711585696878981003,[0.99830254],[0.00824005],[0.00824005]
1711585696942156377,[0.99788524],[0.00919731],[0.00919731]
1711585697009749979,[0.99803018],[0.00887653],[0.00887653]
1711585697011053916,[0.99819787],[0.00849029],[0.00849029]
1711585697012255807,[0.99773481],[0.00951879],[0.00951879]
1711585697013414115,[0.99791788],[0.00912605],[0.00912605]
1711585697014544038,[0.99763634],[0.00972349],[0.00972349]
1711585697018092552,[0.99804859],[0.00883495],[0.00883495]
1711585697076422738,[0.99799491],[0.00895564],[0.00895564]
1711585697078258062,[0.99775126],[0.00948418],[0.00948418]
1711585697080030776,[0.99770033],[0.00959097],[0.00959097]
1711585697141979412,[0.99742358],[0.0101517],[0.0101517]
1711585697143771162,[0.99785252],[0.00926818],[0.00926818]
1711585697209392708,[0.99731675],[0.01036002],[0.01036002]
1711585697211240837,[0.99754932],[0.00990087],[0.00990087]
1711585697213099034,[0.9974786],[0.01004271],[0.01004271]
1711585697275718655,[0.99771549],[0.00955932],[0.00955932]
1711585697277553648,[0.99713008],[0.01071432],[0.01071432]
1711585697279310552,[0.99738145],[0.01023436],[0.01023436]
1711585697345077927,[0.99757389],[0.00985111],[0.00985111]
1711585697377732228,[0.99730158],[0.01038926],[0.01038926]
1711585697379484382,[0.99694899],[0.0110472],[0.0110472]
1711585697439674723,[0.99719657],[0.01058949],[0.01058949]
1711585697441468948,[0.99743343],[0.01013227],[0.01013227]
1711585697443686724,[0.99711484],[0.01074273],[0.01074273]
1711585697500153815,[0.99707398],[0.01081853],[0.01081853]
1711585697501989329,[0.9967279],[0.01144045],[0.01144045]
1711585697503711697,[0.9972865],[0.01041826],[0.01041826]
1711585697562824874,[0.99695301],[0.0110399],[0.0110399]
1711585697564897490,[0.99691258],[0.01111292],[0.01111292]
1711585697566726421,[0.99621317],[0.01230744],[0.01230744]
1711585697625102810,[0.99743222],[0.01013465],[0.01013465]
1711585697626989642,[0.99646073],[0.01189835],[0.01189835]
1711585697628769329,[0.99706793],[0.01082971],[0.01082971]
1711585697689311502,[0.99671125],[0.01146953],[0.01146953]
1711585697691087552,[0.99632838],[0.01211878],[0.01211878]
1711585697692820379,[0.99628409],[0.01219165],[0.01219165]
1711585697752691307,[0.99723533],[0.01051603],[0.01051603]
1711585697754417722,[0.99653549],[0.01177202],[0.01177202]
1711585697756475106,[0.99647394],[0.01187613],[0.01187613]
1711585697817116043,[0.9963975],[0.01200417],[0.01200417]
1711585697818851926,[0.99630971],[0.01214955],[0.01214955]
1711585697820685446,[0.99621047],[0.01231184],[0.01231184]
1711585697822470173,[0.99610332],[0.01248467],[0.01248467]
1711585697885596633,[0.99556729],[0.01331572],[0.01331572]
1711585697887414914,[0.99540892],[0.0135515],[0.0135515]
1711585697947877365,[0.99610208],[0.01248666],[0.01248666]
1711585697949713780,[0.99552492],[0.01337921],[0.01337921]
1711585697951460564,[0.9953539],[0.01363247],[0.01363247]
1711585698043945179,[0.99516471],[0.01390725],[0.01390725]
1711585698045161197,[0.99549843],[0.01341875],[0.01341875]
1711585698046745529,[0.99422875],[0.01519375],[0.01519375]
1711585698049632637,[0.99457594],[0.01472965],[0.01472965]
1711585698051360305,[0.99430925],[0.01508741],[0.01508741]
1711585698109576691,[0.994083],[0.01538441],[0.01538441]
1711585698111303237,[0.99443248],[0.01492316],[0.01492316]
1711585698113024142,[0.99289453],[0.01685879],[0.01685879]
1711585698171991527,[0.99327112],[0.01640595],[0.01640595]
1711585698173726539,[0.99297106],[0.01676776],[0.01676776]
1711585698175696806,[0.99266604],[0.0171277],[0.0171277]
1711585698177721142,[0.99235689],[0.01748498],[0.01748498]
1711585698239970116,[0.99277133],[0.01700432],[0.01700432]
1711585698241811662,[0.99084254],[0.01913892],[0.01913892]
1711585698306422672,[0.99126573],[0.01869147],[0.01869147]
1711585698308572717,[0.98998551],[0.02001448],[0.02001448]
1711585698310461834,[0.99143738],[0.01850689],[0.01850689]
1711585698372933921,[0.99109789],[0.0188702],[0.0188702]
1711585698374662431,[0.98754858],[0.02231719],[0.02231719]
1711585698376474280,[0.99131724],[0.01863626],[0.01863626]
1711585698439633241,[0.98885825],[0.0211109],[0.0211109]
1711585698470441911,[0.98719757],[0.02262956],[0.02262956]
1711585698472122028,[0.98666441],[0.02309597],[0.02309597]
1711585698540139364,[0.9886468],[0.02131028],[0.02131028]
1711585698541917558,[0.98694502],[0.02285168],[0.02285168]
1711585698543595421,[0.98644233],[0.02328748],[0.02328748]
1711585698545260189,[0.98593109],[0.02372248],[0.02372248]
1711585698607515599,[0.98540271],[0.02416385],[0.02416385]
1711585698609222217,[0.98631338],[0.02339796],[0.02339796]
1711585698610933865,[0.9827331],[0.02628072],[0.02628072]
1711585698674080379,[0.9852682],[0.02427493],[0.02427493]
1711585698675877790,[0.98146506],[0.02722861],[0.02722861]
1711585698737373294,[0.98247707],[0.02647484],[0.02647484]
1711585698739339759,[0.98195959],[0.02686292],[0.02686292]
1711585698741076194,[0.97932029],[0.02876088],[0.02876088]
1711585698742762263,[0.98255195],[0.02641822],[0.02641822]
1711585698800695678,[0.97999722],[0.02828624],[0.02828624]
1711585698802401685,[0.97934949],[0.02874057],[0.02874057]
1711585698804087382,[0.98080769],[0.02770726],[0.02770726]
1711585698864681282,[0.97335175],[0.03264858],[0.03264858]
1711585698866537706,[0.97957805],[0.02858107],[0.02858107]
1711585698868238303,[0.97658085],[0.03060663],[0.03060663]
1711585698926716275,[0.97833924],[0.02943519],[0.02943519]
1711585698928435567,[0.9751898],[0.03150251],[0.03150251]
1711585698986309365,[0.97192428],[0.03351162],[0.03351162]
1711585698988304245,[0.97094086],[0.03409348],[0.03409348]
1711585698990153335,[0.97563432],[0.03121902],[0.03121902]
1711585698991329998,[0.97484305],[0.03172189],[0.03172189]
1711585699052318051,[0.97142954],[0.0338056],[0.0338056]
1711585699054044868,[0.97054357],[0.03432575],[0.03432575]
1711585699055767185,[0.96659392],[0.03655466],[0.03655466]
1711585699116950973,[0.95113797],[0.04420951],[0.04420951]
1711585699118860719,[0.97941788],[0.02869294],[0.02869294]
1711585699120695312,[0.97030736],[0.0344631],[0.0344631]
1711585699122491692,[0.96957968],[0.03488285],[0.03488285]
1711585699185847469,[0.96545901],[0.03717041],[0.03717041]
1711585699187705447,[0.96091566],[0.03953952],[0.03953952]
1711585699189523077,[0.96367047],[0.03812062],[0.03812062]
1711585699248450967,[0.96283063],[0.03855872],[0.03855872]
1711585699250283636,[0.96596908],[0.03689494],[0.03689494]
1711585699252307075,[0.95766501],[0.04115094],[0.04115094]
1711585699310374382,[0.96049029],[0.0397541],[0.0397541]
1711585699312154170,[0.95932334],[0.04033691],[0.04033691]
1711585699313892879,[0.96258928],[0.0386837],[0.0386837]
1711585699374294861,[0.95331211],[0.04321476],[0.04321476]
1711585699376049651,[0.95999017],[0.04000492],[0.04000492]
1711585699377782920,[0.95329353],[0.04322336],[0.04322336]
1711585699437625128,[0.95491012],[0.04246876],[0.04246876]
1711585699439526088,[0.9548746],[0.04248548],[0.04248548]
1711585699441301337,[0.94303293],[0.04773555],[0.04773555]
1711585699536973262,[0.96075419],[0.03962111],[0.03962111]
1711585699567525329,[0.95089373],[0.04431987],[0.04431987]
1711585699569185358,[0.95022458],[0.04462081],[0.04462081]
1711585699636439510,[0.94917807],[0.04508744],[0.04508744]
1711585699638244907,[0.94247736],[0.04796776],[0.04796776]
1711585699639963277,[0.94682245],[0.04612051],[0.04612051]
1711585699641702217,[0.94586136],[0.04653542],[0.04653542]
1711585699704824607,[0.94477142],[0.04700152],[0.04700152]
1711585699706633991,[0.93781951],[0.04987203],[0.04987203]
1711585699771273236,[0.94820743],[0.04551596],[0.04551596]
1711585699772995443,[0.94089163],[0.04862443],[0.04862443]
1711585699774726137,[0.93099145],[0.05253896],[0.05253896]
1711585699841884766,[0.93105804],[0.0525136],[0.0525136]
1711585699843618195,[0.95115038],[0.0442039],[0.0442039]
1711585699845354430,[0.94066291],[0.04871841],[0.04871841]
1711585699910354486,[0.93724162],[0.05010325],[0.05010325]
1711585699912079379,[0.9279936],[0.05366802],[0.05366802]
1711585699914056483,[0.92744194],[0.05387321],[0.05387321]
1711585699978323565,[0.94611288],[0.0464272],[0.0464272]
1711585699980089356,[0.93230742],[0.0520356],[0.0520356]
1711585699981824408,[0.93791176],[0.04983502],[0.04983502]
1711585699983528391,[0.93023177],[0.05282735],[0.05282735]
1711585700050785709,[0.92161844],[0.05599341],[0.05599341]
1711585700113193492,[0.92742838],[0.05387824],[0.05387824]
1711585700114374824,[0.9261938],[0.05433459],[0.05433459]
1711585700115581765,[0.92507414],[0.05474518],[0.05474518]
1711585700117972402,[0.93134872],[0.05240278],[0.05240278]
1711585700178377511,[0.91477321],[0.05838726],[0.05838726]
1711585700180184552,[0.92139969],[0.05607149],[0.05607149]
1711585700181862394,[0.92794952],[0.05368444],[0.05368444]
1711585700240246663,[0.91894114],[0.05694167],[0.05694167]
1711585700242039505,[0.91767708],[0.05738394],[0.05738394]
1711585700243710124,[0.91639982],[0.05782739],[0.05782739]
1711585700303655061,[0.90638547],[0.06119298],[0.06119298]
1711585700305516695,[0.91376547],[0.05873143],[0.05873143]
1711585700307313104,[0.91245638],[0.05917554],[0.05917554]
1711585700369627327,[0.91114647],[0.05961662],[0.05961662]
1711585700371436241,[0.91865594],[0.05704176],[0.05704176]
1711585700373132238,[0.89917149],[0.06350701],[0.06350701]
1711585700438088016,[0.90717804],[0.06093339],[0.06093339]
1711585700439872563,[0.90584005],[0.06137099],[0.06137099]
1711585700441640859,[0.9045045],[0.06180469],[0.06180469]
1711585700443400127,[0.90317509],[0.0622334],[0.0622334]
1711585700504473879,[0.91145174],[0.05951412],[0.05951412]
1711585700506261262,[0.90058442],[0.06306047],[0.06306047]
1711585700567097225,[0.89921073],[0.06349465],[0.06349465]
1711585700568843318,[0.89781275],[0.06393348],[0.06393348]
1711585700570552801,[0.88576659],[0.06759687],[0.06759687]
1711585700634057262,[0.90523854],[0.0615667],[0.0615667]
1711585700635806120,[0.88269854],[0.0684986],[0.0684986]
1711585700637572643,[0.90270075],[0.06238566],[0.06238566]
1711585700762943814,[0.85545301],[0.07603867],[0.07603867]
1711585700764732669,[0.91030056],[0.05989973],[0.05989973]
1711585700766566300,[0.89888387],[0.06359753],[0.06359753]
1711585700828365024,[0.87491191],[0.07073559],[0.07073559]
1711585700830224194,[0.88506737],[0.06780343],[0.06780343]
1711585700831908720,[0.89499914],[0.06480767],[0.06480767]
1711585700833570802,[0.87014338],[0.07207125],[0.07207125]
1711585700896846986,[0.89240009],[0.06560485],[0.06560485]
1711585700898566769,[0.87935426],[0.06946819],[0.06946819]
1711585700900352097,[0.87788373],[0.06989028],[0.06989028]
1711585700964986683,[0.86370534],[0.07383621],[0.07383621]
1711585700966821907,[0.88710366],[0.0672001],[0.0672001]
1711585701027147913,[0.87346882],[0.07114244],[0.07114244]
1711585701028852046,[0.87198538],[0.07155826],[0.07155826]
1711585701030588170,[0.87049865],[0.07197259],[0.07197259]
1711585701032263007,[0.84141514],[0.07964543],[0.07964543]
1711585701091990088,[0.89263432],[0.06553341],[0.06553341]
1711585701093690043,[0.86602921],[0.07320404],[0.07320404]
1711585701095471223,[0.86452154],[0.0736148],[0.0736148]
1711585701156947785,[0.84892365],[0.07773708],[0.07773708]
1711585701158744485,[0.86141849],[0.07445308],[0.07445308]
1711585701160513171,[0.85989867],[0.07486022],[0.07486022]
1711585701221140563,[0.84373232],[0.07906141],[0.07906141]
1711585701222899410,[0.88393211],[0.06813748],[0.06813748]
1711585701224644311,[0.85550275],[0.07602559],[0.07602559]
1711585701286055130,[0.83898098],[0.08025435],[0.08025435]
1711585701287909361,[0.85232742],[0.07685638],[0.07685638]
1711585701289675603,[0.86541177],[0.07337254],[0.07337254]
1711585701352359798,[0.84940851],[0.07761224],[0.07761224]
1711585701354074461,[0.83223918],[0.08191723],[0.08191723]
1711585701355833429,[0.83045413],[0.0823519],[0.0823519]
1711585701417757155,[0.87423616],[0.0709264],[0.0709264]
1711585701419672232,[0.84328395],[0.07917476],[0.07917476]
1711585701421402826,[0.82547119],[0.08355329],[0.08355329]
1711585701484188923,[0.84010981],[0.07997254],[0.07997254]
1711585701486005361,[0.8543326],[0.0763328],[0.0763328]
1711585701487773767,[0.820326],[0.08477594],[0.08477594]
1711585701551200018,[0.83544791],[0.08113004],[0.08113004]
1711585701552938586,[0.85013289],[0.07742535],[0.07742535]
1711585701554614996,[0.81518693],[0.08597978],[0.08597978]
1711585701618679160,[0.84730093],[0.07815346],[0.07815346]
1711585701620507972,[0.81171702],[0.08678317],[0.08678317]
1711585701622252513,[0.82761109],[0.08303949],[0.08303949]
1711585701685282336,[0.82603016],[0.08341938],[0.08341938]
1711585701686558770,[0.84159966],[0.07959908],[0.07959908]
1711585701688315013,[0.82292883],[0.08415965],[0.08415965]
1711585701690114779,[0.82133441],[0.0845377],[0.0845377]
1711585701755379382,[0.81974139],[0.08491375],[0.08491375]
1711585701757269301,[0.79945697],[0.08956406],[0.08956406]
1711585701759017508,[0.8164671],[0.08568148],[0.08568148]
1711585701850204492,[0.83295692],[0.08174181],[0.08174181]
1711585701851858128,[0.8134881],[0.08637405],[0.08637405]
1711585701948794710,[0.81348499],[0.08637477],[0.08637477]
1711585701950182047,[0.81390093],[0.0862784],[0.0862784]
1711585702015561212,[0.8143387],[0.08617686],[0.08617686]
1711585702017402528,[0.81481017],[0.08606738],[0.08606738]
1711585702019041797,[0.79638477],[0.09024749],[0.09024749]
1711585702020395589,[0.83379578],[0.0815363],[0.0815363]
1711585702085580979,[0.79753715],[0.08999174],[0.08999174]
1711585702087344335,[0.79801229],[0.08988609],[0.08988609]
1711585702089007719,[0.81565436],[0.08587098],[0.08587098]
1711585702154652079,[0.84949002],[0.07759123],[0.07759123]
1711585702220713217,[0.79347774],[0.09088944],[0.09088944]
1711585702221946178,[0.81110865],[0.08692326],[0.08692326]
1711585702223094917,[0.80958757],[0.08727254],[0.08727254]
1711585702224224691,[0.80807678],[0.08761808],[0.08761808]
1711585702227580957,[0.82547624],[0.08355208],[0.08355208]
1711585702289149112,[0.78516924],[0.09269968],[0.09269968]
1711585702290889314,[0.8228081],[0.08418834],[0.08418834]
1711585702292562979,[0.76062702],[0.09785152],[0.09785152]
1711585702354360389,[0.82012679],[0.08482292],[0.08482292]
1711585702356348104,[0.77869783],[0.09408553],[0.09408553]
1711585702358082555,[0.81757032],[0.08542357],[0.08542357]
1711585702419587161,[0.81638235],[0.08570126],[0.08570126]
1711585702421298147,[0.75214012],[0.09957106],[0.09957106]
1711585702423067124,[0.83298934],[0.08173388],[0.08173388]
1711585702486108219,[0.79255007],[0.09109334],[0.09109334]
1711585702487805089,[0.79122973],[0.09138277],[0.09138277]
1711585702489495135,[0.78992042],[0.09166888],[0.09166888]
1711585702491152177,[0.76690373],[0.09656009],[0.09656009]
1711585702560113699,[0.7653907],[0.09687297],[0.09687297]
1711585702561788536,[0.78587229],[0.09254787],[0.09254787]
1711585702563619081,[0.78458079],[0.09282655],[0.09282655]
1711585702629948831,[0.80444544],[0.0884431],[0.0884431]
1711585702631672541,[0.7820477],[0.09337072],[0.09337072]
1711585702696366341,[0.78073584],[0.0936513],[0.0936513]
1711585702698188801,[0.7080714],[0.10806084],[0.10806084]
1711585702700514694,[0.83950232],[0.08012432],[0.08012432]
1711585702763142265,[0.77652581],[0.09454611],[0.09454611]
1711585702764897946,[0.77505486],[0.09485676],[0.09485676]
1711585702766668697,[0.79564449],[0.0904114],[0.0904114]
1711585702833823231,[0.74858818],[0.10028197],[0.10028197]
1711585702835665679,[0.77017329],[0.09588049],[0.09588049]
1711585702837381524,[0.79093153],[0.09144801],[0.09144801]
1711585702839062022,[0.74242366],[0.10150396],[0.10150396]
1711585702904656685,[0.76422092],[0.09711418],[0.09711418]
1711585702906605015,[0.76197862],[0.09757487],[0.09757487]
1711585703006218314,[0.7595167],[0.09807819],[0.09807819]
1711585703008067003,[0.75683745],[0.09862303],[0.09862303]
1711585703009759594,[0.77801344],[0.0942309],[0.0942309]
1711585703034516978,[0.72553461],[0.10477889],[0.10477889]
1711585703100835150,[0.74786758],[0.10042558],[0.10042558]
1711585703102204431,[0.76961312],[0.09599727],[0.09599727]
1711585703103520251,[0.71484923],[0.10679902],[0.10679902]
1711585703104829237,[0.73781016],[0.10240895],[0.10240895]
1711585703169900849,[0.73423717],[0.10310438],[0.10310438]
1711585703171309235,[0.73055131],[0.10381689],[0.10381689]
1711585703236979204,[0.72673439],[0.10454963],[0.10454963]
1711585703238691052,[0.72273393],[0.10531212],[0.10531212]
1711585703304439921,[0.68966481],[0.11141547],[0.11141547]
1711585703305694444,[0.74214958],[0.10155795],[0.10155795]
1711585703306868702,[0.68026948],[0.11308944],[0.11308944]
1711585703309069285,[0.70548962],[0.10853762],[0.10853762]
1711585703310183980,[0.73024942],[0.10387504],[0.10387504]
1711585703373320127,[0.72631762],[0.10462932],[0.10462932]
1711585703375072342,[0.69219546],[0.11096027],[0.11096027]
1711585703377198953,[0.68746205],[0.11181019],[0.11181019]
1711585703439543424,[0.68262475],[0.11267213],[0.11267213]
1711585703441292693,[0.67771205],[0.11354082],[0.11354082]
1711585703443014811,[0.6390018],[0.12016625],[0.12016625]
1711585703506885187,[0.66729581],[0.11536103],[0.11536103]
1711585703508601504,[0.66210055],[0.11625824],[0.11625824]
1711585703510294415,[0.69043452],[0.11127722],[0.11127722]
1711585703573591898,[0.65181908],[0.11801371],[0.11801371]
1711585703575367267,[0.64643958],[0.11892189],[0.11892189]
1711585703638559903,[0.60405221],[0.12584877],[0.12584877]
1711585703640280607,[0.63522766],[0.12079277],[0.12079277]
1711585703641937390,[0.62966981],[0.12170952],[0.12170952]
1711585703706233957,[0.6608341],[0.1164759],[0.1164759]
1711585703708055134,[0.57944591],[0.12970028],[0.12970028]
1711585703709833709,[0.61275952],[0.1244573],[0.1244573]
1711585703774031029,[0.60715657],[0.12535445],[0.12535445]
1711585703775866653,[0.60159603],[0.1262385],[0.1262385]
1711585703777656641,[0.59609168],[0.12710756],[0.12710756]
1711585703873500334,[0.59068792],[0.127955],[0.127955]
1711585703875319687,[0.58533747],[0.12878859],[0.12878859]
1711585703876504916,[0.62114349],[0.12310264],[0.12310264]
1711585703942021020,[0.57517592],[0.13035706],[0.13035706]
1711585703943832478,[0.57004222],[0.13114233],[0.13114233]
1711585703945579864,[0.56496702],[0.13191406],[0.13191406]
1711585704009006628,[0.51772227],[0.13889244],[0.13889244]
1711585704010854746,[0.56368606],[0.13210813],[0.13210813]
1711585704012542147,[0.60722658],[0.12534328],[0.12534328]
1711585704077222720,[0.52151912],[0.13834463],[0.13834463]
1711585704079619770,[0.52303115],[0.13812586],[0.13812586]
1711585704080787305,[0.61087852],[0.1247592],[0.1247592]
1711585704082486809,[0.57030496],[0.13110226],[0.13110226]
1711585704147133870,[0.61359675],[0.12432268],[0.12432268]
1711585704148892727,[0.57352462],[0.13061017],[0.13061017]
1711585704216471220,[0.57537496],[0.13032652],[0.13032652]
1711585704240972996,[0.53410654],[0.13651278],[0.13651278]
1711585704242677780,[0.57965901],[0.12966742],[0.12966742]
1711585704308097689,[0.58194774],[0.12931392],[0.12931392]
1711585704309526365,[0.54183678],[0.13537551],[0.13537551]
1711585704310872923,[0.66539188],[0.11569064],[0.11569064]
1711585704375232150,[0.54751419],[0.13453413],[0.13453413]
1711585704377014523,[0.5926223],[0.12765229],[0.12765229]
1711585704378330272,[0.59572115],[0.12716585],[0.12716585]
1711585704379691258,[0.55791119],[0.13297952],[0.13297952]
1711585704443470818,[0.6025033],[0.12609468],[0.12609468]
1711585704445310851,[0.64443235],[0.11925899],[0.11925899]
1711585704510453530,[0.60969284],[0.12494913],[0.12494913]
1711585704512237425,[0.65127124],[0.11810652],[0.11810652]
1711585704513933913,[0.53751357],[0.13601271],[0.13601271]
1711585704578690152,[0.69378857],[0.11067275],[0.11067275]
1711585704580539382,[0.58779398],[0.12840654],[0.12840654]
1711585704582554893,[0.66651499],[0.11549632],[0.11549632]
1711585704684974607,[0.6348573],[0.12085408],[0.12085408]
1711585704686836051,[0.63939254],[0.1201012],[0.1201012]
1711585704688537268,[0.64396704],[0.11933699],[0.11933699]
1711585704690250889,[0.61269425],[0.12446779],[0.12446779]
1711585704760118824,[0.68715763],[0.11186463],[0.11186463]
1711585704762032729,[0.62308326],[0.12278709],[0.12278709]
1711585704829027344,[0.47450028],[0.14498272],[0.14498272]
1711585704830224907,[0.81353406],[0.0863634],[0.0863634]
1711585704831909192,[0.63932991],[0.12011163],[0.12011163]
1711585704833980465,[0.73882604],[0.10221036],[0.10221036]
1711585704897344119,[0.68212849],[0.11276019],[0.11276019]
1711585704899027592,[0.68690585],[0.11190963],[0.11190963]
1711585704900796329,[0.66019367],[0.11658582],[0.11658582]
1711585704965444871,[0.72609853],[0.10467119],[0.10467119]
1711585704967293641,[0.7010734],[0.10934836],[0.10934836]
1711585704968966504,[0.70572961],[0.10849339],[0.10849339]
1711585705031489557,[0.71037726],[0.10763322],[0.10763322]
1711585705033373795,[0.68584511],[0.11209904],[0.11209904]
1711585705035081956,[0.7470207],[0.1005941],[0.1005941]
1711585705100156324,[0.69592955],[0.11028517],[0.11028517]
1711585705102115886,[0.75516905],[0.09896079],[0.09896079]
1711585705103895313,[0.70571744],[0.10849563],[0.10849563]
1711585705168518777,[0.76298042],[0.09736931],[0.09736931]
1711585705170334383,[0.74148038],[0.10168965],[0.10168965]
1711585705172033727,[0.71965883],[0.10589451],[0.10589451]
1711585705173703654,[0.74989185],[0.10002163],[0.10002163]
1711585705238376494,[0.77779018],[0.09427827],[0.09427827]
1711585705240113700,[0.73285271],[0.10337259],[0.10337259]
1711585705241821360,[0.78478661],[0.09278219],[0.09278219]
1711585705306197782,[0.76522044],[0.09690811],[0.09690811]
1711585705308026544,[0.76896081],[0.09613307],[0.09613307]
1711585705309740886,[0.74932311],[0.10013529],[0.10013529]
1711585705377766365,[0.75336491],[0.09932474],[0.09932474]
1711585705402114494,[0.82149827],[0.08449893],[0.08449893]
1711585705495536930,[0.78280287],[0.09320883],[0.09320883]
1711585705496759451,[0.78607437],[0.09250419],[0.09250419]
1711585705497773232,[0.76778177],[0.09637805],[0.09637805]
1711585705498745343,[0.77140554],[0.09562311],[0.09562311]
1711585705501222245,[0.81563514],[0.08587546],[0.08587546]
1711585705566509502,[0.81817426],[0.08528206],[0.08528206]
1711585705568365175,[0.75975104],[0.0980304],[0.0980304]
1711585705570183737,[0.84142041],[0.0796441],[0.0796441]
1711585705634484283,[0.8067905],[0.0879112],[0.0879112]
1711585705636353793,[0.7899556],[0.0916612],[0.0916612]
1711585705700073908,[0.79289986],[0.09101651],[0.09101651]
1711585705765739478,[0.33458178],[0.16314634],[0.16314634]
1711585705767530176,[0.80048528],[0.08933414],[0.08933414]
1711585705769369698,[0.8212929],[0.08454753],[0.08454753]
1711585705834345568,[0.82342782],[0.08404099],[0.08404099]
1711585705836601170,[0.84246734],[0.07938077],[0.07938077]
1711585705838393662,[0.82742537],[0.08308421],[0.08308421]
1711585705903807046,[0.81191929],[0.08673655],[0.08673655]
1711585705905624426,[0.83133943],[0.08213661],[0.08213661]
1711585705907417590,[0.8161443],[0.0857568],[0.0857568]
1711585705909101704,[0.83511514],[0.08121203],[0.08121203]
1711585705974199808,[0.86782097],[0.07271287],[0.07271287]
1711585705975985757,[0.83849956],[0.08037423],[0.08037423]
1711585706042052965,[0.8238231],[0.08394687],[0.08394687]
1711585706043877118,[0.8572058],[0.07557624],[0.07557624]
1711585706109776135,[0.82723628],[0.08312971],[0.08312971]
1711585706111577173,[0.84481989],[0.07878581],[0.07878581]
1711585706113250898,[0.86122517],[0.07450499],[0.07450499]
1711585706114426329,[0.84761043],[0.07807421],[0.07807421]
1711585706210653189,[0.83353897],[0.08159927],[0.08159927]
1711585706212437576,[0.83507253],[0.08122253],[0.08122253]
1711585706214135747,[0.86615617],[0.07316935],[0.07316935]
1711585706280699638,[0.852926],[0.07670046],[0.07670046]
1711585706281882082,[0.86817864],[0.07261442],[0.07261442]
1711585706283669124,[0.8527968],[0.07673414],[0.07673414]
1711585706351187251,[0.8348231],[0.08128392],[0.08128392]
1711585706352908928,[0.84783008],[0.07801793],[0.07801793]
1711585706420570420,[0.84563065],[0.07857973],[0.07857973]
1711585706422333286,[0.84349822],[0.07912061],[0.07912061]
1711585706424040595,[0.84145461],[0.07963552],[0.07963552]
1711585706489188413,[0.8552279],[0.07609786],[0.07609786]
1711585706556799117,[0.82112092],[0.0845882],[0.0845882]
1711585706558002953,[0.83595904],[0.08100394],[0.08100394]
1711585706559149558,[0.81725057],[0.0854984],[0.0854984]
1711585706560303929,[0.86444939],[0.0736344],[0.0736344]
1711585706563646700,[0.81386769],[0.08628611],[0.08628611]
1711585706633630558,[0.84634041],[0.07839887],[0.07839887]
1711585706635438040,[0.82840056],[0.08284913],[0.08284913]
1711585706662664125,[0.79070102],[0.09149841],[0.09149841]
1711585706664325947,[0.84273167],[0.07931414],[0.07931414]
1711585706730390619,[0.84170534],[0.07957252],[0.07957252]
1711585706732111825,[0.82350382],[0.0840229],[0.0840229]
1711585706801380035,[0.82247766],[0.0842668],[0.0842668]
1711585706803252270,[0.82158551],[0.08447828],[0.08447828]
1711585706805041926,[0.82204858],[0.08436858],[0.08436858]
1711585706807449416,[0.82335323],[0.08405874],[0.08405874]
1711585706883749068,[0.80675139],[0.0879201],[0.0879201]
1711585706884869724,[0.84297946],[0.07925163],[0.07925163]
1711585706983186978,[0.82723194],[0.08313075],[0.08313075]
1711585706984967768,[0.82844566],[0.08283824],[0.08283824]
1711585706986696999,[0.82963569],[0.08255042],[0.08255042]
1711585707053425574,[0.81349785],[0.08637179],[0.08637179]
1711585707055277099,[0.83200738],[0.08197381],[0.08197381]
1711585707057276758,[0.8160455],[0.08577983],[0.08577983]
1711585707058999176,[0.85040284],[0.07735558],[0.07735558]
1711585707126338653,[0.83528387],[0.08117047],[0.08117047]
1711585707128108672,[0.83635915],[0.08090509],[0.08090509]
1711585707129296647,[0.83739493],[0.08064864],[0.08064864]
1711585707197742611,[0.85414773],[0.07638122],[0.07638122]
1711585707200042996,[0.82294085],[0.08415679],[0.08415679]
1711585707201695941,[0.8404264],[0.07989333],[0.07989333]
1711585707270127797,[0.82518263],[0.08362234],[0.08362234]
1711585707271831500,[0.84242773],[0.07939075],[0.07939075]
1711585707273474947,[0.81055215],[0.08705121],[0.08705121]
1711585707341290162,[0.88754502],[0.06706862],[0.06706862]
1711585707343125086,[0.82937122],[0.08261447],[0.08261447]
1711585707344822477,[0.87535679],[0.07060969],[0.07060969]
1711585707413452194,0,[0.39275175],[0.39275175]
1711585707482534357,[0.85133718],[0.07711364],[0.07711364]
1711585707484274900,[0.86655852],[0.07305928],[0.07305928]
1711585707486436320,[0.83789024],[0.08052571],[0.08052571]
1711585707488155743,[0.85359234],[0.07652651],[0.07652651]
1711585707556827266,[0.85298999],[0.07668377],[0.07668377]
1711585707558544455,[0.86660978],[0.07304525],[0.07304525]
1711585707560264398,[0.83620406],[0.08094342],[0.08094342]
1711585707561953963,[0.86526767],[0.07341181],[0.07341181]
1711585707662941680,[0.85005651],[0.07744508],[0.07744508]
1711585707731718618,[0.84941793],[0.07760981],[0.07760981]
1711585707733497314,[0.83334277],[0.08164735],[0.08164735]
1711585707735234150,[0.84832772],[0.07789025],[0.07789025]
1711585707737075997,[0.84785616],[0.07801124],[0.07801124]
1711585707808799747,[0.84740975],[0.0781256],[0.0781256]
1711585707810656673,[0.86191163],[0.07432049],[0.07432049]
1711585707812343783,[0.84660811],[0.07833055],[0.07833055]
1711585707909632066,0,[0.39682515],[0.39682515]
1711585707911392487,[0.84476402],[0.07879999],[0.07879999]
1711585707913072484,[0.84454487],[0.0788556],[0.0788556]
1711585707986282380,[0.8443387],[0.07890787],[0.07890787]
1711585707988108827,[0.8441481],[0.07895617],[0.07895617]
1711585707989884818,[0.84396902],[0.07900151],[0.07900151]
1711585707991561830,[0.85904064],[0.07508911],[0.07508911]
1711585708061370022,[0.84366772],[0.07907775],[0.07907775]
1711585708063128439,[0.81065961],[0.08702652],[0.08702652]
1711585708065086340,[0.87314722],[0.0712328],[0.0712328]
1711585708134539420,[0.81036932],[0.08709321],[0.08709321]
1711585708136412557,[0.85845955],[0.07524372],[0.07524372]
1711585708206096952,[0.85837651],[0.07526579],[0.07526579]
1711585708207881730,[0.84299],[0.07924898],[0.07924898]
1711585708209682969,[0.84293003],[0.07926411],[0.07926411]
1711585708211399516,[0.8428531],[0.07928352],[0.07928352]
1711585708280579757,0,[0.31727342],[0.31727342]
1711585708282445790,[0.84255711],[0.07935815],[0.07935815]
1711585708284177656,[0.84251264],[0.07936935],[0.07936935]
1711585708286304109,[0.84246554],[0.07938122],[0.07938122]
1711585708385067595,[0.84242666],[0.07939102],[0.07939102]
1711585708387430972,[0.82624539],[0.08336777],[0.08336777]
1711585708456607615,[0.84236683],[0.07940609],[0.07940609]
1711585708458417140,[0.85771263],[0.075442],[0.075442]
1711585708460156210,[0.82617129],[0.08338554],[0.08338554]
1711585708461818272,[0.82615906],[0.08338847],[0.08338847]
1711585708533034320,[0.85770087],[0.07544512],[0.07544512]
1711585708534778329,[0.85771509],[0.07544134],[0.07544134]
1711585708536679119,[0.84231236],[0.07941981],[0.07941981]
1711585708606623262,[0.84233677],[0.07941366],[0.07941366]
1711585708608443557,[0.84236597],[0.0794063],[0.0794063]
1711585708679059557,0,[0.40487246],[0.40487246]
1711585708680808225,[0.87242192],[0.07143615],[0.07143615]
1711585708681935814,[0.82638058],[0.08333533],[0.08333533]
1711585708751415858,[0.84254708],[0.07936068],[0.07936068]
1711585708753172903,[0.84258404],[0.07935136],[0.07935136]
1711585708754857779,[0.85796562],[0.0753749],[0.0753749]
1711585708825309353,[0.82648562],[0.08331011],[0.08331011]
1711585708826578403,[0.84266436],[0.07933111],[0.07933111]
1711585708858165622,[0.82654885],[0.08329493],[0.08329493]
1711585708934504827,[0.84271171],[0.07931918],[0.07931918]
1711585708936588287,[0.87262085],[0.07138043],[0.07138043]
1711585708938426667,[0.84276821],[0.07930493],[0.07930493]
1711585709012743663,0,[0.4003391],[0.4003391]
1711585709014604487,[0.84298747],[0.07924961],[0.07924961]
1711585709115595500,[0.84301747],[0.07924204],[0.07924204]
1711585709118008320,[0.79243204],[0.09111925],[0.09111925]
1711585709119720729,[0.87288762],[0.07130565],[0.07130565]
1711585709120830123,[0.85840778],[0.07525748],[0.07525748]
1711585709189313138,[0.85840428],[0.07525841],[0.07525841]
1711585709191080291,[0.82707028],[0.08316964],[0.08316964]
1711585709192837787,[0.85845438],[0.0752451],[0.0752451]
1711585709260523695,[0.82711563],[0.08315873],[0.08315873]
1711585709262269017,[0.84321256],[0.07919279],[0.07919279]
1711585709263956879,[0.8585223],[0.07522704],[0.07522704]
1711585709332393535,[0.82720441],[0.08313738],[0.08313738]
1711585709334107808,[0.84329817],[0.07917116],[0.07917116]
1711585709403942049,[0.85860691],[0.07520455],[0.07520455]
1711585709405730183,[0.84336925],[0.0791532],[0.0791532]
1711585709407475875,[0.81052386],[0.08705771],[0.08705771]
1711585709475204677,0,[0.30855087],[0.30855087]
1711585709477212230,[0.82760321],[0.08304139],[0.08304139]
1711585709478932995,[0.85892323],[0.07512038],[0.07512038]
1711585709547402517,[0.84373127],[0.07906168],[0.07906168]
1711585709549276665,[0.8277819],[0.08299834],[0.08299834]
1711585709616637663,[0.84385532],[0.07903029],[0.07903029]
1711585709618373076,[0.84391283],[0.07901574],[0.07901574]
1711585709620118599,[0.85918092],[0.07505174],[0.07505174]
1711585709621802253,[0.84403218],[0.07898552],[0.07898552]
1711585709689141405,[0.84409799],[0.07896886],[0.07896886]
1711585709690883280,[0.82819618],[0.08289845],[0.08289845]
1711585709692631318,[0.84423146],[0.07893505],[0.07893505]
1711585709790723770,[0.82834203],[0.08286325],[0.08286325]
1711585709792456108,[0.84438381],[0.07889644],[0.07889644]
1711585709794118551,[0.8596201],[0.07493461],[0.07493461]
1711585709863195394,[0.77613332],[0.0946291],[0.0946291]
1711585709864933993,[0.91259759],[0.0591278],[0.0591278]
1711585709866732075,[0.8287787],[0.08275779],[0.08275779]
1711585709936019328,[0.84479514],[0.0787921],[0.0787921]
1711585709937897765,[0.84489005],[0.078768],[0.078768]
1711585709939684206,[0.86012073],[0.07480087],[0.07480087]
1711585709941392417,[0.84512274],[0.0787089],[0.0787089]
1711585710009644128,0,[0.31447145],[0.31447145]
1711585710011430519,[0.83008494],[0.08244151],[0.08244151]
1711585710013138530,[0.79644822],[0.09023343],[0.09023343]
1711585710083064477,[0.90160648],[0.06273548],[0.06273548]
1711585710084753191,[0.83069675],[0.08229295],[0.08229295]
1711585710086518501,[0.86159111],[0.07440669],[0.07440669]
1711585710088238385,[0.84684041],[0.07827122],[0.07827122]
1711585710157563281,[0.84705421],[0.07821657],[0.07821657]
1711585710159298284,[0.83162423],[0.08206723],[0.08206723]
1711585710227616312,[0.84752049],[0.07809725],[0.07809725]
1711585710229435566,[0.84774941],[0.0780386],[0.0780386]
1711585710231130662,[0.8479881],[0.07797741],[0.07797741]
1711585710300322726,[0.84821645],[0.07791882],[0.07791882]
1711585710302021328,[0.84844618],[0.07785983],[0.07785983]
1711585710303702156,[0.84866994],[0.07780233],[0.07780233]
1711585710373071917,[0.84887969],[0.07774839],[0.07774839]
1711585710374757114,[0.86379835],[0.07381102],[0.07381102]
1711585710376535449,[0.84925318],[0.07765226],[0.07765226]
1711585710445955407,[0.83397952],[0.08149122],[0.08149122]
1711585710447874061,[0.84954852],[0.07757615],[0.07757615]
1711585710449692774,[0.84964002],[0.07755256],[0.07755256]
1711585710549303317,0,[0.31018609],[0.31018609]
1711585710551051955,[0.84938093],[0.07761935],[0.07761935]
1711585710552774112,[0.84913248],[0.07768334],[0.07768334]
1711585710554530125,[0.84880296],[0.07776813],[0.07776813]
1711585710624780164,[0.84826887],[0.07790536],[0.07790536]
1711585710626706212,[0.86246207],[0.07417221],[0.07417221]
1711585710628506650,[0.84677921],[0.07828686],[0.07828686]
1711585710699260192,[0.84576066],[0.07854663],[0.07854663]
1711585710700960237,[0.82860328],[0.08280017],[0.08280017]
1711585710769422502,[0.84309229],[0.07922316],[0.07922316]
1711585710771125303,[0.85692644],[0.07565013],[0.07565013]
1711585710772823956,[0.83966404],[0.08008395],[0.08008395]
1711585710774489615,[0.83767397],[0.08057941],[0.08057941]
1711585710843176169,[0.83554632],[0.08110578],[0.08110578]
1711585710844934396,[0.83328374],[0.08166181],[0.08166181]
1711585710846646394,[0.81344085],[0.08638499],[0.08638499]
1711585710915687067,[0.82811254],[0.08291863],[0.08291863]
1711585710917467927,[0.8073425],[0.08778553],[0.08778553]
1711585710919218730,[0.83961615],[0.08009591],[0.08009591]
1711585710988924465,[0.81921979],[0.08503651],[0.08503651]
1711585710990678154,[0.81594534],[0.08580318],[0.08580318]
1711585710992351959,[0.81252361],[0.08659709],[0.08659709]
1711585711063964116,[0.80893438],[0.08742211],[0.08742211]
1711585711095165619,[0.80522527],[0.08826658],[0.08826658]
1711585711097286069,[0.82081591],[0.08466028],[0.08466028]
1711585711176201093,0,[0.36543778],[0.36543778]
1711585711177952477,[0.75785588],[0.09841628],[0.09841628]
1711585711179698531,[0.77568708],[0.09472337],[0.09472337]
1711585711280317722,0,[0.29009891],[0.29009891]
1711585711282066861,[0.78030964],[0.09374228],[0.09374228]
1711585711283741588,[0.75170192],[0.09965903],[0.09965903]
1711585711285415153,[0.74663011],[0.10067172],[0.10067172]
1711585711357092093,[0.74150594],[0.10168462],[0.10168462]
1711585711358851412,[0.73628849],[0.1027057],[0.1027057]
1711585711360639146,[0.70322401],[0.1089543],[0.1089543]
1711585711432671637,[0.72527757],[0.10482794],[0.10482794]
1711585711433851556,[0.74724155],[0.10055018],[0.10055018]
1711585711436223828,[0.68514007],[0.11222476],[0.11222476]
1711585711506782618,[0.73724544],[0.10251918],[0.10251918]
1711585711508561465,[0.70341048],[0.10892007],[0.10892007]
1711585711510298221,[0.69779092],[0.10994709],[0.10994709]
1711585711512549662,[0.66045116],[0.11654164],[0.11654164]
1711585711587953659,[0.68616764],[0.11204149],[0.11204149]
1711585711660376618,[0.64749682],[0.11874396],[0.11874396]
1711585711661609960,[0.70621509],[0.10840386],[0.10840386]
1711585711662753129,[0.70117234],[0.10933026],[0.10933026]
1711585711665002066,[0.66314494],[0.11607843],[0.11607843]
1711585711666904187,[0.65721284],[0.11709606],[0.11709606]
1711585711739964007,[0.61536873],[0.1240373],[0.1240373]
1711585711741142824,[0.67980695],[0.11317121],[0.11317121]
1711585711743424524,[0.63945273],[0.12009118],[0.12009118]
1711585711817297960,0,[0.49635107],[0.49635107]
1711585711819025077,[0.609436],[0.12499024],[0.12499024]
1711585711820794405,[0.56258915],[0.13227409],[0.13227409]
1711585711921758267,[0.63649333],[0.12058303],[0.12058303]
1711585711922930321,[0.63130744],[0.12144012],[0.12144012]
1711585711996843904,[0.4513961],[0.1481356],[0.1481356]
1711585711998084210,[0.659067],[0.11677894],[0.11677894]
1711585711999898053,[0.57346342],[0.13061954],[0.13061954]
1711585712001756521,[0.56753505],[0.13152413],[0.13152413]
1711585712073879586,[0.60448607],[0.1257798],[0.1257798]
1711585712075701405,[0.46239526],[0.14664307],[0.14664307]
1711585712077472146,[0.63535806],[0.12077118],[0.12077118]
1711585712147647792,0,[0.55221762],[0.55221762]
1711585712149444683,[0.52034174],[0.13851473],[0.13851473]
1711585712151432516,[0.56202804],[0.1323589],[0.1323589]
1711585712222960715,[0.50910159],[0.14012829],[0.14012829]
1711585712224726807,[0.45229438],[0.14801427],[0.14801427]
1711585712227457578,[0.54649471],[0.1346856],[0.1346856]
1711585712297421165,[0.49199735],[0.14254861],[0.14254861]
1711585712299156478,[0.48632505],[0.14334224],[0.14334224]
1711585712300832408,[0.4806535],[0.1441314],[0.1441314]
1711585712302503788,[0.42098848],[0.15218561],[0.15218561]
1711585712374873716,[0.52092928],[0.13842987],[0.13842987]
1711585712377000475,[0.46371447],[0.14646304],[0.14646304]
1711585712451546052,[0.40244636],[0.15460319],[0.15460319]
1711585712453344286,[0.45233463],[0.14800883],[0.14800883]
1711585712455022780,[0.5008796],[0.14129691],[0.14129691]
1711585712456822987,[0.4416075],[0.14945133],[0.14945133]
1711585712557548361,0,[0.60506063],[0.60506063]
1711585712630908064,[0.41437103],[0.1530528],[0.1530528]
1711585712632103072,[0.40895926],[0.15375835],[0.15375835]
1711585712633266621,[0.34228191],[0.16219964],[0.16219964]
1711585712635557417,[0.3978923],[0.1551912],[0.1551912]
1711585712708354773,[0.39252591],[0.15588125],[0.15588125]
1711585712710184427,[0.44705731],[0.14872023],[0.14872023]
1711585712711885284,[0.38213101],[0.15720929],[0.15720929]
1711585712713608614,[0.31278714],[0.16579661],[0.16579661]
1711585712786426239,[0.43265568],[0.15064452],[0.15064452]
1711585712788834100,[0.16127066],[0.18316433],[0.18316433]
1711585712790548532,[0.53797861],[0.13594431],[0.13594431]
1711585712791668106,[0.35565547],[0.16054215],[0.16054215]
1711585712864031662,[0.35037059],[0.16119918],[0.16119918]
1711585712865892235,[0.27781961],[0.16996239],[0.16996239]
1711585712939641744,[0.33956927],[0.16253378],[0.16253378]
1711585712941410351,[0.26593906],[0.17135471],[0.17135471]
1711585712943129783,[0.39437922],[0.15564328],[0.15564328]
1711585712944827705,[0.25434277],[0.17270289],[0.17270289]
1711585713020420103,0,[0.65594664],[0.65594664]
1711585713022193989,[0.29760938],[0.1676175],[0.1676175]
1711585713023895537,[0.36151004],[0.15981113],[0.15981113]
1711585713125750224,[0.21424051],[0.17728615],[0.17728615]
1711585713127515283,[0.28192397],[0.16947873],[0.16947873]
1711585713129219467,[0.20242133],[0.17861452],[0.17861452]
1711585713204982793,[0.34238204],[0.16218729],[0.16218729]
1711585713207125415,[0.26619506],[0.17132483],[0.17132483]
1711585713232521035,[0.33312741],[0.16332454],[0.16332454]
1711585713312344575,0,[0.69366308],[0.69366308]
1711585713313885495,[0.24072578],[0.17427269],[0.17427269]
1711585713315298481,[0.24295267],[0.17401693],[0.17401693]
1711585713389424769,[0.16802365],[0.18242548],[0.18242548]
1711585713391155833,[0.2479454],[0.17344216],[0.17344216]
1711585713392881829,[0.25052266],[0.17314472],[0.17314472]
1711585713467240237,[0.32612582],[0.16417968],[0.16417968]
1711585713469034233,[0.18019863],[0.18108577],[0.18108577]
1711585713470721514,[0.25984033],[0.17206507],[0.17206507]
1711585713472398365,[0.33514129],[0.16307774],[0.16307774]
1711585713544708117,0,[0.69004523],[0.69004523]
1711585713545878438,[0.35719474],[0.16035027],[0.16035027]
1711585713548161370,[0.22200377],[0.17640819],[0.17640819]
1711585713549831227,[0.30149301],[0.16715346],[0.16715346]
1711585713551565328,[0.30881707],[0.16627482],[0.16627482]
1711585713553206531,[0.31642587],[0.16535708],[0.16535708]
1711585713654058267,[0.39001803],[0.15620268],[0.15620268]
1711585713655819530,[0.33230472],[0.16342525],[0.16342525]
1711585713657592675,[0.2739497],[0.17041717],[0.17041717]
1711585713728966153,[0.35073394],[0.1611541],[0.1611541]
1711585713730696226,[0.4223525],[0.15200625],[0.15200625]
1711585713802125764,0,[0.20617184],[0.20617184]
1711585713803280275,[0.65242341],[0.11791125],[0.11791125]
1711585713804982204,[0.39143793],[0.15602078],[0.15602078]
1711585713806743898,[0.40252792],[0.15459264],[0.15459264]
1711585713876641561,[0.47071647],[0.14550375],[0.14550375]
1711585713878391201,[0.42458974],[0.1517116],[0.1517116]
1711585713950094833,[0.43623382],[0.15016873],[0.15016873]
1711585713952021001,[0.39185576],[0.15596721],[0.15596721]
1711585713953703143,[0.46061456],[0.14688573],[0.14688573]
1711585713955519160,[0.47243037],[0.14526798],[0.14526798]
1711585714026502281,[0.53441301],[0.13646787],[0.13646787]
1711585714028207822,[0.44466136],[0.14904209],[0.14904209]
1711585714029925828,[0.55642216],[0.13320328],[0.13320328]
1711585714099789667,[0.52033834],[0.13851522],[0.13851522]
1711585714101473497,[0.53264701],[0.13672644],[0.13672644]
1711585714201885364,[0.54483485],[0.13493186],[0.13493186]
1711585714203648978,[0.51158461],[0.13977344],[0.13977344]
1711585714205641854,[0.56903772],[0.13129544],[0.13129544]
1711585714207581745,[0.58061507],[0.12951987],[0.12951987]
1711585714304900064,0,[0.50654638],[0.50654638]
1711585714306675089,[0.67131407],[0.11466228],[0.11466228]
1711585714308321497,[0.64597727],[0.11899962],[0.11899962]
1711585714381623662,[0.68945808],[0.11145258],[0.11145258]
1711585714383708731,[0.66546402],[0.11567817],[0.11567817]
1711585714385485058,[0.67492521],[0.11403066],[0.11403066]
1711585714457727131,[0.68408386],[0.11241284],[0.11241284]
1711585714459480274,[0.69299718],[0.11081567],[0.11081567]
1711585714461187429,[0.7016629],[0.10924049],[0.10924049]
1711585714533242690,[0.68058969],[0.11303279],[0.11303279]
1711585714534985804,[0.71841922],[0.10612837],[0.10612837]
1711585714608212763,[0.72629508],[0.10463363],[0.10463363]
1711585714610010542,[0.73385722],[0.10317806],[0.10317806]
1711585714611700614,[0.76619761],[0.09670623],[0.09670623]
1711585714685838251,0,[0.48885619],[0.48885619]
1711585714687670145,[0.77938045],[0.09394031],[0.09394031]
1711585714688799180,[0.76318267],[0.09732776],[0.09732776]
1711585714791745631,[0.79069559],[0.0914996],[0.0914996]
1711585714793504104,[0.79601989],[0.09032831],[0.09032831]
1711585714795201490,[0.80113189],[0.08918926],[0.08918926]
1711585714869428749,[0.82479315],[0.08371544],[0.08371544]
1711585714871292324,[0.79106363],[0.09141912],[0.09141912]
1711585714873003105,[0.81497369],[0.08602937],[0.08602937]
1711585714945710649,0,[0.33045798],[0.33045798]
1711585714947595665,[0.79959478],[0.08953328],[0.08953328]
1711585714949318310,[0.86859341],[0.07250009],[0.07250009]
1711585714951023340,[0.84083115],[0.07979194],[0.07979194]
1711585715025792278,[0.82815447],[0.08290851],[0.08290851]
1711585715027517137,[0.86203232],[0.074288],[0.074288]
1711585715029258758,[0.83463696],[0.08132971],[0.08132971]
1711585715104279277,[0.85288156],[0.07671204],[0.07671204]
1711585715106151619,[0.85558458],[0.07600406],[0.07600406]
1711585715107887870,[0.85814004],[0.0753286],[0.0753286]
1711585715181960401,[0.87407443],[0.07097199],[0.07097199]
1711585715183701221,[0.84882859],[0.07776154],[0.07776154]
1711585715185449615,[0.86518095],[0.07343543],[0.07343543]
1711585715288511716,0,[0.28842097],[0.28842097]
1711585715290284757,[0.87151252],[0.0716903],[0.0716903]
1711585715291970261,[0.86970223],[0.07219356],[0.07219356]
1711585715293612952,[0.8808289],[0.06904233],[0.06904233]
1711585715394990289,[0.83815487],[0.08045996],[0.08045996]
1711585715396767377,[0.87784276],[0.069902],[0.069902]
1711585715398645610,[0.86320733],[0.07397099],[0.07397099]
1711585715478975921,0,[0.29940813],[0.29940813]
1711585715480566322,[0.8710472],[0.07182],[0.07182]
1711585715482033336,[0.84135766],[0.07965986],[0.07965986]
1711585715555928768,[0.8693039],[0.07230383],[0.07230383]
1711585715557727198,[0.85434487],[0.07632958],[0.07632958]
1711585715631431012,[0.83852518],[0.08036786],[0.08036786]
1711585715632586078,[0.8527999],[0.07673333],[0.07673333]
1711585715633726315,[0.85214551],[0.0769037],[0.0769037]
1711585715637202774,[0.85151775],[0.07706679],[0.07706679]
1711585715711652178,[0.86550609],[0.07334682],[0.07334682]
1711585715713423937,[0.83521067],[0.08118851],[0.08118851]
1711585715715130681,[0.86469687],[0.07356715],[0.07356715]
1711585715822216992,0,[0.31068389],[0.31068389]
1711585715823921462,[0.84848447],[0.07784999],[0.07784999]
1711585715825690556,[0.84823375],[0.07791438],[0.07791438]
1711585715827390707,[0.84802909],[0.07796689],[0.07796689]
1711585715903365087,[0.83225722],[0.08191283],[0.08191283]
1711585715978629204,[0.86257865],[0.07414077],[0.07414077]
1711585715980563685,[0.84762744],[0.07806985],[0.07806985]
1711585715982238618,[0.84752864],[0.07809516],[0.07809516]
1711585715983918080,[0.84743741],[0.07811852],[0.07811852]
1711585716059679032,[0.8473547],[0.0781397],[0.0781397]
1711585716061428548,[0.84730298],[0.07815293],[0.07815293]
1711585716063147315,[0.84728951],[0.07815638],[0.07815638]
1711585716138120745,[0.8472801],[0.07815879],[0.07815879]
1711585716139894067,[0.83162281],[0.08206758],[0.08206758]
1711585716141631579,[0.86218272],[0.0742475],[0.0742475]
1711585716215765779,0,[0.31641304],[0.31641304]
1711585716217564420,[0.8623814],[0.07419396],[0.07419396]
1711585716292553940,[0.83196333],[0.08198455],[0.08198455]
1711585716294333203,[0.86251964],[0.07415669],[0.07415669]
1711585716296056088,[0.847752],[0.07803794],[0.07803794]
1711585716297790456,[0.84784157],[0.07801498],[0.07801498]
1711585716403390926,[0.8479366],[0.07799061],[0.07799061]
1711585716405078854,[0.84804408],[0.07796305],[0.07796305]
1711585716406870181,[0.83259877],[0.08182939],[0.08182939]
1711585716483658091,0,[0.31140444],[0.31140444]
1711585716485409992,[0.84878289],[0.07777329],[0.07777329]
1711585716487183734,[0.84892273],[0.07773732],[0.07773732]
1711585716488830964,[0.84906775],[0.0777],[0.0777]
1711585716640273893,[0.84922229],[0.07766021],[0.07766021]
1711585716641480819,[0.86406451],[0.07373886],[0.07373886]
1711585716642592481,[0.84954382],[0.07757736],[0.07757736]
1711585716643695287,[0.83432446],[0.08140652],[0.08140652]
1711585716646621701,[0.84990686],[0.07748371],[0.07748371]
1711585716723515455,[0.85008346],[0.07743811],[0.07743811]
1711585716725246736,[0.8648656],[0.07352126],[0.07352126]
1711585716727343315,[0.83514088],[0.0812057],[0.0812057]
1711585716729122517,[0.8506765],[0.0772848],[0.0772848]
1711585716805421746,[0.86541074],[0.07337282],[0.07337282]
1711585716807212520,[0.81980934],[0.08489774],[0.08489774]
1711585716882807581,0,[0.38110374],[0.38110374]
1711585716884490289,[0.86682997],[0.07298494],[0.07298494]
1711585716886300932,[0.83756514],[0.08060642],[0.08060642]
1711585716992280251,[0.85288541],[0.07671104],[0.07671104]
1711585716994055205,[0.85309029],[0.0766576],[0.0766576]
1711585716995824960,[0.83825659],[0.08043467],[0.08043467]
1711585717074312654,[0.88131862],[0.06890033],[0.06890033]
1711585717076191248,[0.8536509],[0.0765112],[0.0765112]
1711585717077957215,[0.83884486],[0.08028827],[0.08028827]
1711585717154267728,0,[0.3092202],[0.3092202]
1711585717156083211,[0.86878326],[0.0724477],[0.0724477]
1711585717157832316,[0.85474384],[0.07622497],[0.07622497]
1711585717233824240,[0.85488113],[0.07618894],[0.07618894]
1711585717235540181,[0.85501844],[0.07615289],[0.07615289]
1711585717237348059,[0.85515571],[0.07611683],[0.07611683]
1711585717312623388,[0.85529191],[0.07608103],[0.07608103]
1711585717314331725,[0.86952119],[0.0722437],[0.0722437]
1711585717316095879,[0.8407573],[0.07981045],[0.07981045]
1711585717391697414,[0.86976617],[0.07217585],[0.07217585]
1711585717393472559,[0.84105185],[0.0797366],[0.0797366]
1711585717501366029,0,[0.37916563],[0.37916563]
1711585717503071420,[0.87049826],[0.0719727],[0.0719727]
1711585717504758387,[0.85660512],[0.07573503],[0.07573503]
1711585717587325655,[0.84204618],[0.07948681],[0.07948681]
1711585717615316079,[0.85687304],[0.07566425],[0.07566425]
1711585717617044645,[0.84234272],[0.07941216],[0.07941216]
1711585717694572663,0,[0.29838046],[0.29838046]
1711585717695610274,[0.85761073],[0.075469],[0.075469]
1711585717697331085,[0.85772022],[0.07543998],[0.07543998]
1711585717698649714,[0.85784543],[0.07540678],[0.07540678]
1711585717774084529,[0.87180353],[0.07160907],[0.07160907]
1711585717775867138,[0.85802179],[0.07535999],[0.07535999]
1711585717778215704,[0.84364207],[0.07908424],[0.07908424]
1711585717854913532,[0.8582348],[0.07530344],[0.07530344]
1711585717856093916,[0.87214759],[0.07151291],[0.07151291]
1711585717857880353,[0.85846378],[0.0752426],[0.0752426]
1711585717935955763,[0.84406153],[0.07897809],[0.07897809]
1711585717937762880,[0.84418734],[0.07894622],[0.07894622]
1711585717938883890,[0.88561721],[0.06764105],[0.06764105]
1711585717940630641,[0.85889028],[0.07512915],[0.07512915]
1711585718045046811,0,[0.2289619],[0.2289619]
1711585718046857333,[0.8593424],[0.07500869],[0.07500869]
1711585718048549038,[0.85941703],[0.07498879],[0.07498879]
1711585718127475991,[0.85947744],[0.07497268],[0.07497268]
1711585718129459726,[0.8596052],[0.07493859],[0.07493859]
1711585718131188603,[0.85968994],[0.07491597],[0.07491597]
1711585718209125247,0,[0.37044881],[0.37044881]
1711585718210866868,[0.86013585],[0.07479683],[0.07479683]
1711585718212645580,[0.86019478],[0.07478107],[0.07478107]
1711585718290185354,[0.83089687],[0.0822443],[0.0822443]
1711585718291929329,[0.87391802],[0.07101605],[0.07101605]
1711585718293618289,[0.87397158],[0.07100096],[0.07100096]
1711585718370690836,[0.86040535],[0.07472473],[0.07472473]
1711585718372397470,[0.8461413],[0.07844965],[0.07844965]
1711585718374063024,[0.86048565],[0.07470324],[0.07470324]
1711585718375997515,[0.86053917],[0.07468891],[0.07468891]
1711585718452284204,[0.86060454],[0.0746714],[0.0746714]
1711585718454598544,[0.84635825],[0.07839432],[0.07839432]
1711585718557315113,0,[0.29475918],[0.29475918]
1711585718664205178,[0.87448471],[0.07085627],[0.07085627]
1711585718665289007,[0.86098375],[0.07456976],[0.07456976]
1711585718666502134,[0.86104877],[0.07455232],[0.07455232]
1711585718667065485,[0.8611092],[0.07453611],[0.07453611]
1711585718669799991,[0.86116987],[0.07451983],[0.07451983]
1711585718749354679,0,[0.37601323],[0.37601323]
1711585718750727252,[0.86161429],[0.07440046],[0.07440046]
1711585718828075126,[0.86169625],[0.07437842],[0.07437842]
1711585718829939803,[0.86177396],[0.07435753],[0.07435753]
1711585718831638141,[0.86185817],[0.07433487],[0.07433487]
1711585718833384000,[0.87540354],[0.07059645],[0.07059645]
1711585718912348266,[0.84789655],[0.07800088],[0.07800088]
1711585718913478183,[0.86213719],[0.07425976],[0.07425976]
1711585718915160070,[0.86222975],[0.07423483],[0.07423483]
1711585718992717125,[0.86231987],[0.07421055],[0.07421055]
1711585718994447355,[0.86242284],[0.07418279],[0.07418279]
1711585718996282014,[0.8759767],[0.07043388],[0.07043388]
1711585719105293368,0,[0.29623532],[0.29623532]
1711585719107161492,[0.8631833],[0.07397748],[0.07397748]
1711585719186945110,[0.86329333],[0.07394773],[0.07394773]
1711585719188104534,[0.86342595],[0.07391185],[0.07391185]
1711585719189808944,[0.86354414],[0.07387986],[0.07387986]
1711585719270311220,[0.86364468],[0.07385264],[0.07385264]
1711585719272052560,[0.84986817],[0.0774937],[0.0774937]
1711585719274284592,[0.84999567],[0.07746078],[0.07746078]
1711585719275488682,[0.87732201],[0.07005084],[0.07005084]
1711585719353777862,0,[0.29088694],[0.29088694]
1711585719356134804,[0.85091158],[0.07722394],[0.07722394]
1711585719357308395,[0.86491235],[0.07350854],[0.07350854]
1711585719435165847,[0.86509757],[0.07345813],[0.07345813]
1711585719437091591,[0.86524072],[0.07341915],[0.07341915]
1711585719438862458,[0.86540429],[0.07337458],[0.07337458]
1711585719516838498,[0.87866824],[0.06966542],[0.06966542]
1711585719519221038,[0.8519747],[0.07694811],[0.07694811]
1711585719520336198,[0.86591111],[0.0732363],[0.0732363]
1711585719521982536,[0.86610393],[0.07318362],[0.07318362]
1711585719631306380,0,[0.29220929],[0.29220929]
1711585719633012643,[0.8670929],[0.07291285],[0.07291285]
1711585719634682476,[0.86730646],[0.07285425],[0.07285425]
1711585719723256936,[0.86752324],[0.07279471],[0.07279471]
1711585719753403558,[0.86774006],[0.07273512],[0.07273512]
1711585719755277192,[0.88082064],[0.06904473],[0.06904473]
1711585719836988869,0,[0.29013288],[0.29013288]
1711585719838717414,[0.85552859],[0.07601879],[0.07601879]
1711585719840230387,[0.86913743],[0.07234986],[0.07234986]
1711585719841512707,[0.86930073],[0.07230471],[0.07230471]
1711585719920367979,[0.88217483],[0.06865134],[0.06865134]
1711585719922092508,[0.85619544],[0.07584314],[0.07584314]
1711585720001816549,[0.86963982],[0.07221085],[0.07221085]
1711585720003580222,[0.88237236],[0.06859377],[0.06859377]
1711585720005344556,[0.85629801],[0.07581609],[0.07581609]
1711585720007050539,[0.88233606],[0.06860436],[0.06860436]
1711585720087445902,0,[0.29296674],[0.29296674]
1711585720089133419,[0.86823633],[0.07259853],[0.07259853]
1711585720090835133,[0.86762503],[0.07276674],[0.07276674]
1711585720198742019,[0.87974024],[0.06935698],[0.06935698]
1711585720200502225,[0.86567324],[0.07330123],[0.07330123]
1711585720202166829,[0.86437883],[0.07365356],[0.07365356]
1711585720281785880,0,[0.37908171],[0.37908171]
1711585720283484959,[0.85260186],[0.07678493],[0.07678493]
1711585720363359731,[0.85003865],[0.07744969],[0.07744969]
1711585720365142561,[0.86222714],[0.07423553],[0.07423553]
1711585720366920532,[0.84451016],[0.0788644],[0.0788644]
1711585720368618289,[0.8414539],[0.0796357],[0.0796357]
1711585720448351910,[0.80401479],[0.08854043],[0.08854043]
1711585720450083662,[0.83442685],[0.08138136],[0.08138136]
1711585720451773153,[0.86312433],[0.07399342],[0.07399342]
1711585720530796382,[0.82747866],[0.08307138],[0.08307138]
1711585720532516181,[0.80542736],[0.08822078],[0.08822078]
1711585720534208287,[0.83706321],[0.08073086],[0.08073086]
1711585720614917349,0,[0.26084393],[0.26084393]
1711585720616112622,[0.80197408],[0.08900021],[0.08900021]
1711585720618499251,[0.79724185],[0.09005735],[0.09005735]
1711585720620239058,[0.79237298],[0.09113222],[0.09113222]
1711585720730321146,[0.76546295],[0.09685805],[0.09685805]
1711585720732009054,[0.8034129],[0.08867629],[0.08867629]
1711585720733671704,[0.75410392],[0.09917582],[0.09917582]
1711585720813576423,0,[0.48954429],[0.48954429]
1711585720815301052,[0.76828816],[0.09627291],[0.09627291]
1711585720817029407,[0.73750132],[0.10246925],[0.10246925]
1711585720897244472,[0.73152419],[0.1036293],[0.1036293]
1711585720898954753,[0.69715104],[0.11006343],[0.11006343]
1711585720900671997,[0.71903479],[0.1060123],[0.1060123]
1711585720979817530,[0.71287267],[0.10716853],[0.10716853]
1711585720981650456,[0.70667971],[0.1083181],[0.1083181]
1711585721061153896,[0.70045995],[0.1094605],[0.1094605]
1711585721062878224,[0.72415132],[0.1050426],[0.1050426]
1711585721064581652,[0.65605784],[0.11729316],[0.11729316]
1711585721066722297,[0.68150937],[0.11286995],[0.11286995]
1711585721147236296,0,[0.45688316],[0.45688316]
1711585721148932320,[0.61314691],[0.12439503],[0.12439503]
1711585721150619356,[0.64240107],[0.11959915],[0.11959915]
1711585721152312944,[0.63586654],[0.12068694],[0.12068694]
1711585721232136799,[0.66560873],[0.11565315],[0.11565315]
1711585721233842672,[0.58432107],[0.12894633],[0.12894633]
1711585721344124112,0,[0.62348245],[0.62348245]
1711585721346322015,[0.49599994],[0.14198592],[0.14198592]
1711585721427025099,[0.61810679],[0.12359502],[0.12359502]
1711585721428789318,[0.57057447],[0.13106114],[0.13106114]
1711585721430489773,[0.56415616],[0.13203694],[0.13203694]
1711585721510827459,[0.55779433],[0.13299709],[0.13299709]
1711585721511998070,[0.55148543],[0.13394246],[0.13394246]
1711585721513663489,[0.49837003],[0.14165168],[0.14165168]
1711585721515319190,[0.58366183],[0.12904854],[0.12904854]
1711585721596716607,[0.5782733],[0.12988098],[0.12988098]
1711585721598444406,[0.52661904],[0.13760537],[0.13760537]
1711585721677255684,0,[0.70125587],[0.70125587]
1711585721678983302,[0.43740638],[0.15001248],[0.15001248]
1711585721680672827,[0.48347924],[0.14373876],[0.14373876]
1711585721760097684,[0.47741084],[0.14458066],[0.14458066]
1711585721761841694,[0.47139085],[0.14541102],[0.14541102]
1711585721876793406,[0.51771583],[0.13889336],[0.13889336]
1711585721878685930,[0.40432762],[0.15435963],[0.15435963]
1711585721907071783,[0.50709312],[0.14041465],[0.14041465]
1711585721989737855,0,[0.75063534],[0.75063534]
1711585721991094673,[0.35942461],[0.16007191],[0.16007191]
1711585722074648888,[0.4704755],[0.14553687],[0.14553687]
1711585722076554055,[0.34684829],[0.1616356],[0.1616356]
1711585722078302604,[0.40175331],[0.15469282],[0.15469282]
1711585722161272165,0,[0.78419942],[0.78419942]
1711585722162992351,[0.42991301],[0.15100821],[0.15100821]
1711585722164844516,[0.36288905],[0.15963846],[0.15963846]
1711585722247346098,[0.29131347],[0.16836704],[0.16836704]
1711585722249016709,[0.41492027],[0.15298101],[0.15298101]
1711585722359484992,0,[0.82347644],[0.82347644]
1711585722361732902,[0.38524652],[0.15681243],[0.15681243]
1711585722363477244,[0.24296801],[0.17401517],[0.17401517]
1711585722446214860,[0.30777885],[0.16639966],[0.16639966]
1711585722447975672,[0.30233788],[0.16705234],[0.16705234]
1711585722449673415,[0.22469219],[0.17610313],[0.17610313]
1711585722531781008,[0.42607475],[0.15151571],[0.15151571]
1711585722533560667,[0.28627847],[0.16896408],[0.16896408]
1711585722535301542,[0.28083354],[0.16960737],[0.16960737]
1711585722537042637,[0.2009497],[0.17877923],[0.17877923]
1711585722618870428,0,[0.52329292],[0.52329292]
1711585722620129979,0,[0.25952334],[0.25952334]
1711585722621886013,[0.84737145],[0.07813541],[0.07813541]
1711585722624820363,[0.16455504],[0.18280536],[0.18280536]
1711585722708554224,[0.31113998],[0.16599518],[0.16599518]
1711585722710433432,[0.2313874],[0.17534111],[0.17534111]
1711585722712155561,[0.22589249],[0.17596676],[0.17596676]
1711585722794480887,[0.14034071],[0.18543563],[0.18543563]
1711585722796346509,[0.29127951],[0.16837108],[0.16837108]
1711585722798049912,[0.20933698],[0.17783847],[0.17783847]
1711585722911863245,0,[0.72659815],[0.72659815]
1711585722913669454,[0.2611603],[0.17191157],[0.17191157]
1711585722941275901,[0.17588547],[0.18156151],[0.18156151]
1711585723024763535,0,[0.91707426],[0.91707426]
1711585723026927310,0,[0.28742635],[0.28742635]
1711585723110346337,[0.86155566],[0.07441622],[0.07441622]
1711585723111855241,[0.1306901],[0.18647358],[0.18647358]
1711585723113295796,[0.12491274],[0.1870922],[0.1870922]
1711585723114696135,0,[0.20651581],[0.20651581]
1711585723201048563,[0.28154057],[0.16952397],[0.16952397]
1711585723202788847,[0.1074758],[0.188947],[0.188947]
1711585723286811497,0,[0.76054259],[0.76054259]
1711585723288622324,[0.0994531],[0.1897943],[0.1897943]
1711585723290364943,[0.10456344],[0.18925502],[0.18925502]
1711585723292084347,[0.10954472],[0.18872788],[0.18872788]
1711585723374726688,[0.02373142],[0.19761261],[0.19761261]
1711585723376503761,[0.20509206],[0.17831522],[0.17831522]
1711585723491463518,0,[0.93152714],[0.93152714]
1711585723493248687,[0.14475681],[0.18495872],[0.18495872]
1711585723577198396,[0.06158165],[0.19374399],[0.19374399]
1711585723579116117,[0.15283681],[0.18408294],[0.18408294]
1711585723664390121,[0.07035538],[0.19283616],[0.19283616]
1711585723664972727,[0.31997886],[0.16492679],[0.16492679]
1711585723666217951,[0.0784074],[0.19199923],[0.19199923]
1711585723668501225,[0.08266837],[0.19155486],[0.19155486]
1711585723670205701,[0.25232194],[0.17293676],[0.17293676]
1711585723755516365,0,[0.71531787],[0.71531787]
1711585723757400902,[0.18841966],[0.18017551],[0.18017551]
1711585723759187324,[0.10886658],[0.18879973],[0.18879973]
1711585723844837850,[0.11255996],[0.18840807],[0.18840807]
1711585723846695687,[0.35046784],[0.16118712],[0.16118712]
1711585723848382078,[0.20103921],[0.17876921],[0.17876921]
1711585723962480976,0,[0.71175784],[0.71175784]
1711585723964367668,[0.135227],[0.18598634],[0.18598634]
1711585723966186762,[0.29459412],[0.16797689],[0.16797689]
1711585724084034066,[0.22094433],[0.17652826],[0.17652826]
1711585724085741303,[0.22130577],[0.17648731],[0.17648731]
1711585724087528364,[0.21638731],[0.1770438],[0.1770438]
1711585724089357254,[0.12999357],[0.18654827],[0.18654827]
1711585724169960165,0,[0.72566374],[0.72566374]
1711585724171341950,[0.33939134],[0.16255567],[0.16255567]
1711585724172775293,[0.17952034],[0.18116066],[0.18116066]
1711585724254096342,[0.17437485],[0.18172784],[0.18172784]
1711585724255834749,[0.08398618],[0.19141722],[0.19141722]
1711585724257545964,[0.24562957],[0.173709],[0.173709]
1711585724258867343,[0.15921954],[0.18338816],[0.18338816]
1711585724339261528,[0.1542235],[0.18393222],[0.18393222]
1711585724340982191,[0.14927633],[0.18446937],[0.18446937]
1711585724421265153,0,[0.77118628],[0.77118628]
1711585724423014401,[0.29081139],[0.16842667],[0.16842667]
1711585724424699747,[0.20583639],[0.17823172],[0.17823172]
1711585724532068923,[0.11750923],[0.18788196],[0.18788196]
1711585724533820485,[0.11981389],[0.18763647],[0.18763647]
1711585724535623306,[0.12260533],[0.1873387],[0.1873387]
1711585724616051988,0,[0.74644631],[0.74644631]
1711585724617828257,[0.13603512],[0.18589942],[0.18589942]
1711585724619572596,[0.13863659],[0.18561933],[0.18561933]
1711585724698921799,0,[0.20386027],[0.20386027]
1711585724700707407,[0.22742292],[0.17579273],[0.17579273]
1711585724780438441,[0.22964051],[0.17554025],[0.17554025]
1711585724782226102,[0.06172803],[0.19372888],[0.19372888]
1711585724783900036,[0.06471801],[0.19341996],[0.19341996]
1711585724863470987,[0.23667652],[0.17473677],[0.17473677]
1711585724865301530,[0.15671396],[0.18366121],[0.18366121]
1711585724867144277,[0.07316815],[0.19254421],[0.19254421]
1711585724868920477,[0.32106339],[0.16479522],[0.16479522]
1711585724948927589,0,[0.72971093],[0.72971093]
1711585725056605196,[0.17424803],[0.18174179],[0.18174179]
1711585725058295251,[0.09238225],[0.19053795],[0.19053795]
1711585725060001226,[0.17928345],[0.18118682],[0.18118682]
1711585725138526182,[0.18171578],[0.18091813],[0.18091813]
1711585725140281091,[0.18413389],[0.18065061],[0.18065061]
1711585725142014238,0,[0.22543784],[0.22543784]
1711585725224163102,0,[0.6738459],[0.6738459]
1711585725226174166,[0.11622716],[0.18801839],[0.18801839]
1711585725306371660,[0.20073581],[0.17880315],[0.17880315]
1711585725307590112,[0.2806634],[0.16962743],[0.16962743]
1711585725309388094,[0.28263251],[0.1693951],[0.1693951]
1711585725311195423,[0.12613105],[0.18696192],[0.18696192]
1711585725392485111,[0.20968876],[0.1777989],[0.1777989]
1711585725394203210,[0.21192882],[0.17754675],[0.17754675]
1711585725395890409,[0.13367899],[0.18615273],[0.18615273]
1711585725397608598,[0.29268541],[0.16820399],[0.16820399]
1711585725507103064,0,[0.53330002],[0.53330002]
1711585725508316116,[0.20153291],[0.17871397],[0.17871397]
1711585725510629042,[0.11502128],[0.18814662],[0.18814662]
1711585725512375425,[0.27183411],[0.17066527],[0.17066527]
1711585725592404456,[0.26838689],[0.17106877],[0.17106877]
1711585725594162371,[0.18543675],[0.18050632],[0.18050632]
1711585725674520597,[0.09749648],[0.19000037],[0.19000037]
1711585725675882267,[0.1775],[0.18138357],[0.18138357]
1711585725677239174,[0.25438751],[0.17269771],[0.17269771]
1711585725680097255,[0.17018198],[0.1821887],[0.1821887]
1711585725759761157,0,[0.54896149],[0.54896149]
1711585725761498493,[0.15585976],[0.18375421],[0.18375421]
1711585725763200881,[0.06544746],[0.19334452],[0.19334452]
1711585725844369179,[0.23194964],[0.17527696],[0.17527696]
1711585725846248245,[0.05956306],[0.19395226],[0.19395226]
1711585725847968548,[0.14894546],[0.18450523],[0.18450523]
1711585725958334708,0,[0.72637539],[0.72637539]
1711585725960067745,[0.16018682],[0.18328264],[0.18328264]
1711585726042675426,[0.16244062],[0.18303654],[0.18303654]
1711585726044418092,[0.16469032],[0.18279056],[0.18279056]
1711585726128326601,[0.16693571],[0.18254471],[0.18254471]
1711585726130150873,0,[0.20051547],[0.20051547]
1711585726131933435,[0.17163629],[0.18202898],[0.18202898]
1711585726133696329,[0.25435651],[0.1727013],[0.1727013]
1711585726223480388,0,[0.89627584],[0.89627584]
1711585726225265855,[0.10367879],[0.18934848],[0.18934848]
1711585726251807777,[0.18928111],[0.18007986],[0.18007986]
1711585726334148988,[0.19148325],[0.17983512],[0.17983512]
1711585726336342657,[0.19367968],[0.17959068],[0.17959068]
1711585726338091665,[0.27422637],[0.1703847],[0.1703847]
1711585726418961670,0,[0.72393611],[0.72393611]
1711585726420759651,0,[0.20484263],[0.20484263]
1711585726422480064,[0.35926203],[0.16009222],[0.16009222]
1711585726531192559,[0.28778016],[0.16878624],[0.16878624]
1711585726532976053,[0.20983513],[0.17778244],[0.17778244]
1711585726534697799,[0.28421888],[0.1692077],[0.1692077]
1711585726617696549,0,[0.53630118],[0.53630118]
1711585726618885174,[0.19540441],[0.17939851],[0.17939851]
1711585726621169206,[0.19266536],[0.1797036],[0.1797036]
1711585726703668420,[0.01978547],[0.19801157],[0.19801157]
1711585726705481199,[0.26653664],[0.17128495],[0.17128495]
1711585726707412016,[0.2644381],[0.17152981],[0.17152981]
1711585726709175541,[0.18258123],[0.18082243],[0.18082243]
1711585726790729535,[0.09609386],[0.19014796],[0.19014796]
1711585726792458153,[0.17777311],[0.18135345],[0.18135345]
1711585726794143719,[0.17550161],[0.18160379],[0.18160379]
1711585726877330859,0,[0.71969483],[0.71969483]
1711585726879078134,[0.07918737],[0.19191797],[0.19191797]
1711585726990644481,[0.07692122],[0.19215398],[0.19215398]
1711585726992401956,[0.32027231],[0.1648912],[0.1648912]
1711585726994110215,[0.15901173],[0.18341083],[0.18341083]
1711585727076604430,0,[0.73265645],[0.73265645]
1711585727078421188,[0.08233163],[0.19159002],[0.19159002]
1711585727160705610,[0.17081742],[0.18211893],[0.18211893]
1711585727162445380,[0.25500874],[0.17262575],[0.17262575]
1711585727164186813,[0.1786136],[0.18126074],[0.18126074]
1711585727247560219,[0.01195112],[0.1988013],[0.1988013]
1711585727249372498,[0.26779864],[0.17113753],[0.17113753]
1711585727251112328,[0.27253513],[0.1705831],[0.1705831]
1711585727252787815,[0.19970239],[0.17891871],[0.17891871]
1711585727335366621,[0.12476767],[0.1871077],[0.1871077]
1711585727337537631,[0.28979145],[0.16854774],[0.16854774]
1711585727339314372,[0.22051791],[0.17657657],[0.17657657]
1711585727451619279,0,[0.70468524],[0.70468524]
1711585727453577580,[0.3396926],[0.1625186],[0.1625186]
1711585727455308333,[0.27916594],[0.16980389],[0.16980389]
1711585727538727625,[0.21824537],[0.17683378],[0.17683378]
1711585727540520607,[0.3706422],[0.15866415],[0.15866415]
1711585727542213838,[0.2443462],[0.1738567],[0.1738567]
1711585727624995853,0,[0.79768062],[0.79768062]
1711585727627213616,[0.38669031],[0.15662818],[0.15662818]
1711585727629024823,[0.39874439],[0.15508135],[0.15508135]
1711585727710951742,[0.41099621],[0.15349316],[0.15349316]
1711585727712698716,[0.42320647],[0.15189385],[0.15189385]
1711585727824716447,0,[0.73531006],[0.73531006]
1711585727826539086,[0.44346398],[0.14920268],[0.14920268]
1711585727908934451,[0.50737026],[0.14037517],[0.14037517]
1711585727910755737,[0.56574241],[0.13179645],[0.13179645]
1711585727912420794,[0.53013688],[0.13709312],[0.13709312]
1711585727914140526,[0.54163655],[0.13540509],[0.13540509]
1711585727996306532,[0.55304682],[0.13370911],[0.13370911]
1711585727998064728,[0.51991889],[0.13857577],[0.13857577]
1711585727999894862,[0.57595331],[0.13023773],[0.13023773]
1711585728081973660,0,[0.3804858],[0.3804858]
1711585728083658454,[0.61860474],[0.12351441],[0.12351441]
1711585728085350673,[0.62849036],[0.12190318],[0.12190318]
1711585728087443148,[0.63834082],[0.12027621],[0.12027621]
1711585728199770006,[0.68225866],[0.1127371],[0.1127371]
1711585728201482533,[0.65722829],[0.11709342],[0.11709342]
1711585728203121039,[0.66638942],[0.11551806],[0.11551806]
1711585728287114959,0,[0.33730603],[0.33730603]
1711585728288979147,[0.67038713],[0.11482384],[0.11482384]
1711585728290821794,[0.73763519],[0.10244312],[0.10244312]
1711585728292742270,[0.71718138],[0.10636139],[0.10636139]
1711585728378265002,[0.69701608],[0.11008795],[0.11008795]
1711585728380086949,[0.73299213],[0.10334561],[0.10334561]
1711585728381888327,[0.76561343],[0.09682697],[0.09682697]
1711585728465248759,[0.72166382],[0.10551515],[0.10551515]
1711585728467040459,[0.75540527],[0.09891304],[0.09891304]
1711585728468733309,[0.7866815],[0.09237283],[0.09237283]
1711585728552391260,0,[0.37251168],[0.37251168]
1711585728554167850,[0.801614],[0.08908109],[0.08908109]
1711585728666157237,[0.80861962],[0.08749409],[0.08749409]
1711585728667336605,[0.81539794],[0.08593068],[0.08593068]
1711585728668448423,[0.82192453],[0.08439798],[0.08439798]
1711585728671959162,[0.81077699],[0.08699954],[0.08699954]
1711585728754415864,0,[0.38880812],[0.38880812]
1711585728756249704,[0.81912388],[0.08505907],[0.08505907]
1711585728757995746,[0.85462362],[0.07625651],[0.07625651]
1711585728841412426,[0.88737846],[0.06711826],[0.06711826]
1711585728843153248,[0.88171668],[0.06878468],[0.06878468]
1711585728844918227,[0.87603908],[0.07041617],[0.07041617]
1711585728928689256,[0.89394892],[0.06513097],[0.06513097]
1711585728930491265,[0.89980757],[0.06330638],[0.06330638]
1711585728932281401,[0.89578848],[0.06456362],[0.06456362]
1711585729018409620,0,[0.30038302],[0.30038302]
1711585729020151404,[0.91216298],[0.05927462],[0.05927462]
1711585729135587668,[0.90217705],[0.06255332],[0.06255332]
1711585729137390379,[0.92774101],[0.05376207],[0.05376207]
1711585729139128195,[0.91024563],[0.05991807],[0.05991807]
1711585729224711112,0,[0.30179683],[0.30179683]
1711585729226559510,[0.90786206],[0.06070847],[0.06070847]
1711585729228291746,[0.90760437],[0.0607933],[0.0607933]
1711585729315294118,[0.90736755],[0.06087116],[0.06087116]
1711585729317178916,[0.90716065],[0.0609391],[0.0609391]
1711585729318933073,[0.89746582],[0.06404192],[0.06404192]
1711585729402906979,[0.91594772],[0.05798354],[0.05798354]
1711585729404625378,[0.89721433],[0.06412041],[0.06412041]
1711585729406391438,[0.90670693],[0.06108783],[0.06108783]
1711585729408096632,[0.89710452],[0.06415465],[0.06415465]
1711585729494555675,[0.21515599],[0.17718284],[0.17718284]
1711585729496305694,[0.89720677],[0.06412277],[0.06412277]
1711585729498004165,[0.90685169],[0.06104042],[0.06104042]
1711585729528014315,[0.90694564],[0.06100963],[0.06100963]
1711585729642740531,[0.90705635],[0.06097332],[0.06097332]
1711585729643892316,[0.91624236],[0.05788182],[0.05788182]
1711585729645017579,[0.90735055],[0.06087675],[0.06087675]
1711585729646200143,[0.90750686],[0.06082537],[0.06082537]
1711585729649236665,[0.89820603],[0.06381033],[0.06381033]
1711585729651046188,[0.90783448],[0.06071755],[0.06071755]
1711585729734892740,[0.91696398],[0.05763194],[0.05763194]
1711585729736879177,[0.90816824],[0.06060751],[0.06060751]
1711585729738624267,[0.89896447],[0.06357217],[0.06357217]
1711585729823019375,0,[0.24154347],[0.24154347]
1711585729824802998,[0.90931963],[0.06022636],[0.06022636]
1711585729826571453,[0.90952584],[0.06015785],[0.06015785]
1711585729912484041,[0.90973086],[0.06008965],[0.06008965]
1711585729914205245,[0.90993017],[0.06002327],[0.06002327]
1711585729916144487,[0.91888742],[0.05696054],[0.05696054]
1711585730032569262,0,[0.24215813],[0.24215813]
1711585730034279063,[0.9019741],[0.06261818],[0.06261818]
1711585730035994755,[0.91992883],[0.0565937],[0.0565937]
1711585730121303030,[0.92008811],[0.05653738],[0.05653738]
1711585730123037898,[0.91163385],[0.05945289],[0.05945289]
1711585730124757017,[0.89330831],[0.06532739],[0.06532739]
