Time Step,Health Status,dm,dmdt
1711585549167559962,[1.],[0.],[0.]
1711585549169782785,[1.],[0.],[0.]
1711585549171865059,[1.],[0.],[0.]
1711585549234562514,[0.99999099],[0.00060041],[0.00060041]
1711585549237263060,[0.99998344],[0.00081393],[0.00081393]
1711585549240224867,[0.99997328],[0.00103383],[0.00103383]
1711585549317900848,[0.99996988],[0.00109766],[0.00109766]
1711585549319934308,[0.99996014],[0.00126274],[0.00126274]
1711585549321952790,[0.99995269],[0.0013757],[0.0013757]
1711585549398760260,[0.99993319],[0.00163472],[0.00163472]
1711585549400848335,[0.9999486],[0.00143394],[0.00143394]
1711585549402694006,[0.99992164],[0.00177038],[0.00177038]
1711585549404549677,[0.99992701],[0.00170868],[0.00170868]
1711585549469097627,[0.99990912],[0.00190663],[0.00190663]
1711585549471044352,[0.99989881],[0.00201184],[0.00201184]
1711585549472895724,[0.99986394],[0.00233286],[0.00233286]
1711585549538338005,[0.99988783],[0.00211818],[0.00211818]
1711585549540390873,[0.99987858],[0.00220385],[0.00220385]
1711585549542367855,[0.99985338],[0.00242172],[0.00242172]
1711585549602264677,[0.99984098],[0.00252206],[0.00252206]
1711585549604294671,[0.99982819],[0.00262153],[0.00262153]
1711585549606373178,[0.99979524],[0.00286189],[0.00286189]
1711585549667917011,[0.99980083],[0.00282253],[0.00282253]
1711585549669998573,[0.99980851],[0.00276761],[0.00276761]
1711585549672295723,[0.99977352],[0.00300985],[0.00300985]
1711585549674225886,[0.99973344],[0.00326531],[0.00326531]
1711585549736536711,[0.99976943],[0.0030369],[0.0030369]
1711585549739067289,[0.99970065],[0.00346033],[0.00346033]
1711585549741021638,[0.99968417],[0.00355432],[0.00355432]
1711585549802485432,[0.99969718],[0.00348035],[0.00348035]
1711585549804506549,[0.99974268],[0.00320822],[0.00320822]
1711585549806520091,[0.99966732],[0.00364791],[0.00364791]
1711585549808414094,[0.99965137],[0.00373432],[0.00373432]
1711585549865192109,[0.99963529],[0.00381945],[0.00381945]
1711585549867179091,[0.99961911],[0.0039033],[0.0039033]
1711585549869115506,[0.99960283],[0.00398582],[0.00398582]
1711585549931750458,[0.99958649],[0.004067],[0.004067]
1711585549933786503,[0.99952488],[0.00435945],[0.00435945]
1711585549935727787,[0.99955262],[0.00423026],[0.00423026]
1711585549994857360,[0.99958146],[0.00409165],[0.00409165]
1711585549996927150,[0.99951776],[0.00439197],[0.00439197]
1711585549998870277,[0.99949914],[0.004476],[0.004476]
1711585550000903577,[0.99947928],[0.00456384],[0.00456384]
1711585550058968560,[0.99945787],[0.00465673],[0.00465673]
1711585550061003724,[0.99931551],[0.00523255],[0.00523255]
1711585550062918487,[0.9995225],[0.00437036],[0.00437036]
1711585550123094405,[0.99925578],[0.00545606],[0.00545606]
1711585550125169896,[0.99948031],[0.00455933],[0.00455933]
1711585550127144083,[0.99926228],[0.00543219],[0.00543219]
1711585550188634060,[0.99937061],[0.00501751],[0.00501751]
1711585550190796958,[0.99927287],[0.00539308],[0.00539308]
1711585550192687676,[0.9992417],[0.00550746],[0.00550746]
1711585550194552553,[0.99920951],[0.00562315],[0.00562315]
1711585550251075876,[0.99917634],[0.00573988],[0.00573988]
1711585550253023613,[0.99914226],[0.00585743],[0.00585743]
1711585550335955065,[0.99901439],[0.00627887],[0.00627887]
1711585550338062998,[0.99916166],[0.00579082],[0.00579082]
1711585550340091268,[0.99883012],[0.0068407],[0.0068407]
1711585550342182319,[0.99909249],[0.00602497],[0.00602497]
1711585550399631408,[0.9990608],[0.00612929],[0.00612929]
1711585550401590095,[0.99892124],[0.00656889],[0.00656889]
1711585550403571636,[0.99888209],[0.00668702],[0.00668702]
1711585550461124193,[0.9988424],[0.00680469],[0.00680469]
1711585550463029529,[0.99867782],[0.00727235],[0.00727235]
1711585550520395092,[0.99875954],[0.00704405],[0.00704405]
1711585550522976762,[0.99884482],[0.00679759],[0.00679759]
1711585550524209911,[0.9986791],[0.00726885],[0.00726885]
1711585550583814579,[0.99863734],[0.00738285],[0.00738285]
1711585550585848240,[0.99844959],[0.00787506],[0.00787506]
1711585550587748546,[0.99869361],[0.00722882],[0.00722882]
1711585550589635816,[0.99835603],[0.00810919],[0.00810919]
1711585550647514998,[0.99861665],[0.00743869],[0.00743869]
1711585550649548919,[0.9982616],[0.00833883],[0.00833883]
1711585550709153664,[0.998213],[0.00845458],[0.00845458]
1711585550711120417,[0.9983345],[0.00816211],[0.00816211]
1711585550713008729,[0.99861781],[0.00743557],[0.00743557]
1711585550771682862,[0.99788316],[0.00920182],[0.00920182]
1711585550773604789,[0.99837768],[0.00805561],[0.00805561]
1711585550775489594,[0.99816793],[0.00856054],[0.00856054]
1711585550833348428,[0.99830254],[0.00824005],[0.00824005]
1711585550835363864,[0.99788524],[0.00919731],[0.00919731]
1711585550900257667,[0.99803018],[0.00887653],[0.00887653]
1711585550901587841,[0.99819787],[0.00849029],[0.00849029]
1711585550902946561,[0.99773481],[0.00951879],[0.00951879]
1711585550904206281,[0.99791788],[0.00912605],[0.00912605]
1711585550905459338,[0.99763634],[0.00972349],[0.00972349]
1711585550969999732,[0.99804859],[0.00883495],[0.00883495]
1711585550971831266,[0.99799491],[0.00895564],[0.00895564]
1711585550973647781,[0.99775126],[0.00948418],[0.00948418]
1711585550975558707,[0.99770033],[0.00959097],[0.00959097]
1711585551033873766,[0.99742358],[0.0101517],[0.0101517]
1711585551035867650,[0.99785252],[0.00926818],[0.00926818]
1711585551100140354,[0.99731675],[0.01036002],[0.01036002]
1711585551102104973,[0.99754932],[0.00990087],[0.00990087]
1711585551104042440,[0.9974786],[0.01004271],[0.01004271]
1711585551167570940,[0.99771549],[0.00955932],[0.00955932]
1711585551169490062,[0.99713008],[0.01071432],[0.01071432]
1711585551236451840,[0.99738145],[0.01023436],[0.01023436]
1711585551238404065,[0.99757389],[0.00985111],[0.00985111]
1711585551272376005,[0.99730158],[0.01038926],[0.01038926]
1711585551330732113,[0.99694899],[0.0110472],[0.0110472]
1711585551332672155,[0.99719657],[0.01058949],[0.01058949]
1711585551334592780,[0.99743343],[0.01013227],[0.01013227]
1711585551396341194,[0.99711484],[0.01074273],[0.01074273]
1711585551398252601,[0.99707398],[0.01081853],[0.01081853]
1711585551400132277,[0.9967279],[0.01144045],[0.01144045]
1711585551461700407,[0.9972865],[0.01041826],[0.01041826]
1711585551463632884,[0.99695301],[0.0110399],[0.0110399]
1711585551465579137,[0.99691258],[0.01111292],[0.01111292]
1711585551467534218,[0.99621317],[0.01230744],[0.01230744]
1711585551528016141,[0.99743222],[0.01013465],[0.01013465]
1711585551529887451,[0.99646073],[0.01189835],[0.01189835]
1711585551589819368,[0.99706793],[0.01082971],[0.01082971]
1711585551591706168,[0.99671125],[0.01146953],[0.01146953]
1711585551653552761,[0.99632838],[0.01211878],[0.01211878]
1711585551655554821,[0.99628409],[0.01219165],[0.01219165]
1711585551657545900,[0.99723533],[0.01051603],[0.01051603]
1711585551659561587,[0.99653549],[0.01177202],[0.01177202]
1711585551719385840,[0.99647394],[0.01187613],[0.01187613]
1711585551721272940,[0.9963975],[0.01200417],[0.01200417]
1711585551723149170,[0.99630971],[0.01214955],[0.01214955]
1711585551725088620,[0.99621047],[0.01231184],[0.01231184]
1711585551787518310,[0.99610332],[0.01248467],[0.01248467]
1711585551789480744,[0.99556729],[0.01331572],[0.01331572]
1711585551851142872,[0.99540892],[0.0135515],[0.0135515]
1711585551853012449,[0.99610208],[0.01248666],[0.01248666]
1711585551854810870,[0.99552492],[0.01337921],[0.01337921]
1711585551856752835,[0.9953539],[0.01363247],[0.01363247]
1711585551916655045,[0.99516471],[0.01390725],[0.01390725]
1711585551917962255,[0.99549843],[0.01341875],[0.01341875]
1711585551919198050,[0.99422875],[0.01519375],[0.01519375]
1711585552021799095,[0.99457594],[0.01472965],[0.01472965]
1711585552023780807,[0.99430925],[0.01508741],[0.01508741]
1711585552025735867,[0.994083],[0.01538441],[0.01538441]
1711585552027654307,[0.99443248],[0.01492316],[0.01492316]
1711585552088111632,[0.99289453],[0.01685879],[0.01685879]
1711585552089990637,[0.99327112],[0.01640595],[0.01640595]
1711585552091819085,[0.99297106],[0.01676776],[0.01676776]
1711585552150755199,[0.99266604],[0.0171277],[0.0171277]
1711585552152710419,[0.99235689],[0.01748498],[0.01748498]
1711585552154551913,[0.99277133],[0.01700432],[0.01700432]
1711585552212930070,[0.99084254],[0.01913892],[0.01913892]
1711585552214789948,[0.99126573],[0.01869147],[0.01869147]
1711585552217127255,[0.98998551],[0.02001448],[0.02001448]
1711585552282351904,[0.99143738],[0.01850689],[0.01850689]
1711585552284401145,[0.99109789],[0.0188702],[0.0188702]
1711585552286306120,[0.98754858],[0.02231719],[0.02231719]
1711585552351723480,[0.99131724],[0.01863626],[0.01863626]
1711585552353682117,[0.98885825],[0.0211109],[0.0211109]
1711585552387210903,[0.98719757],[0.02262956],[0.02262956]
1711585552458053150,[0.98666441],[0.02309597],[0.02309597]
1711585552460017117,[0.9886468],[0.02131028],[0.02131028]
1711585552461897444,[0.98694502],[0.02285168],[0.02285168]
1711585552463707618,[0.98644233],[0.02328748],[0.02328748]
1711585552524771963,[0.98593109],[0.02372248],[0.02372248]
1711585552526798831,[0.98540271],[0.02416385],[0.02416385]
1711585552528678087,[0.98631338],[0.02339796],[0.02339796]
1711585552591795360,[0.9827331],[0.02628072],[0.02628072]
1711585552593677651,[0.9852682],[0.02427493],[0.02427493]
1711585552595638320,[0.98146506],[0.02722861],[0.02722861]
1711585552660839663,[0.98247707],[0.02647484],[0.02647484]
1711585552662689322,[0.98195959],[0.02686292],[0.02686292]
1711585552720582721,[0.97932029],[0.02876088],[0.02876088]
1711585552722476905,[0.98255195],[0.02641822],[0.02641822]
1711585552724304070,[0.97999722],[0.02828624],[0.02828624]
1711585552726203264,[0.97934949],[0.02874057],[0.02874057]
1711585552782517231,[0.98080769],[0.02770726],[0.02770726]
1711585552784375526,[0.97335175],[0.03264858],[0.03264858]
1711585552786298866,[0.97957805],[0.02858107],[0.02858107]
1711585552845678554,[0.97658085],[0.03060663],[0.03060663]
1711585552847763592,[0.97833924],[0.02943519],[0.02943519]
1711585552849696801,[0.9751898],[0.03150251],[0.03150251]
1711585552908357906,[0.97192428],[0.03351162],[0.03351162]
1711585552910290323,[0.97094086],[0.03409348],[0.03409348]
1711585552912162044,[0.97563432],[0.03121902],[0.03121902]
1711585552971259291,[0.97484305],[0.03172189],[0.03172189]
1711585552973788850,[0.97142954],[0.0338056],[0.0338056]
1711585552975664018,[0.97054357],[0.03432575],[0.03432575]
1711585553037400375,[0.96659392],[0.03655466],[0.03655466]
1711585553039324616,[0.95113797],[0.04420951],[0.04420951]
1711585553041216285,[0.97941788],[0.02869294],[0.02869294]
1711585553102873345,[0.97030736],[0.0344631],[0.0344631]
1711585553104914771,[0.96957968],[0.03488285],[0.03488285]
1711585553106853460,[0.96545901],[0.03717041],[0.03717041]
1711585553108695745,[0.96091566],[0.03953952],[0.03953952]
1711585553168291813,[0.96367047],[0.03812062],[0.03812062]
1711585553168925365,[0.96283063],[0.03855872],[0.03855872]
1711585553170810772,[0.96596908],[0.03689494],[0.03689494]
1711585553230540517,[0.95766501],[0.04115094],[0.04115094]
1711585553232514494,[0.96049029],[0.0397541],[0.0397541]
1711585553234546361,[0.95932334],[0.04033691],[0.04033691]
1711585553296363563,[0.96258928],[0.0386837],[0.0386837]
1711585553298365863,[0.95331211],[0.04321476],[0.04321476]
1711585553300289944,[0.95999017],[0.04000492],[0.04000492]
1711585553362755070,[0.95329353],[0.04322336],[0.04322336]
1711585553364658722,[0.95491012],[0.04246876],[0.04246876]
1711585553366559569,[0.9548746],[0.04248548],[0.04248548]
1711585553480459785,[0.94303293],[0.04773555],[0.04773555]
1711585553482404165,[0.96075419],[0.03962111],[0.03962111]
1711585553516900331,[0.95089373],[0.04431987],[0.04431987]
1711585553580400490,[0.95022458],[0.04462081],[0.04462081]
1711585553582326405,[0.94917807],[0.04508744],[0.04508744]
1711585553584188167,[0.94247736],[0.04796776],[0.04796776]
1711585553648144596,[0.94682245],[0.04612051],[0.04612051]
1711585553650184919,[0.94586136],[0.04653542],[0.04653542]
1711585553652058153,[0.94477142],[0.04700152],[0.04700152]
1711585553715701598,[0.93781951],[0.04987203],[0.04987203]
1711585553718433905,[0.94820743],[0.04551596],[0.04551596]
1711585553720333840,[0.94089163],[0.04862443],[0.04862443]
1711585553722163040,[0.93099145],[0.05253896],[0.05253896]
1711585553787246350,[0.93105804],[0.0525136],[0.0525136]
1711585553860420516,[0.95115038],[0.0442039],[0.0442039]
1711585553862497830,[0.94066291],[0.04871841],[0.04871841]
1711585553864503818,[0.93724162],[0.05010325],[0.05010325]
1711585553866412940,[0.9279936],[0.05366802],[0.05366802]
1711585553933159891,[0.92744194],[0.05387321],[0.05387321]
1711585553935136081,[0.94611288],[0.0464272],[0.0464272]
1711585553937101932,[0.93230742],[0.0520356],[0.0520356]
1711585554002875289,[0.93791176],[0.04983502],[0.04983502]
1711585554004820631,[0.93023177],[0.05282735],[0.05282735]
1711585554006734723,[0.92161844],[0.05599341],[0.05599341]
1711585554078798433,[0.92742838],[0.05387824],[0.05387824]
1711585554080194394,[0.9261938],[0.05433459],[0.05433459]
1711585554081498889,[0.92507414],[0.05474518],[0.05474518]
1711585554146663563,[0.93134872],[0.05240278],[0.05240278]
1711585554148650574,[0.91477321],[0.05838726],[0.05838726]
1711585554150602779,[0.92139969],[0.05607149],[0.05607149]
1711585554215161852,[0.92794952],[0.05368444],[0.05368444]
1711585554217310963,[0.91894114],[0.05694167],[0.05694167]
1711585554219160432,[0.91767708],[0.05738394],[0.05738394]
1711585554221133706,[0.91639982],[0.05782739],[0.05782739]
1711585554285113664,[0.90638547],[0.06119298],[0.06119298]
1711585554286996416,[0.91376547],[0.05873143],[0.05873143]
1711585554288982435,[0.91245638],[0.05917554],[0.05917554]
1711585554351713930,[0.91114647],[0.05961662],[0.05961662]
1711585554353685051,[0.91865594],[0.05704176],[0.05704176]
1711585554419760807,[0.89917149],[0.06350701],[0.06350701]
1711585554421938243,[0.90717804],[0.06093339],[0.06093339]
1711585554423972474,[0.90584005],[0.06137099],[0.06137099]
1711585554425850898,[0.9045045],[0.06180469],[0.06180469]
1711585554499304220,[0.90317509],[0.0622334],[0.0622334]
1711585554501182153,[0.91145174],[0.05951412],[0.05951412]
1711585554564039669,[0.90058442],[0.06306047],[0.06306047]
1711585554566016130,[0.89921073],[0.06349465],[0.06349465]
1711585554567977893,[0.89781275],[0.06393348],[0.06393348]
1711585554569876014,[0.88576659],[0.06759687],[0.06759687]
1711585554633981621,[0.90523854],[0.0615667],[0.0615667]
1711585554635968543,[0.88269854],[0.0684986],[0.0684986]
1711585554710306407,[0.90270075],[0.06238566],[0.06238566]
1711585554743892268,[0.85545301],[0.07603867],[0.07603867]
1711585554745762996,[0.91030056],[0.05989973],[0.05989973]
1711585554747658032,[0.89888387],[0.06359753],[0.06359753]
1711585554842628102,[0.87491191],[0.07073559],[0.07073559]
1711585554844257840,[0.88506737],[0.06780343],[0.06780343]
1711585554845727012,[0.89499914],[0.06480767],[0.06480767]
1711585554919588609,[0.87014338],[0.07207125],[0.07207125]
1711585554921510246,[0.89240009],[0.06560485],[0.06560485]
1711585554988873064,[0.87935426],[0.06946819],[0.06946819]
1711585554991240143,[0.87788373],[0.06989028],[0.06989028]
1711585554993179162,[0.86370534],[0.07383621],[0.07383621]
1711585555055748500,[0.88710366],[0.0672001],[0.0672001]
1711585555057681579,[0.87346882],[0.07114244],[0.07114244]
1711585555059593096,[0.87198538],[0.07155826],[0.07155826]
1711585555061492259,[0.87049865],[0.07197259],[0.07197259]
1711585555130740132,[0.84141514],[0.07964543],[0.07964543]
1711585555132626451,[0.89263432],[0.06553341],[0.06553341]
1711585555193616759,[0.86602921],[0.07320404],[0.07320404]
1711585555195588771,[0.86452154],[0.0736148],[0.0736148]
1711585555197544372,[0.84892365],[0.07773708],[0.07773708]
1711585555199451541,[0.86141849],[0.07445308],[0.07445308]
1711585555263628192,[0.85989867],[0.07486022],[0.07486022]
1711585555265599293,[0.84373232],[0.07906141],[0.07906141]
1711585555267576516,[0.88393211],[0.06813748],[0.06813748]
1711585555331283431,[0.85550275],[0.07602559],[0.07602559]
1711585555333262847,[0.83898098],[0.08025435],[0.08025435]
1711585555335138195,[0.85232742],[0.07685638],[0.07685638]
1711585555337026507,[0.86541177],[0.07337254],[0.07337254]
1711585555400021358,[0.84940851],[0.07761224],[0.07761224]
1711585555401976989,[0.83223918],[0.08191723],[0.08191723]
1711585555465600004,[0.83045413],[0.0823519],[0.0823519]
1711585555467514627,[0.87423616],[0.0709264],[0.0709264]
1711585555469464046,[0.84328395],[0.07917476],[0.07917476]
1711585555534321963,[0.82547119],[0.08355329],[0.08355329]
1711585555536280329,[0.84010981],[0.07997254],[0.07997254]
1711585555538296787,[0.8543326],[0.0763328],[0.0763328]
1711585555603742045,[0.820326],[0.08477594],[0.08477594]
1711585555605741249,[0.83544791],[0.08113004],[0.08113004]
1711585555607592902,[0.85013289],[0.07742535],[0.07742535]
1711585555671102370,[0.81518693],[0.08597978],[0.08597978]
1711585555673051418,[0.84730093],[0.07815346],[0.07815346]
1711585555674947205,[0.81171702],[0.08678317],[0.08678317]
1711585555676831480,[0.82761109],[0.08303949],[0.08303949]
1711585555740376723,[0.82603016],[0.08341938],[0.08341938]
1711585555741629009,[0.84159966],[0.07959908],[0.07959908]
1711585555743600270,[0.82292883],[0.08415965],[0.08415965]
1711585555808354288,[0.82133441],[0.0845377],[0.0845377]
1711585555810302134,[0.81974139],[0.08491375],[0.08491375]
1711585555812189415,[0.79945697],[0.08956406],[0.08956406]
1711585555881570383,[0.8164671],[0.08568148],[0.08568148]
1711585555909862518,[0.83295692],[0.08174181],[0.08174181]
1711585555976295313,[0.8134881],[0.08637405],[0.08637405]
1711585555977842263,[0.81348499],[0.08637477],[0.08637477]
1711585555979249545,[0.81390093],[0.0862784],[0.0862784]
1711585556077238174,[0.8143387],[0.08617686],[0.08617686]
1711585556079149220,[0.81481017],[0.08606738],[0.08606738]
1711585556080620635,[0.79638477],[0.09024749],[0.09024749]
1711585556148886384,[0.83379578],[0.0815363],[0.0815363]
1711585556150878384,[0.79753715],[0.08999174],[0.08999174]
1711585556152754153,[0.79801229],[0.08988609],[0.08988609]
1711585556154661752,[0.81565436],[0.08587098],[0.08587098]
1711585556220298675,[0.84949002],[0.07759123],[0.07759123]
1711585556288208080,[0.79347774],[0.09088944],[0.09088944]
1711585556289557220,[0.81110865],[0.08692326],[0.08692326]
1711585556290870192,[0.80958757],[0.08727254],[0.08727254]
1711585556292144149,[0.80807678],[0.08761808],[0.08761808]
1711585556359276758,[0.82547624],[0.08355208],[0.08355208]
1711585556361249141,[0.78516924],[0.09269968],[0.09269968]
1711585556363134528,[0.8228081],[0.08418834],[0.08418834]
1711585556365022309,[0.76062702],[0.09785152],[0.09785152]
1711585556431070932,[0.82012679],[0.08482292],[0.08482292]
1711585556432944887,[0.77869783],[0.09408553],[0.09408553]
1711585556434774197,[0.81757032],[0.08542357],[0.08542357]
1711585556500832360,[0.81638235],[0.08570126],[0.08570126]
1711585556567404965,[0.75214012],[0.09957106],[0.09957106]
1711585556569501516,[0.83298934],[0.08173388],[0.08173388]
1711585556571719258,[0.79255007],[0.09109334],[0.09109334]
1711585556573654490,[0.79122973],[0.09138277],[0.09138277]
1711585556575645850,[0.78992042],[0.09166888],[0.09166888]
1711585556646614757,[0.76690373],[0.09656009],[0.09656009]
1711585556648529200,[0.7653907],[0.09687297],[0.09687297]
1711585556715148777,[0.78587229],[0.09254787],[0.09254787]
1711585556717092285,[0.78458079],[0.09282655],[0.09282655]
1711585556718985386,[0.80444544],[0.0884431],[0.0884431]
1711585556720873218,[0.7820477],[0.09337072],[0.09337072]
1711585556786009395,[0.78073584],[0.0936513],[0.0936513]
1711585556853362195,[0.7080714],[0.10806084],[0.10806084]
1711585556856238297,[0.83950232],[0.08012432],[0.08012432]
1711585556857571988,[0.77652581],[0.09454611],[0.09454611]
1711585556859533220,[0.77505486],[0.09485676],[0.09485676]
1711585556861476287,[0.79564449],[0.0904114],[0.0904114]
1711585556927346399,[0.74858818],[0.10028197],[0.10028197]
1711585556929283324,[0.77017329],[0.09588049],[0.09588049]
1711585556931193148,[0.79093153],[0.09144801],[0.09144801]
1711585556996564358,[0.74242366],[0.10150396],[0.10150396]
1711585556998555518,[0.76422092],[0.09711418],[0.09711418]
1711585557000489708,[0.76197862],[0.09757487],[0.09757487]
1711585557066675615,[0.7595167],[0.09807819],[0.09807819]
1711585557068638390,[0.75683745],[0.09862303],[0.09862303]
1711585557070579864,[0.77801344],[0.0942309],[0.0942309]
1711585557196522549,[0.72553461],[0.10477889],[0.10477889]
1711585557198486026,[0.74786758],[0.10042558],[0.10042558]
1711585557200379839,[0.76961312],[0.09599727],[0.09599727]
1711585557268694655,[0.71484923],[0.10679902],[0.10679902]
1711585557270356154,[0.73781016],[0.10240895],[0.10240895]
1711585557271903494,[0.73423717],[0.10310438],[0.10310438]
1711585557273366593,[0.73055131],[0.10381689],[0.10381689]
1711585557340837799,[0.72673439],[0.10454963],[0.10454963]
1711585557342768422,[0.72273393],[0.10531212],[0.10531212]
1711585557412090159,[0.68966481],[0.11141547],[0.11141547]
1711585557413372291,[0.74214958],[0.10155795],[0.10155795]
1711585557414651799,[0.68026948],[0.11308944],[0.11308944]
1711585557417168463,[0.70548962],[0.10853762],[0.10853762]
1711585557481232750,[0.73024942],[0.10387504],[0.10387504]
1711585557483177240,[0.72631762],[0.10462932],[0.10462932]
1711585557485047979,[0.69219546],[0.11096027],[0.11096027]
1711585557549766499,[0.68746205],[0.11181019],[0.11181019]
1711585557551708124,[0.68262475],[0.11267213],[0.11267213]
1711585557553749990,[0.67771205],[0.11354082],[0.11354082]
1711585557619898558,[0.6390018],[0.12016625],[0.12016625]
1711585557621932760,[0.66729581],[0.11536103],[0.11536103]
1711585557623811584,[0.66210055],[0.11625824],[0.11625824]
1711585557690625118,[0.69043452],[0.11127722],[0.11127722]
1711585557692569678,[0.65181908],[0.11801371],[0.11801371]
1711585557760203964,[0.64643958],[0.11892189],[0.11892189]
1711585557762146040,[0.60405221],[0.12584877],[0.12584877]
1711585557764088235,[0.63522766],[0.12079277],[0.12079277]
1711585557765970857,[0.62966981],[0.12170952],[0.12170952]
1711585557833726146,[0.6608341],[0.1164759],[0.1164759]
1711585557835695383,[0.57944591],[0.12970028],[0.12970028]
1711585557901161133,[0.61275952],[0.1244573],[0.1244573]
1711585557903112496,[0.60715657],[0.12535445],[0.12535445]
1711585557905101681,[0.60159603],[0.1262385],[0.1262385]
1711585557972305946,[0.59609168],[0.12710756],[0.12710756]
1711585557974503520,[0.59068792],[0.127955],[0.127955]
1711585557976457879,[0.58533747],[0.12878859],[0.12878859]
1711585558081886066,[0.62114349],[0.12310264],[0.12310264]
1711585558083744411,[0.57517592],[0.13035706],[0.13035706]
1711585558085601915,[0.57004222],[0.13114233],[0.13114233]
1711585558152457393,[0.56496702],[0.13191406],[0.13191406]
1711585558154512956,[0.51772227],[0.13889244],[0.13889244]
1711585558156560242,[0.56368606],[0.13210813],[0.13210813]
1711585558158560228,[0.60722658],[0.12534328],[0.12534328]
1711585558228169292,[0.52151912],[0.13834463],[0.13834463]
1711585558230880439,[0.52303115],[0.13812586],[0.13812586]
1711585558298664373,[0.61087852],[0.1247592],[0.1247592]
1711585558300621687,[0.57030496],[0.13110226],[0.13110226]
1711585558302440998,[0.61359675],[0.12432268],[0.12432268]
1711585558372040736,[0.57352462],[0.13061017],[0.13061017]
1711585558374074557,[0.57537496],[0.13032652],[0.13032652]
1711585558398937019,[0.53410654],[0.13651278],[0.13651278]
1711585558465275468,[0.57965901],[0.12966742],[0.12966742]
1711585558467200531,[0.58194774],[0.12931392],[0.12931392]
1711585558469089244,[0.54183678],[0.13537551],[0.13537551]
1711585558535547651,[0.66539188],[0.11569064],[0.11569064]
1711585558537535053,[0.54751419],[0.13453413],[0.13453413]
1711585558539570657,[0.5926223],[0.12765229],[0.12765229]
1711585558605080882,[0.59572115],[0.12716585],[0.12716585]
1711585558607107219,[0.55791119],[0.13297952],[0.13297952]
1711585558609024526,[0.6025033],[0.12609468],[0.12609468]
1711585558676059566,[0.64443235],[0.11925899],[0.11925899]
1711585558678077226,[0.60969284],[0.12494913],[0.12494913]
1711585558680025113,[0.65127124],[0.11810652],[0.11810652]
1711585558750891514,[0.53751357],[0.13601271],[0.13601271]
1711585558752998695,[0.69378857],[0.11067275],[0.11067275]
1711585558755051232,[0.58779398],[0.12840654],[0.12840654]
1711585558827067392,[0.66651499],[0.11549632],[0.11549632]
1711585558829017463,[0.6348573],[0.12085408],[0.12085408]
1711585558830898912,[0.63939254],[0.1201012],[0.1201012]
1711585558832764942,[0.64396704],[0.11933699],[0.11933699]
1711585558933383349,0,[0.35911689],[0.35911689]
1711585558935907748,[0.47450028],[0.14498272],[0.14498272]
1711585558937237773,[0.81353406],[0.0863634],[0.0863634]
1711585558939203624,[0.63932991],[0.12011163],[0.12011163]
1711585559008354782,[0.73882604],[0.10221036],[0.10221036]
1711585559010367302,[0.68212849],[0.11276019],[0.11276019]
1711585559012310149,[0.68690585],[0.11190963],[0.11190963]
1711585559079740477,[0.66019367],[0.11658582],[0.11658582]
1711585559081753868,[0.72609853],[0.10467119],[0.10467119]
1711585559083686816,[0.7010734],[0.10934836],[0.10934836]
1711585559151013584,[0.70572961],[0.10849339],[0.10849339]
1711585559153000155,[0.71037726],[0.10763322],[0.10763322]
1711585559154983439,[0.68584511],[0.11209904],[0.11209904]
1711585559221743615,[0.7470207],[0.1005941],[0.1005941]
1711585559224366312,[0.69592955],[0.11028517],[0.11028517]
1711585559226295893,[0.75516905],[0.09896079],[0.09896079]
1711585559293613957,[0.70571744],[0.10849563],[0.10849563]
1711585559295610015,[0.76298042],[0.09736931],[0.09736931]
1711585559297513096,[0.74148038],[0.10168965],[0.10168965]
1711585559299437016,[0.71965883],[0.10589451],[0.10589451]
1711585559366883644,0,[0.39044497],[0.39044497]
1711585559368844675,[0.76522044],[0.09690811],[0.09690811]
1711585559438913818,[0.76896081],[0.09613307],[0.09613307]
1711585559440916139,[0.74932311],[0.10013529],[0.10013529]
1711585559442762581,[0.75336491],[0.09932474],[0.09932474]
1711585559467830507,[0.82149827],[0.08449893],[0.08449893]
1711585559533833207,[0.78280287],[0.09320883],[0.09320883]
1711585559535109478,[0.78607437],[0.09250419],[0.09250419]
1711585559536344050,[0.76778177],[0.09637805],[0.09637805]
1711585559537620371,[0.77140554],[0.09562311],[0.09562311]
1711585559604283540,[0.81563514],[0.08587546],[0.08587546]
1711585559606199465,[0.81817426],[0.08528206],[0.08528206]
1711585559608113397,[0.75975104],[0.0980304],[0.0980304]
1711585559701958427,0,[0.35022213],[0.35022213]
1711585559769066508,[0.33458178],[0.16314634],[0.16314634]
1711585559770977384,[0.80048528],[0.08933414],[0.08933414]
1711585559772973663,[0.8212929],[0.08454753],[0.08454753]
1711585559840052637,[0.82342782],[0.08404099],[0.08404099]
1711585559841944967,[0.84246734],[0.07938077],[0.07938077]
1711585559913787265,[0.82742537],[0.08308421],[0.08308421]
1711585559915747495,[0.81191929],[0.08673655],[0.08673655]
1711585559917684851,[0.83133943],[0.08213661],[0.08213661]
1711585559919518769,[0.8161443],[0.0857568],[0.0857568]
1711585559989043549,[0.83511514],[0.08121203],[0.08121203]
1711585559991122135,[0.86782097],[0.07271287],[0.07271287]
1711585560060539633,[0.83849956],[0.08037423],[0.08037423]
1711585560062529549,[0.8238231],[0.08394687],[0.08394687]
1711585560128896323,[0.8572058],[0.07557624],[0.07557624]
1711585560130823940,[0.82723628],[0.08312971],[0.08312971]
1711585560132684940,[0.84481989],[0.07878581],[0.07878581]
1711585560134580146,[0.86122517],[0.07450499],[0.07450499]
1711585560203527456,[0.84761043],[0.07807421],[0.07807421]
1711585560205502044,[0.83353897],[0.08159927],[0.08159927]
1711585560207424752,[0.83507253],[0.08122253],[0.08122253]
1711585560275331750,[0.86615617],[0.07316935],[0.07316935]
1711585560277223188,[0.852926],[0.07670046],[0.07670046]
1711585560278546730,[0.86817864],[0.07261442],[0.07261442]
1711585560344885279,[0.8527968],[0.07673414],[0.07673414]
1711585560412328460,[0.8348231],[0.08128392],[0.08128392]
1711585560414254665,[0.84783008],[0.07801793],[0.07801793]
1711585560416117809,[0.84563065],[0.07857973],[0.07857973]
1711585560417951818,[0.84349822],[0.07912061],[0.07912061]
1711585560517155619,0,[0.2403156],[0.2403156]
1711585560518416141,[0.83595904],[0.08100394],[0.08100394]
1711585560519692533,[0.81725057],[0.0854984],[0.0854984]
1711585560520975717,[0.86444939],[0.0736344],[0.0736344]
1711585560594893767,[0.81386769],[0.08628611],[0.08628611]
1711585560596179186,[0.84634041],[0.07839887],[0.07839887]
1711585560598031780,[0.82840056],[0.08284913],[0.08284913]
1711585560627788381,[0.79070102],[0.09149841],[0.09149841]
1711585560697594949,[0.84273167],[0.07931414],[0.07931414]
1711585560698845431,[0.84170534],[0.07957252],[0.07957252]
1711585560768843860,0,[0.42115438],[0.42115438]
1711585560771120352,[0.80675139],[0.0879201],[0.0879201]
1711585560841185379,[0.84297946],[0.07925163],[0.07925163]
1711585560843294003,[0.82723194],[0.08313075],[0.08313075]
1711585560845270684,[0.82844566],[0.08283824],[0.08283824]
1711585560847189946,[0.82963569],[0.08255042],[0.08255042]
1711585560921589961,[0.81349785],[0.08637179],[0.08637179]
1711585560923640865,[0.83200738],[0.08197381],[0.08197381]
1711585560994083854,[0.8160455],[0.08577983],[0.08577983]
1711585560996024787,[0.85040284],[0.07735558],[0.07735558]
1711585560997879986,[0.83528387],[0.08117047],[0.08117047]
1711585560999768619,[0.83635915],[0.08090509],[0.08090509]
1711585561066960792,[0.83739493],[0.08064864],[0.08064864]
1711585561068856538,[0.85414773],[0.07638122],[0.07638122]
1711585561071760270,[0.82294085],[0.08415679],[0.08415679]
1711585561139798338,[0.8404264],[0.07989333],[0.07989333]
1711585561141914346,[0.82518263],[0.08362234],[0.08362234]
1711585561143804762,[0.84242773],[0.07939075],[0.07939075]
1711585561215823352,[0.81055215],[0.08705121],[0.08705121]
1711585561217127126,[0.88754502],[0.06706862],[0.06706862]
1711585561219018484,[0.82937122],[0.08261447],[0.08261447]
1711585561220929019,[0.87535679],[0.07060969],[0.07060969]
1711585561322204945,0,[0.3154394],[0.3154394]
1711585561324176266,[0.85050068],[0.07733028],[0.07733028]
1711585561395916499,[0.85133718],[0.07711364],[0.07711364]
1711585561397845389,[0.86655852],[0.07305928],[0.07305928]
1711585561399776463,[0.83789024],[0.08052571],[0.08052571]
1711585561471203174,[0.85359234],[0.07652651],[0.07652651]
1711585561473321567,[0.85298999],[0.07668377],[0.07668377]
1711585561475303989,[0.86660978],[0.07304525],[0.07304525]
1711585561547149383,[0.83620406],[0.08094342],[0.08094342]
1711585561549178846,[0.86526767],[0.07341181],[0.07341181]
1711585561551088258,[0.85005651],[0.07744508],[0.07744508]
1711585561623585199,[0.84941793],[0.07760981],[0.07760981]
1711585561625647805,[0.83334277],[0.08164735],[0.08164735]
1711585561627674031,[0.84832772],[0.07789025],[0.07789025]
1711585561699713815,[0.84785616],[0.07801124],[0.07801124]
1711585561701634550,[0.84740975],[0.0781256],[0.0781256]
1711585561703523984,[0.86191163],[0.07432049],[0.07432049]
1711585561705485226,[0.84660811],[0.07833055],[0.07833055]
1711585561774422347,0,[0.31417264],[0.31417264]
1711585561776419688,[0.8291271],[0.08267355],[0.08267355]
1711585561778307208,[0.84476402],[0.07879999],[0.07879999]
1711585561849305354,[0.84454487],[0.0788556],[0.0788556]
1711585561851257218,[0.8443387],[0.07890787],[0.07890787]
1711585561853174185,[0.8441481],[0.07895617],[0.07895617]
1711585561855211472,[0.84396902],[0.07900151],[0.07900151]
1711585561925373670,[0.85904064],[0.07508911],[0.07508911]
1711585561927326005,[0.84366772],[0.07907775],[0.07907775]
1711585561929188719,[0.81065961],[0.08702652],[0.08702652]
1711585561999396033,[0.87314722],[0.0712328],[0.0712328]
1711585562001371021,[0.81036932],[0.08709321],[0.08709321]
1711585562003250026,[0.85845955],[0.07524372],[0.07524372]
1711585562103689076,0,[0.31304281],[0.31304281]
1711585562105657492,[0.84278498],[0.0793007],[0.0793007]
1711585562107648771,[0.84272304],[0.07931632],[0.07931632]
1711585562109564967,[0.84266474],[0.07933102],[0.07933102]
1711585562180306052,[0.84260789],[0.07934535],[0.07934535]
1711585562182200917,[0.84255711],[0.07935815],[0.07935815]
1711585562184080092,[0.84251264],[0.07936935],[0.07936935]
1711585562254208054,[0.84246554],[0.07938122],[0.07938122]
1711585562256172783,[0.84242666],[0.07939102],[0.07939102]
1711585562326735026,[0.82624539],[0.08336777],[0.08336777]
1711585562328681941,[0.84236683],[0.07940609],[0.07940609]
1711585562330644756,[0.85771263],[0.075442],[0.075442]
1711585562332532737,[0.82617129],[0.08338554],[0.08338554]
1711585562405589503,[0.82615906],[0.08338847],[0.08338847]
1711585562407565683,[0.85770087],[0.07544512],[0.07544512]
1711585562409485085,[0.85771509],[0.07544134],[0.07544134]
1711585562481249648,[0.84231236],[0.07941981],[0.07941981]
1711585562483221470,[0.84233677],[0.07941366],[0.07941366]
1711585562485183324,[0.84236597],[0.0794063],[0.0794063]
1711585562556125213,[0.84236582],[0.07940634],[0.07940634]
1711585562557419489,[0.84236943],[0.07940543],[0.07940543]
1711585562560589153,[0.82625938],[0.08336441],[0.08336441]
1711585562631746715,[0.82629137],[0.08335674],[0.08335674]
1711585562633720851,[0.84249369],[0.07937413],[0.07937413]
1711585562635635384,[0.87242192],[0.07143615],[0.07143615]
1711585562709214048,0,[0.40070202],[0.40070202]
1711585562811241056,[0.84266436],[0.07933111],[0.07933111]
1711585562844875422,[0.82654885],[0.08329493],[0.08329493]
1711585562846748997,[0.84271171],[0.07931918],[0.07931918]
1711585562848534543,[0.87262085],[0.07138043],[0.07138043]
1711585562922962171,0,[0.39642365],[0.39642365]
1711585562925514764,[0.82685867],[0.08322051],[0.08322051]
1711585562927460937,[0.84298747],[0.07924961],[0.07924961]
1711585563000725660,[0.84301747],[0.07924204],[0.07924204]
1711585563003460622,[0.79243204],[0.09111925],[0.09111925]
1711585563080439571,[0.87288762],[0.07130565],[0.07130565]
1711585563081720972,[0.85840778],[0.07525748],[0.07525748]
1711585563083623282,[0.85840428],[0.07525841],[0.07525841]
1711585563085477689,[0.82707028],[0.08316964],[0.08316964]
1711585563155177553,[0.85845438],[0.0752451],[0.0752451]
1711585563157248825,[0.82711563],[0.08315873],[0.08315873]
1711585563227411484,[0.84321256],[0.07919279],[0.07919279]
1711585563229505069,[0.8585223],[0.07522704],[0.07522704]
1711585563231380517,[0.82720441],[0.08313738],[0.08313738]
1711585563233247548,[0.84329817],[0.07917116],[0.07917116]
1711585563303120583,0,[0.24141259],[0.24141259]
1711585563305025257,[0.87319009],[0.07122076],[0.07122076]
1711585563306981740,[0.84347823],[0.07912566],[0.07912566]
1711585563376075363,[0.8435377],[0.07911063],[0.07911063]
1711585563378107711,[0.84358222],[0.07909938],[0.07909938]
1711585563380099371,[0.82760321],[0.08304139],[0.08304139]
1711585563450158402,[0.85892323],[0.07512038],[0.07512038]
1711585563452153809,[0.84373127],[0.07906168],[0.07906168]
1711585563454013657,[0.8277819],[0.08299834],[0.08299834]
1711585563554860803,[0.84385532],[0.07903029],[0.07903029]
1711585563556769023,[0.84391283],[0.07901574],[0.07901574]
1711585563558660482,[0.85918092],[0.07505174],[0.07505174]
1711585563628774914,[0.84403218],[0.07898552],[0.07898552]
1711585563630786652,[0.84409799],[0.07896886],[0.07896886]
1711585563632731082,[0.82819618],[0.08289845],[0.08289845]
1711585563702098277,0,[0.4102512],[0.4102512]
1711585563704052495,[0.91259759],[0.0591278],[0.0591278]
1711585563775367378,[0.8287787],[0.08275779],[0.08275779]
1711585563777367254,[0.84479514],[0.0787921],[0.0787921]
1711585563779335850,[0.84489005],[0.078768],[0.078768]
1711585563852771631,[0.86012073],[0.07480087],[0.07480087]
1711585563854839296,[0.84512274],[0.0787089],[0.0787089]
1711585563887213320,[0.84525521],[0.07867523],[0.07867523]
1711585563889142170,[0.84539412],[0.07863991],[0.07863991]
1711585563965211669,[0.84555436],[0.07859915],[0.07859915]
1711585563966544749,[0.84571212],[0.07855899],[0.07855899]
1711585563968527232,[0.83008494],[0.08244151],[0.08244151]
1711585564036520641,0,[0.30966726],[0.30966726]
1711585564038593306,[0.84684041],[0.07827122],[0.07827122]
1711585564040540571,[0.84705421],[0.07821657],[0.07821657]
1711585564111386507,[0.83162423],[0.08206723],[0.08206723]
1711585564113319977,[0.84752049],[0.07809725],[0.07809725]
1711585564115209983,[0.84774941],[0.0780386],[0.0780386]
1711585564117107834,[0.8479881],[0.07797741],[0.07797741]
1711585564217857007,[0.84821645],[0.07791882],[0.07791882]
1711585564219859378,[0.84844618],[0.07785983],[0.07785983]
1711585564292463326,[0.84866994],[0.07780233],[0.07780233]
1711585564294407806,[0.84887969],[0.07774839],[0.07774839]
1711585564296301880,[0.86379835],[0.07381102],[0.07381102]
1711585564366854485,0,[0.31427173],[0.31427173]
1711585564368843290,[0.86436223],[0.07365807],[0.07365807]
1711585564371128681,[0.83433064],[0.081405],[0.081405]
1711585564442263219,[0.86431618],[0.07367057],[0.07367057]
1711585564444182441,[0.83413622],[0.08145275],[0.08145275]
1711585564446067257,[0.84938093],[0.07761935],[0.07761935]
1711585564447965999,[0.84913248],[0.07768334],[0.07768334]
1711585564518904883,[0.84880296],[0.07776813],[0.07776813]
1711585564520883859,[0.84826887],[0.07790536],[0.07790536]
1711585564594151305,[0.86246207],[0.07417221],[0.07417221]
1711585564596026884,[0.84677921],[0.07828686],[0.07828686]
1711585564597902783,[0.84576066],[0.07854663],[0.07854663]
1711585564599843716,[0.82860328],[0.08280017],[0.08280017]
1711585564669191507,[0.84309229],[0.07922316],[0.07922316]
1711585564671126429,[0.85692644],[0.07565013],[0.07565013]
1711585564673123399,[0.83966404],[0.08008395],[0.08008395]
1711585564745369583,[0.83767397],[0.08057941],[0.08057941]
1711585564747330986,[0.83554632],[0.08110578],[0.08110578]
1711585564749188239,[0.83328374],[0.08166181],[0.08166181]
1711585564820143554,[0.81344085],[0.08638499],[0.08638499]
1711585564822188837,[0.82811254],[0.08291863],[0.08291863]
1711585564824060127,[0.8073425],[0.08778553],[0.08778553]
1711585564930356903,0,[0.25093559],[0.25093559]
1711585564932244714,[0.81252361],[0.08659709],[0.08659709]
1711585564934239320,[0.80893438],[0.08742211],[0.08742211]
1711585565039966136,0,[0.4502295],[0.4502295]
1711585565041596646,[0.80580492],[0.08813514],[0.08813514]
1711585565043000341,[0.75785588],[0.09841628],[0.09841628]
1711585565116769741,[0.77568708],[0.09472337],[0.09472337]
1711585565118804864,[0.7934477],[0.09089605],[0.09089605]
1711585565120905172,[0.76648122],[0.09664756],[0.09664756]
1711585565201656717,[0.73706025],[0.1025553],[0.1025553]
1711585565204351061,[0.78030964],[0.09374228],[0.09374228]
1711585565207153001,[0.75170192],[0.09965903],[0.09965903]
1711585565280350126,[0.74663011],[0.10067172],[0.10067172]
1711585565282336126,[0.74150594],[0.10168462],[0.10168462]
1711585565284292819,[0.73628849],[0.1027057],[0.1027057]
1711585565357930345,[0.70322401],[0.1089543],[0.1089543]
1711585565359833396,[0.72527757],[0.10482794],[0.10482794]
1711585565361069681,[0.74724155],[0.10055018],[0.10055018]
1711585565435341430,0,[0.55015267],[0.55015267]
1711585565437272865,[0.68616764],[0.11204149],[0.11204149]
1711585565512629561,[0.64749682],[0.11874396],[0.11874396]
1711585565513913658,[0.70621509],[0.10840386],[0.10840386]
1711585565515145775,[0.70117234],[0.10933026],[0.10933026]
1711585565517615270,[0.66314494],[0.11607843],[0.11607843]
1711585565591578989,[0.65721284],[0.11709606],[0.11709606]
1711585565594247254,[0.61536873],[0.1240373],[0.1240373]
1711585565595496524,[0.67980695],[0.11317121],[0.11317121]
1711585565700146629,0,[0.48623843],[0.48623843]
1711585565705406786,[0.57617419],[0.13020381],[0.13020381]
1711585565708287427,[0.609436],[0.12499024],[0.12499024]
1711585565790439101,[0.56258915],[0.13227409],[0.13227409]
1711585565792354695,[0.63649333],[0.12058303],[0.12058303]
1711585565793614445,[0.63130744],[0.12144012],[0.12144012]
1711585565868535487,[0.4513961],[0.1481356],[0.1481356]
1711585565869863708,[0.659067],[0.11677894],[0.11677894]
1711585565871793550,[0.57346342],[0.13061954],[0.13061954]
1711585565945667589,[0.56753505],[0.13152413],[0.13152413]
1711585565947621036,[0.60448607],[0.1257798],[0.1257798]
1711585566022240240,[0.46239526],[0.14664307],[0.14664307]
1711585566024258100,[0.63535806],[0.12077118],[0.12077118]
1711585566026132005,[0.5442247],[0.13502227],[0.13502227]
1711585566028013033,[0.53828925],[0.1358986],[0.1358986]
1711585566101361757,0,[0.55217039],[0.55217039]
1711585566103381291,[0.50910159],[0.14012829],[0.14012829]
1711585566105335950,[0.45229438],[0.14801427],[0.14801427]
1711585566179914023,[0.54649471],[0.1346856],[0.1346856]
1711585566181176819,[0.49199735],[0.14254861],[0.14254861]
1711585566183094437,[0.48632505],[0.14334224],[0.14334224]
1711585566184976288,[0.4806535],[0.1441314],[0.1441314]
1711585566259574264,[0.42098848],[0.15218561],[0.15218561]
1711585566261488867,[0.52092928],[0.13842987],[0.13842987]
1711585566263420482,[0.46371447],[0.14646304],[0.14646304]
1711585566372002321,0,[0.59336022],[0.59336022]
1711585566373946250,[0.43613121],[0.1501824],[0.1501824]
1711585566375827849,[0.43067116],[0.15090777],[0.15090777]
1711585566452103913,[0.36616059],[0.15922806],[0.15922806]
1711585566454060486,[0.47624067],[0.14474244],[0.14474244]
1711585566530673064,[0.41437103],[0.1530528],[0.1530528]
1711585566531937844,[0.40895926],[0.15375835],[0.15375835]
1711585566533193426,[0.34228191],[0.16219964],[0.16219964]
1711585566535662741,[0.3978923],[0.1551912],[0.1551912]
1711585566612680894,[0.39252591],[0.15588125],[0.15588125]
1711585566614560850,[0.44705731],[0.14872023],[0.14872023]
1711585566616490853,[0.38213101],[0.15720929],[0.15720929]
1711585566692318597,[0.31278714],[0.16579661],[0.16579661]
1711585566694296310,[0.43265568],[0.15064452],[0.15064452]
1711585566696859494,[0.16127066],[0.18316433],[0.18316433]
1711585566771294929,0,[0.62764802],[0.62764802]
1711585566773316467,[0.33956927],[0.16253378],[0.16253378]
1711585566775224737,[0.26593906],[0.17135471],[0.17135471]
1711585566777145522,[0.39437922],[0.15564328],[0.15564328]
1711585566850756908,[0.25434277],[0.17270289],[0.17270289]
1711585566852718922,[0.44802433],[0.14859013],[0.14859013]
1711585566854634977,[0.31357452],[0.1657016],[0.1657016]
1711585566928388746,[0.30835894],[0.16632992],[0.16632992]
1711585566930235198,[0.23152861],[0.175325],[0.175325]
1711585566932040482,[0.29760938],[0.1676175],[0.1676175]
1711585567039429218,0,[0.68519054],[0.68519054]
1711585567041498888,[0.34238204],[0.16218729],[0.16218729]
1711585567043442907,[0.26619506],[0.17132483],[0.17132483]
1711585567146396780,[0.33312741],[0.16332454],[0.16332454]
1711585567148227413,[0.17955351],[0.181157],[0.181157]
1711585567150046843,[0.32363457],[0.16448288],[0.16448288]
1711585567227220762,[0.16797917],[0.18243035],[0.18243035]
1711585567229164771,[0.31447476],[0.1655929],[0.1655929]
1711585567231013869,[0.24072578],[0.17427269],[0.17427269]
1711585567312640419,0,[0.70302905],[0.70302905]
1711585567314632520,[0.32612582],[0.16417968],[0.16417968]
1711585567316616797,[0.18019863],[0.18108577],[0.18108577]
1711585567318612555,[0.25984033],[0.17206507],[0.17206507]
1711585567397863089,[0.33514129],[0.16307774],[0.16307774]
1711585567399800987,[0.26711841],[0.17121701],[0.17121701]
1711585567474429238,[0.19694213],[0.17922699],[0.17922699]
1711585567476441237,[0.27654128],[0.17011275],[0.17011275]
1711585567550140782,[0.28183124],[0.16948968],[0.16948968]
1711585567551383349,[0.35719474],[0.16035027],[0.16035027]
1711585567553837414,[0.22200377],[0.17640819],[0.17640819]
1711585567555705628,[0.30149301],[0.16715346],[0.16715346]
1711585567629449989,[0.30881707],[0.16627482],[0.16627482]
1711585567631408836,[0.31642587],[0.16535708],[0.16535708]
1711585567633244979,[0.39001803],[0.15620268],[0.15620268]
1711585567740381784,0,[0.64699848],[0.64699848]
1711585567742927704,0,[0.20617184],[0.20617184]
1711585567744144191,[0.65242341],[0.11791125],[0.11791125]
1711585567745994130,[0.39143793],[0.15602078],[0.15602078]
1711585567820725960,[0.40252792],[0.15459264],[0.15459264]
1711585567822785741,[0.47071647],[0.14550375],[0.14550375]
1711585567898889234,[0.42458974],[0.1517116],[0.1517116]
1711585567900858572,[0.43623382],[0.15016873],[0.15016873]
1711585567902725082,[0.39185576],[0.15596721],[0.15596721]
1711585567904538912,[0.46061456],[0.14688573],[0.14688573]
1711585567981429592,0,[0.5639741],[0.5639741]
1711585567983343354,[0.52033834],[0.13851522],[0.13851522]
1711585567985189516,[0.53264701],[0.13672644],[0.13672644]
1711585568059578158,[0.54483485],[0.13493186],[0.13493186]
1711585568061444138,[0.51158461],[0.13977344],[0.13977344]
1711585568063248220,[0.56903772],[0.13129544],[0.13129544]
1711585568135683366,[0.58061507],[0.12951987],[0.12951987]
1711585568137677482,[0.59194286],[0.1277587],[0.1277587]
1711585568139676165,[0.60315445],[0.12599136],[0.12599136]
1711585568214690665,[0.61410658],[0.12424064],[0.12424064]
1711585568241588274,[0.58677794],[0.1285647],[0.1285647]
1711585568243519468,[0.67131407],[0.11466228],[0.11466228]
1711585568351204490,0,[0.46015285],[0.46015285]
1711585568353121337,[0.68408386],[0.11241284],[0.11241284]
1711585568355012195,[0.69299718],[0.11081567],[0.11081567]
1711585568429754284,[0.7016629],[0.10924049],[0.10924049]
1711585568431727960,[0.68058969],[0.11303279],[0.11303279]
1711585568507830522,0,[0.5110474],[0.5110474]
1711585568509839315,[0.75464432],[0.09906678],[0.09906678]
1711585568511714512,[0.76111297],[0.09775214],[0.09775214]
1711585568588527644,[0.76744605],[0.09644769],[0.09644769]
1711585568590669040,[0.77348077],[0.09518807],[0.09518807]
1711585568592485155,[0.77938045],[0.09394031],[0.09394031]
1711585568668033027,[0.76318267],[0.09732776],[0.09732776]
1711585568670049955,[0.79069559],[0.0914996],[0.0914996]
1711585568671976451,[0.79601989],[0.09032831],[0.09032831]
1711585568673890953,[0.80113189],[0.08918926],[0.08918926]
1711585568746887413,[0.82479315],[0.08371544],[0.08371544]
1711585568748767530,[0.79106363],[0.09141912],[0.09141912]
1711585568823723428,[0.81497369],[0.08602937],[0.08602937]
1711585568825662488,[0.81914469],[0.08505417],[0.08505417]
1711585568827618941,[0.82324873],[0.08408359],[0.08408359]
1711585568932407031,0,[0.32335364],[0.32335364]
1711585568934328447,[0.84083115],[0.07979194],[0.07979194]
1711585568936198716,[0.82815447],[0.08290851],[0.08290851]
1711585568938080295,[0.86203232],[0.074288],[0.074288]
1711585569012951571,[0.83463696],[0.08132971],[0.08132971]
1711585569014865353,[0.85288156],[0.07671204],[0.07671204]
1711585569016715051,[0.85558458],[0.07600406],[0.07600406]
1711585569091451090,[0.85814004],[0.0753286],[0.0753286]
1711585569093380912,[0.87407443],[0.07097199],[0.07097199]
1711585569095263994,[0.84882859],[0.07776154],[0.07776154]
1711585569097136366,[0.86518095],[0.07343543],[0.07343543]
1711585569174029460,0,[0.21333679],[0.21333679]
1711585569176025078,[0.85904615],[0.07508764],[0.07508764]
1711585569178000086,[0.87151252],[0.0716903],[0.0716903]
1711585569179903878,[0.86970223],[0.07219356],[0.07219356]
1711585569257465541,[0.8808289],[0.06904233],[0.06904233]
1711585569285680210,[0.83815487],[0.08045996],[0.08045996]
1711585569287563593,[0.87784276],[0.069902],[0.069902]
1711585569362841968,[0.86320733],[0.07397099],[0.07397099]
1711585569364828799,[0.86180334],[0.07434962],[0.07434962]
1711585569366743452,[0.86048738],[0.07470278],[0.07470278]
1711585569445021806,0,[0.30183501],[0.30183501]
1711585569446981465,[0.8693039],[0.07230383],[0.07230383]
1711585569448987172,[0.85434487],[0.07632958],[0.07632958]
1711585569562112042,[0.83852518],[0.08036786],[0.08036786]
1711585569563397341,[0.8527999],[0.07673333],[0.07673333]
1711585569564636322,[0.85214551],[0.0769037],[0.0769037]
1711585569643146961,0,[0.30515732],[0.30515732]
1711585569645038690,[0.83425473],[0.08142365],[0.08142365]
1711585569646868240,[0.84929226],[0.07764219],[0.07764219]
1711585569725166452,[0.84896425],[0.07772664],[0.07772664]
1711585569727140068,[0.86344852],[0.07390574],[0.07390574]
1711585569729018572,[0.84848447],[0.07784999],[0.07784999]
1711585569730918296,[0.84823375],[0.07791438],[0.07791438]
1711585569807110339,[0.84802909],[0.07796689],[0.07796689]
1711585569884075131,[0.83225722],[0.08191283],[0.08191283]
1711585569886009014,[0.86257865],[0.07414077],[0.07414077]
1711585569887870508,[0.84762744],[0.07806985],[0.07806985]
1711585569889728646,[0.84752864],[0.07809516],[0.07809516]
1711585569967590492,0,[0.31254969],[0.31254969]
1711585569969475993,[0.8472801],[0.07815879],[0.07815879]
1711585569971373646,[0.83162281],[0.08206758],[0.08206758]
1711585570049429963,[0.86218272],[0.0742475],[0.0742475]
1711585570051279034,[0.81526353],[0.08596196],[0.08596196]
1711585570053198139,[0.862242],[0.07423153],[0.07423153]
1711585570159421602,[0.84740502],[0.07812682],[0.07812682]
1711585570161339324,[0.84745716],[0.07811347],[0.07811347]
1711585570163228702,[0.8623814],[0.07419396],[0.07419396]
1711585570239070508,0,[0.31217291],[0.31217291]
1711585570241015673,[0.8479366],[0.07799061],[0.07799061]
1711585570242937583,[0.84804408],[0.07796305],[0.07796305]
1711585570320549651,[0.83259877],[0.08182939],[0.08182939]
1711585570322595909,[0.86307001],[0.07400811],[0.07400811]
1711585570324511396,[0.84838869],[0.07787459],[0.07787459]
1711585570407725942,[0.83298312],[0.0817354],[0.0817354]
1711585570435550422,[0.84864345],[0.07780914],[0.07780914]
1711585570437428879,[0.84878289],[0.07777329],[0.07777329]
1711585570517143060,0,[0.23308803],[0.23308803]
1711585570518180807,[0.86406451],[0.07373886],[0.07373886]
1711585570519210890,[0.84954382],[0.07757736],[0.07757736]
1711585570520279135,[0.83432446],[0.08140652],[0.08140652]
1711585570522443670,[0.84990686],[0.07748371],[0.07748371]
1711585570601990491,[0.85008346],[0.07743811],[0.07743811]
1711585570603953550,[0.8648656],[0.07352126],[0.07352126]
1711585570605946486,[0.83514088],[0.0812057],[0.0812057]
1711585570683976322,[0.8506765],[0.0772848],[0.0772848]
1711585570798952736,0,[0.38169944],[0.38169944]
1711585570800895997,[0.85198219],[0.07694617],[0.07694617]
1711585570802769916,[0.83706712],[0.08072989],[0.08072989]
1711585570804683711,[0.86682997],[0.07298494],[0.07298494]
1711585570884739006,[0.83756514],[0.08060642],[0.08060642]
1711585570886717895,[0.85288541],[0.07671104],[0.07671104]
1711585570888762059,[0.85309029],[0.0766576],[0.0766576]
1711585570967588360,0,[0.30610535],[0.30610535]
1711585570969534156,[0.83903823],[0.08024008],[0.08024008]
1711585570971454213,[0.86838097],[0.07255867],[0.07255867]
1711585571050879993,[0.85431091],[0.07633848],[0.07633848]
1711585571052803035,[0.8395458],[0.08011347],[0.08011347]
1711585571054962292,[0.86878326],[0.0724477],[0.0724477]
1711585571057070499,[0.85474384],[0.07622497],[0.07622497]
1711585571135146442,[0.85488113],[0.07618894],[0.07618894]
1711585571137028997,[0.85501844],[0.07615289],[0.07615289]
1711585571216372989,[0.85515571],[0.07611683],[0.07611683]
1711585571218318515,[0.85529191],[0.07608103],[0.07608103]
1711585571220194086,[0.86952119],[0.0722437],[0.0722437]
1711585571329670118,0,[0.30759781],[0.30759781]
1711585571331533185,[0.82586572],[0.0834588],[0.0834588]
1711585571411573842,[0.88352227],[0.06825767],[0.06825767]
1711585571413534356,[0.84157883],[0.07960431],[0.07960431]
1711585571415371043,[0.87041087],[0.07199698],[0.07199698]
1711585571417203702,[0.87049826],[0.0719727],[0.0719727]
1711585571419037464,[0.85660512],[0.07573503],[0.07573503]
1711585571499255921,[0.84204618],[0.07948681],[0.07948681]
1711585571528177582,[0.85687304],[0.07566425],[0.07566425]
1711585571530027244,[0.84234272],[0.07941216],[0.07941216]
1711585571615179389,0,[0.29838046],[0.29838046]
1711585571616277251,[0.85761073],[0.075469],[0.075469]
1711585571618217907,[0.85772022],[0.07543998],[0.07543998]
1711585571700639792,0,[0.30143518],[0.30143518]
1711585571702078847,[0.8582348],[0.07530344],[0.07530344]
1711585571703108238,[0.87214759],[0.07151291],[0.07151291]
1711585571782545010,[0.85846378],[0.0752426],[0.0752426]
1711585571784425090,[0.84406153],[0.07897809],[0.07897809]
1711585571785869436,[0.84418734],[0.07894622],[0.07894622]
1711585571898417602,[0.88561721],[0.06764105],[0.06764105]
1711585571900367776,[0.85889028],[0.07512915],[0.07512915]
1711585571902252866,[0.85895315],[0.07511241],[0.07511241]
1711585571981817772,0,[0.3038351],[0.3038351]
1711585571983700797,[0.85947744],[0.07497268],[0.07497268]
1711585571985577661,[0.8596052],[0.07493859],[0.07493859]
1711585572065866042,[0.85968994],[0.07491597],[0.07491597]
1711585572067800867,[0.85978262],[0.07489122],[0.07489122]
1711585572069705334,[0.85989375],[0.07486154],[0.07486154]
1711585572071600483,[0.87362288],[0.07109912],[0.07109912]
1711585572151125222,[0.86003826],[0.07482292],[0.07482292]
1711585572153135802,[0.86008709],[0.07480987],[0.07480987]
1711585572155058804,[0.86013585],[0.07479683],[0.07479683]
1711585572233690513,0,[0.29902626],[0.29902626]
1711585572235598526,[0.86040535],[0.07472473],[0.07472473]
1711585572237498004,[0.8461413],[0.07844965],[0.07844965]
1711585572317395446,[0.86048565],[0.07470324],[0.07470324]
1711585572319509704,[0.86053917],[0.07468891],[0.07468891]
1711585572321535874,[0.86060454],[0.0746714],[0.0746714]
1711585572432893991,0,[0.29855119],[0.29855119]
1711585572434851579,[0.86086596],[0.07460135],[0.07460135]
1711585572549603474,[0.87448471],[0.07085627],[0.07085627]
1711585572550936516,[0.86098375],[0.07456976],[0.07456976]
1711585572552177813,[0.86104877],[0.07455232],[0.07455232]
1711585572552833929,[0.8611092],[0.07453611],[0.07453611]
1711585572556233008,[0.86116987],[0.07451983],[0.07451983]
1711585572638121753,0,[0.30160037],[0.30160037]
1711585572640482032,[0.86153355],[0.07442216],[0.07442216]
1711585572720817575,[0.86161429],[0.07440046],[0.07440046]
1711585572722873281,[0.86169625],[0.07437842],[0.07437842]
1711585572724832112,[0.86177396],[0.07435753],[0.07435753]
1711585572726677966,[0.86185817],[0.07433487],[0.07433487]
1711585572805238890,[0.87540354],[0.07059645],[0.07059645]
1711585572807890057,[0.84789655],[0.07800088],[0.07800088]
1711585572809209845,[0.86213719],[0.07425976],[0.07425976]
1711585572888358914,[0.86222975],[0.07423483],[0.07423483]
1711585572890391696,[0.86231987],[0.07421055],[0.07421055]
1711585572892300351,[0.86242284],[0.07418279],[0.07418279]
1711585573004937075,0,[0.2926589],[0.2926589]
1711585573006958786,[0.86306132],[0.07401045],[0.07401045]
1711585573088067007,[0.8631833],[0.07397748],[0.07397748]
1711585573090883420,[0.86329333],[0.07394773],[0.07394773]
1711585573092174743,[0.86342595],[0.07391185],[0.07391185]
1711585573172312555,0,[0.30268296],[0.30268296]
1711585573173580443,[0.87732201],[0.07005084],[0.07005084]
1711585573175505339,[0.86421266],[0.07369867],[0.07369867]
1711585573177405708,[0.87757064],[0.06997981],[0.06997981]
1711585573257734477,[0.86448484],[0.07362477],[0.07362477]
1711585573259725058,[0.86462602],[0.07358641],[0.07358641]
1711585573340301062,[0.85091158],[0.07722394],[0.07722394]
1711585573341574530,[0.86491235],[0.07350854],[0.07350854]
1711585573343464719,[0.86509757],[0.07345813],[0.07345813]
1711585573345352694,[0.86524072],[0.07341915],[0.07341915]
1711585573426059155,[0.86540429],[0.07337458],[0.07337458]
1711585573428072220,[0.87866824],[0.06966542],[0.06966542]
1711585573430568770,[0.8519747],[0.07694811],[0.07694811]
1711585573431850395,[0.86591111],[0.0732363],[0.0732363]
1711585573543543031,0,[0.28877419],[0.28877419]
1711585573545440034,[0.85323932],[0.07661871],[0.07661871]
1711585573547343368,[0.8670929],[0.07291285],[0.07291285]
1711585573631621881,[0.86730646],[0.07285425],[0.07285425]
1711585573633606350,[0.86752324],[0.07279471],[0.07279471]
1711585573663800891,[0.86774006],[0.07273512],[0.07273512]
1711585573754002697,0,[0.29035283],[0.29035283]
1711585573756454251,[0.88157902],[0.0688247],[0.0688247]
1711585573758432248,[0.85552859],[0.07601879],[0.07601879]
1711585573841118186,0,[0.28914858],[0.28914858]
1711585573843027953,[0.86963982],[0.07221085],[0.07221085]
1711585573844857046,[0.88237236],[0.06859377],[0.06859377]
1711585573846760852,[0.85629801],[0.07581609],[0.07581609]
1711585573931275576,[0.88233606],[0.06860436],[0.06860436]
1711585573933256529,[0.86954173],[0.07223802],[0.07223802]
1711585573935225620,[0.85598604],[0.07589834],[0.07589834]
1711585574020821804,[0.86908914],[0.07236321],[0.07236321]
1711585574022759966,[0.86871181],[0.07246742],[0.07246742]
1711585574024679582,[0.86823633],[0.07259853],[0.07259853]
1711585574146725804,0,[0.28907838],[0.28907838]
1711585574148626263,[0.8628689],[0.07406243],[0.07406243]
1711585574150475264,[0.86118084],[0.07451689],[0.07451689]
1711585574244133075,0,[0.38473705],[0.38473705]
1711585574246042251,[0.86222714],[0.07423553],[0.07423553]
1711585574247921950,[0.84451016],[0.0788644],[0.0788644]
1711585574329600314,[0.8414539],[0.0796357],[0.0796357]
1711585574331573432,[0.80401479],[0.08854043],[0.08854043]
1711585574333464934,[0.83442685],[0.08138136],[0.08138136]
1711585574415178264,[0.86312433],[0.07399342],[0.07399342]
1711585574417182111,[0.82747866],[0.08307138],[0.08307138]
1711585574419071710,[0.80542736],[0.08822078],[0.08822078]
1711585574502493380,0,[0.34157479],[0.34157479]
1711585574503738274,[0.80197408],[0.08900021],[0.08900021]
1711585574506655471,[0.79724185],[0.09005735],[0.09005735]
1711585574587572515,[0.79237298],[0.09113222],[0.09113222]
1711585574589568768,[0.76546295],[0.09685805],[0.09685805]
1711585574591491490,[0.8034129],[0.08867629],[0.08867629]
1711585574593299893,[0.75410392],[0.09917582],[0.09917582]
1711585574708018122,0,[0.28534704],[0.28534704]
1711585574709870018,[0.75496463],[0.09900209],[0.09900209]
1711585574711718858,[0.72334931],[0.10519519],[0.10519519]
1711585574713521791,[0.76828816],[0.09627291],[0.09627291]
1711585574794389431,[0.73750132],[0.10246925],[0.10246925]
1711585574796333875,[0.73152419],[0.1036293],[0.1036293]
1711585574798171734,[0.69715104],[0.11006343],[0.11006343]
1711585574882372757,[0.71903479],[0.1060123],[0.1060123]
1711585574884326589,[0.71287267],[0.10716853],[0.10716853]
1711585574886250343,[0.70667971],[0.1083181],[0.1083181]
1711585574972436688,0,[0.44466614],[0.44466614]
1711585574974427420,[0.67509034],[0.11400169],[0.11400169]
1711585574976341645,[0.66861146],[0.11513271],[0.11513271]
1711585575059640471,[0.69518586],[0.11041995],[0.11041995]
1711585575062273373,[0.65584825],[0.1173289],[0.1173289]
1711585575064119598,[0.61314691],[0.12439503],[0.12439503]
1711585575149003870,[0.64240107],[0.11959915],[0.11959915]
1711585575150911442,[0.63586654],[0.12068694],[0.12068694]
1711585575152712411,[0.66560873],[0.11565315],[0.11565315]
1711585575271465076,0,[0.63079461],[0.63079461]
1711585575272850789,[0.6301283],[0.12163416],[0.12163416]
1711585575357233030,[0.49599994],[0.14198592],[0.14198592]
1711585575359180375,[0.61810679],[0.12359502],[0.12359502]
1711585575361051114,[0.57057447],[0.13106114],[0.13106114]
1711585575445168344,0,[0.54062806],[0.54062806]
1711585575447070223,[0.58366183],[0.12904854],[0.12904854]
1711585575448916536,[0.5782733],[0.12988098],[0.12988098]
1711585575531412915,[0.52661904],[0.13760537],[0.13760537]
1711585575533366984,[0.47114038],[0.14544547],[0.14544547]
1711585575535203157,[0.56154025],[0.13243259],[0.13243259]
1711585575537081460,[0.50817158],[0.14026096],[0.14026096]
1711585575621844198,[0.50207375],[0.14112778],[0.14112778]
1711585575624061387,[0.49597634],[0.14198925],[0.14198925]
1711585575625956393,[0.43740638],[0.15001248],[0.15001248]
1711585575710999063,0,[0.43373041],[0.43373041]
1711585575712872588,[0.51771583],[0.13889336],[0.13889336]
1711585575714679755,[0.40432762],[0.15435963],[0.15435963]
1711585575827982222,[0.50709312],[0.14041465],[0.14041465]
1711585575830041151,[0.4481594],[0.14857195],[0.14857195]
1711585575832003676,[0.38499526],[0.15684448],[0.15684448]
1711585575833913500,[0.43620756],[0.15017223],[0.15017223]
1711585575961087245,0,[0.60065553],[0.60065553]
1711585575962902278,[0.34684829],[0.1616356],[0.1616356]
1711585575964755533,[0.40175331],[0.15469282],[0.15469282]
1711585576049614213,0,[0.62592691],[0.62592691]
1711585576051466887,[0.37374513],[0.15827253],[0.15827253]
1711585576053387461,[0.42991301],[0.15100821],[0.15100821]
1711585576138461602,[0.36288905],[0.15963846],[0.15963846]
1711585576140667832,[0.29131347],[0.16836704],[0.16836704]
1711585576142548901,[0.41492027],[0.15298101],[0.15298101]
1711585576227875205,[0.34632204],[0.16170071],[0.16170071]
1711585576229840315,[0.27310124],[0.17051672],[0.17051672]
1711585576231680325,[0.26679638],[0.17125462],[0.17125462]
1711585576320160573,0,[0.65083202],[0.65083202]
1711585576322146743,[0.30777885],[0.16639966],[0.16639966]
1711585576324136590,[0.30233788],[0.16705234],[0.16705234]
1711585576438982550,0,[0.66619028],[0.66619028]
1711585576440973158,[0.2009497],[0.17877923],[0.17877923]
1711585576442777420,[0.26966489],[0.17091929],[0.17091929]
1711585576444592522,[0.26420765],[0.17155668],[0.17155668]
1711585576531634304,[0.18263077],[0.18081695],[0.18081695]
1711585576532892622,0,[0.25952334],[0.25952334]
1711585576534692585,[0.84737145],[0.07813541],[0.07813541]
1711585576622415648,[0.16455504],[0.18280536],[0.18280536]
1711585576624365629,[0.31113998],[0.16599518],[0.16599518]
1711585576626236518,[0.2313874],[0.17534111],[0.17534111]
1711585576712053931,0,[0.88607273],[0.88607273]
1711585576800629681,[0.19824212],[0.17908187],[0.17908187]
1711585576802546598,[0.10978879],[0.18870201],[0.18870201]
1711585576804410074,[0.18681561],[0.18035347],[0.18035347]
1711585576806622699,[0.2611603],[0.17191157],[0.17191157]
1711585576953050226,0,[0.72995456],[0.72995456]
1711585576954923921,[0.15330607],[0.18403195],[0.18403195]
1711585576957773961,[0.14761625],[0.18464926],[0.18464926]
1711585577044582635,0,[0.94192415],[0.94192415]
1711585577046449015,[0.28154057],[0.16952397],[0.16952397]
1711585577130752340,[0.1074758],[0.188947],[0.188947]
1711585577132646143,[0.00937307],[0.19906049],[0.19906049]
1711585577134477767,[0.00262768],[0.19973706],[0.19973706]
1711585577136110311,[0.26485525],[0.17148117],[0.17148117]
1711585577221498355,[0.09499144],[0.19026388],[0.19026388]
1711585577223682270,[0.0994531],[0.1897943],[0.1897943]
1711585577225566535,[0.10456344],[0.18925502],[0.18925502]
1711585577311689615,0,[0.5646557],[0.5646557]
1711585577313513525,[0.03391813],[0.19657893],[0.19657893]
1711585577315468285,[0.12824324],[0.18673583],[0.18673583]
1711585577317313896,[0.1325394],[0.18627513],[0.18627513]
1711585577435188961,0,[0.74063996],[0.74063996]
1711585577437135725,[0.15283681],[0.18408294],[0.18408294]
1711585577524716132,[0.07035538],[0.19283616],[0.19283616]
1711585577526084330,[0.31997886],[0.16492679],[0.16492679]
1711585577527360641,[0.0784074],[0.19199923],[0.19199923]
1711585577529882737,[0.08266837],[0.19155486],[0.19155486]
1711585577616875458,[0.25232194],[0.17293676],[0.17293676]
1711585577618760594,[0.25540054],[0.17258035],[0.17258035]
1711585577620657443,[0.17835585],[0.18128918],[0.18128918]
1711585577706581040,0,[0.73042358],[0.73042358]
1711585577708548153,[0.11255996],[0.18840807],[0.18840807]
1711585577710449010,[0.35046784],[0.16118712],[0.16118712]
1711585577797919366,[0.20103921],[0.17876921],[0.17876921]
1711585577799882191,[0.20406689],[0.17843017],[0.17843017]
1711585577801771135,[0.20701331],[0.1780996],[0.1780996]
1711585577921490487,0,[0.70919131],[0.70919131]
1711585577949438853,[0.22094433],[0.17652826],[0.17652826]
1711585577951303162,[0.22130577],[0.17648731],[0.17648731]
1711585577953218257,[0.21638731],[0.1770438],[0.1770438]
1711585578051157292,0,[0.72315592],[0.72315592]
1711585578053166968,[0.10644489],[0.18905609],[0.18905609]
1711585578055126359,[0.33939134],[0.16255567],[0.16255567]
1711585578057180200,[0.17952034],[0.18116066],[0.18116066]
1711585578141637160,[0.17437485],[0.18172784],[0.18172784]
1711585578143565140,[0.08398618],[0.19141722],[0.19141722]
1711585578228194638,[0.24562957],[0.173709],[0.173709]
1711585578230170540,[0.15921954],[0.18338816],[0.18338816]
1711585578232042763,[0.1542235],[0.18393222],[0.18393222]
1711585578315402883,0,[0.74105069],[0.74105069]
1711585578317365430,0,[0.21460495],[0.21460495]
1711585578319247091,[0.29081139],[0.16842667],[0.16842667]
1711585578429784912,[0.20583639],[0.17823172],[0.17823172]
1711585578431698304,[0.11750923],[0.18788196],[0.18788196]
1711585578433602318,[0.11981389],[0.18763647],[0.18763647]
1711585578516208173,0,[0.76623415],[0.76623415]
1711585578518168696,[0.29816777],[0.16755086],[0.16755086]
1711585578520116755,[0.13603512],[0.18589942],[0.18589942]
1711585578601634938,[0.13863659],[0.18561933],[0.18561933]
1711585578603564772,0,[0.20386027],[0.20386027]
1711585578605478265,[0.22742292],[0.17579273],[0.17579273]
1711585578686563210,[0.22964051],[0.17554025],[0.17554025]
1711585578688518773,[0.06172803],[0.19372888],[0.19372888]
1711585578771036432,0,[0.90915737],[0.90915737]
1711585578773013746,0,[0.2011112],[0.2011112]
1711585578883777806,[0.32516986],[0.16429609],[0.16429609]
1711585578885734041,[0.16926741],[0.18228907],[0.18228907]
1711585578969697285,0,[0.73548112],[0.73548112]
1711585578971589888,[0.18171578],[0.18091813],[0.18091813]
1711585578973549228,[0.18413389],[0.18065061],[0.18065061]
1711585579058714411,0,[0.22543784],[0.22543784]
1711585579086364546,[0.60269118],[0.12606488],[0.12606488]
1711585579088372700,[0.19118094],[0.17986874],[0.17986874]
1711585579090627029,[0.11093386],[0.18858061],[0.18858061]
1711585579170856612,0,[0.36735006],[0.36735006]
1711585579173569936,[0.20073581],[0.17880315],[0.17880315]
1711585579174852902,[0.2806634],[0.16962743],[0.16962743]
1711585579176736317,[0.28263251],[0.1693951],[0.1693951]
1711585579262806534,[0.12613105],[0.18696192],[0.18696192]
1711585579264790882,[0.20968876],[0.1777989],[0.1777989]
1711585579266746785,[0.21192882],[0.17754675],[0.17754675]
1711585579268661310,[0.13367899],[0.18615273],[0.18615273]
1711585579382103610,0,[0.52325893],[0.52325893]
1711585579384635827,[0.20571726],[0.17824508],[0.17824508]
1711585579385881862,[0.20153291],[0.17871397],[0.17871397]
1711585579388460748,[0.11502128],[0.18814662],[0.18814662]
1711585579472440263,[0.27183411],[0.17066527],[0.17066527]
1711585579473806868,[0.26838689],[0.17106877],[0.17106877]
1711585579475734889,[0.18543675],[0.18050632],[0.18050632]
1711585579560134036,[0.09749648],[0.19000037],[0.19000037]
1711585579561453382,[0.1775],[0.18138357],[0.18138357]
1711585579562755735,[0.25438751],[0.17269771],[0.17269771]
1711585579565884724,[0.17018198],[0.1821887],[0.1821887]
1711585579650217626,0,[0.54896149],[0.54896149]
1711585579652093476,[0.15585976],[0.18375421],[0.18375421]
1711585579765658049,[0.06544746],[0.19334452],[0.19334452]
1711585579767762256,[0.23194964],[0.17527696],[0.17527696]
1711585579769688714,[0.05956306],[0.19395226],[0.19395226]
1711585579853126462,0,[0.72735172],[0.72735172]
1711585579936908217,[0.15792853],[0.1835289],[0.1835289]
1711585579938993338,[0.16018682],[0.18328264],[0.18328264]
1711585579941015699,[0.16244062],[0.18303654],[0.18303654]
1711585579942896269,[0.16469032],[0.18279056],[0.18279056]
1711585580027334072,[0.16693571],[0.18254471],[0.18254471]
1711585580029316837,0,[0.20051547],[0.20051547]
1711585580031237854,[0.17163629],[0.18202898],[0.18202898]
1711585580120314730,0,[0.88839528],[0.88839528]
1711585580122679196,[0.18475475],[0.18058187],[0.18058187]
1711585580124754027,[0.10367879],[0.18934848],[0.18934848]
1711585580275371078,0,[0.70989036],[0.70989036]
1711585580277270904,[0.19792529],[0.17911725],[0.17911725]
1711585580279176401,[0.20008852],[0.17887554],[0.17887554]
1711585580376954858,0,[0.73087817],[0.73087817]
1711585580379020221,[0.28778016],[0.16878624],[0.16878624]
1711585580381368045,[0.20983513],[0.17778244],[0.17778244]
1711585580383384034,[0.28421888],[0.1692077],[0.1692077]
1711585580474871060,[0.03658826],[0.19630708],[0.19630708]
1711585580476862843,[0.27872935],[0.16985531],[0.16985531]
1711585580583101142,0,[0.72725247],[0.72725247]
1711585580585288980,[0.26653664],[0.17128495],[0.17128495]
1711585580587535961,[0.2644381],[0.17152981],[0.17152981]
1711585580684649856,[0.18258123],[0.18082243],[0.18082243]
1711585580686722703,[0.09609386],[0.19014796],[0.19014796]
1711585580688888933,[0.17777311],[0.18135345],[0.18135345]
1711585580824746346,0,[0.71875083],[0.71875083]
1711585580826698743,[0.16690757],[0.18254779],[0.18254779]
1711585580916761290,0,[0.73237391],[0.73237391]
1711585580918959378,[0.15802956],[0.18351789],[0.18351789]
1711585580920950268,[0.07389375],[0.19246883],[0.19246883]
1711585581004983596,[0.24403536],[0.17389245],[0.17389245]
1711585581007284921,[0.16481043],[0.18277741],[0.18277741]
1711585581009173776,[0.08233163],[0.19159002],[0.19159002]
1711585581093580739,[0.17081742],[0.18211893],[0.18211893]
1711585581095513989,[0.25500874],[0.17262575],[0.17262575]
1711585581184681875,0,[0.90069978],[0.90069978]
1711585581186558056,[0.12476767],[0.1871077],[0.1871077]
1711585581188459435,[0.28979145],[0.16854774],[0.16854774]
1711585581279307197,[0.22051791],[0.17657657],[0.17657657]
1711585581281326502,[0.14960741],[0.18443347],[0.18443347]
1711585581401264364,0,[0.85257091],[0.85257091]
1711585581403600456,[0.21824537],[0.17683378],[0.17683378]
1711585581405996763,[0.3706422],[0.15866415],[0.15866415]
1711585581498508497,[0.2443462],[0.1738567],[0.1738567]
1711585581500748224,[0.32677123],[0.16410104],[0.16410104]
1711585581502712805,[0.40287055],[0.1545483],[0.1545483]
1711585581595694061,0,[0.79073847],[0.79073847]
1711585581597615138,[0.41099621],[0.15349316],[0.15349316]
1711585581599575209,[0.42320647],[0.15189385],[0.15189385]
1711585581688948038,[0.37761779],[0.15778241],[0.15778241]
1711585581690994004,[0.44778706],[0.14862206],[0.14862206]
1711585581778649905,0,[0.7184819],[0.7184819]
1711585581780557617,[0.56574241],[0.13179645],[0.13179645]
1711585581782466891,[0.53013688],[0.13709312],[0.13709312]
1711585581898405169,[0.54163655],[0.13540509],[0.13540509]
1711585581900367425,[0.55304682],[0.13370911],[0.13370911]
1711585581902260057,[0.51991889],[0.13857577],[0.13857577]
1711585581989035641,0,[0.37927642],[0.37927642]
1711585581991051580,[0.56804052],[0.13144725],[0.13144725]
1711585581992923483,[0.61860474],[0.12351441],[0.12351441]
1711585581994793362,[0.62849036],[0.12190318],[0.12190318]
1711585582080552085,[0.63834082],[0.12027621],[0.12027621]
1711585582082455398,[0.68225866],[0.1127371],[0.1127371]
1711585582084371826,[0.65722829],[0.11709342],[0.11709342]
1711585582168740325,0,[0.34191444],[0.34191444]
1711585582170855583,[0.69247689],[0.11090953],[0.11090953]
1711585582173036007,[0.67038713],[0.11482384],[0.11482384]
1711585582174976171,[0.73763519],[0.10244312],[0.10244312]
1711585582261419673,[0.71718138],[0.10636139],[0.10636139]
1711585582263434028,[0.69701608],[0.11008795],[0.11008795]
1711585582265440328,[0.73299213],[0.10334561],[0.10334561]
1711585582355950363,[0.76561343],[0.09682697],[0.09682697]
1711585582357935834,[0.72166382],[0.10551515],[0.10551515]
1711585582475190520,0,[0.38080542],[0.38080542]
1711585582477115034,[0.78698851],[0.09230634],[0.09230634]
1711585582478991736,[0.79439647],[0.09068705],[0.09068705]
1711585582480905940,[0.801614],[0.08908109],[0.08908109]
1711585582567539074,0,[0.34481065],[0.34481065]
1711585582569553049,[0.83457528],[0.08134488],[0.08134488]
1711585582571633310,[0.85782079],[0.07541332],[0.07541332]
1711585582573613621,[0.84833021],[0.07788961],[0.07788961]
1711585582659316705,[0.83223883],[0.08191732],[0.08191732]
1711585582661260185,[0.8577409],[0.0754345],[0.0754345]
1711585582663190500,[0.81912388],[0.08505907],[0.08505907]
1711585582747867901,[0.85462362],[0.07625651],[0.07625651]
1711585582749881435,[0.88737846],[0.06711826],[0.06711826]
1711585582751800849,[0.88171668],[0.06878468],[0.06878468]
1711585582867995486,0,[0.26284205],[0.26284205]
1711585582869925039,[0.90618036],[0.06125998],[0.06125998]
1711585582871918315,[0.91652319],[0.05778471],[0.05778471]
1711585582873860142,[0.91077224],[0.05974203],[0.05974203]
1711585582960471384,[0.91121062],[0.05959509],[0.05959509]
1711585582962370880,[0.90322976],[0.06221583],[0.06221583]
1711585582964280705,[0.91216298],[0.05927462],[0.05927462]
1711585583049998246,[0.22356394],[0.17623122],[0.17623122]
1711585583051945614,[0.90972579],[0.06009134],[0.06009134]
1711585583053877912,[0.90929402],[0.06023487],[0.06023487]
1711585583055985918,[0.90887796],[0.06037286],[0.06037286]
1711585583143305759,[0.89911491],[0.06352483],[0.06352483]
1711585583145200355,[0.91711011],[0.05758121],[0.05758121]
1711585583147076647,[0.90786206],[0.06070847],[0.06070847]
1711585583266497838,0,[0.24664026],[0.24664026]
1711585583268344272,[0.91594772],[0.05798354],[0.05798354]
1711585583270246092,[0.89721433],[0.06412041],[0.06412041]
1711585583272139456,[0.90670693],[0.06108783],[0.06108783]
1711585583358344420,[0.89710452],[0.06415465],[0.06415465]
1711585583360251210,[0.91576186],[0.05804761],[0.05804761]
1711585583362118985,[0.91576534],[0.05804642],[0.05804642]
1711585583482326383,0,[0.24725567],[0.24725567]
1711585583583414777,0,[0.30434752],[0.30434752]
1711585583585345162,[0.90783448],[0.06071755],[0.06071755]
1711585583587283242,[0.91696398],[0.05763194],[0.05763194]
1711585583676019130,[0.90816824],[0.06060751],[0.06060751]
1711585583677962490,[0.89896447],[0.06357217],[0.06357217]
1711585583679853459,[0.91746063],[0.05745933],[0.05745933]
1711585583681698651,[0.8993702],[0.0634444],[0.0634444]
1711585583801439756,[0.1821181],[0.18087365],[0.18087365]
1711585583803403084,[0.90952584],[0.06015785],[0.06015785]
1711585583805412540,[0.90973086],[0.06008965],[0.06008965]
1711585583807445110,[0.90993017],[0.06002327],[0.06002327]
1711585583894590507,[0.91888742],[0.05696054],[0.05696054]
1711585583896532444,[0.90113483],[0.06288566],[0.06288566]
1711585583898421109,[0.91924497],[0.05683486],[0.05683486]
1711585583986615921,0,[0.24164912],[0.24164912]
1711585583988728444,[0.92008811],[0.05653738],[0.05653738]
1711585583990823023,[0.91163385],[0.05945289],[0.05945289]
1711585584079611224,[0.89330831],[0.06532739],[0.06532739]
1711585584081521350,[0.92872195],[0.0533959],[0.0533959]
1711585584083379587,[0.91216678],[0.05927334],[0.05927334]
1711585584202437144,0,[0.29549595],[0.29549595]
1711585584205060736,[0.91313306],[0.0589464],[0.0589464]
1711585584298325263,[0.89507384],[0.06478461],[0.06478461]
1711585584300284633,[0.92187354],[0.05590222],[0.05590222]
1711585584302189079,[0.91357359],[0.05879674],[0.05879674]
1711585584303458298,[0.91370902],[0.05875065],[0.05875065]
1711585584391460353,[0.25138002],[0.17304566],[0.17304566]
1711585584393567155,[0.91421903],[0.05857678],[0.05857678]
1711585584395536124,[0.91433545],[0.05853702],[0.05853702]
1711585584398147492,[0.88688917],[0.06726391],[0.06726391]
