Time Step,Health Status,dm,dmdt
1711145864837993664,[1.],[0.],[0.]
1711145864839180580,[1.],[0.],[0.]
1711145864840114842,[1.],[0.],[0.]
1711145864840978247,[0.99999831],[0.00026027],[0.00026027]
1711145864905774243,[0.99999846],[0.00024839],[0.00024839]
1711145864907542964,[0.99999799],[0.00028362],[0.00028362]
1711145864908889611,[0.99999647],[0.00037558],[0.00037558]
1711145864911440262,[0.9999942],[0.00048174],[0.00048174]
1711145864914185388,[0.99999456],[0.00046641],[0.00046641]
1711145864917050751,[0.99999522],[0.00043743],[0.00043743]
1711145864919797773,[0.99999072],[0.0006094],[0.0006094]
1711145864921550994,[0.99999147],[0.00058416],[0.00058416]
1711145864923769632,[0.99999262],[0.00054345],[0.00054345]
1711145865062556108,[0.99998899],[0.0006636],[0.0006636]
1711145865064972292,[0.99998391],[0.00080224],[0.00080224]
1711145865067153076,[0.99998552],[0.00076102],[0.00076102]
1711145865068535556,[0.99998359],[0.00081013],[0.00081013]
1711145865071402330,[0.99998608],[0.00074609],[0.00074609]
1711145865074031099,[0.99997945],[0.00090672],[0.00090672]
1711145865076935375,[0.99997686],[0.00096211],[0.00096211]
1711145865224350281,[0.99997448],[0.00101027],[0.00101027]
1711145865225417042,[0.99996287],[0.00121868],[0.00121868]
1711145865227506388,[0.99996802],[0.00113103],[0.00113103]
1711145865229348225,[0.99997258],[0.00104723],[0.00104723]
1711145865230965050,[0.99996103],[0.00124851],[0.00124851]
1711145865363436478,[0.95470434],[0.04256555],[0.04256555]
1711145865365782295,[0.99973796],[0.00323755],[0.00323755]
1711145865369833754,[0.99972123],[0.0033393],[0.0033393]
1711145865372447236,[0.99982106],[0.00267534],[0.00267534]
1711145865374894440,[0.99968952],[0.0035241],[0.0035241]
1711145865377290415,[0.9998544],[0.00241331],[0.00241331]
1711145865379250178,[0.99957416],[0.00412717],[0.00412717]
1711145865381042064,[0.99977934],[0.00297093],[0.00297093]
1711145865382540447,[0.99969876],[0.00347127],[0.00347127]
1711145865384050283,[0.99975908],[0.00310431],[0.00310431]
1711145865385478960,[0.99967007],[0.00363282],[0.00363282]
1711145865386273039,[0.99965407],[0.00371986],[0.00371986]
1711145865388321535,[0.99953954],[0.00429166],[0.00429166]
1711145865390517610,[0.99961859],[0.00390596],[0.00390596]
1711145865392290650,[0.99949391],[0.00449929],[0.00449929]
1711145865393858499,[0.9996794],[0.00358107],[0.00358107]
1711145865394876224,[0.99944694],[0.00470345],[0.00470345]
1711145865505550476,[0.9995416],[0.00428208],[0.00428208]
1711145865506933945,[0.99963405],[0.00382597],[0.00382597]
1711145865508732324,[0.99950185],[0.00446387],[0.00446387]
1711145865510806410,[0.99960266],[0.00398668],[0.00398668]
1711145865511585721,[0.99945863],[0.00465349],[0.00465349]
1711145865512965713,[0.99928077],[0.00536369],[0.00536369]
1711145865514344153,[0.99954593],[0.00426177],[0.00426177]
1711145865516001686,[0.9993796],[0.00498158],[0.00498158]
1711145865611979619,[0.99934927],[0.00510188],[0.00510188]
1711145865612873333,[0.9993172],[0.00522609],[0.00522609]
1711145865614439058,[0.99928195],[0.0053593],[0.0053593]
1711145865616209632,[0.99924578],[0.00549263],[0.00549263]
1711145865618967470,[0.99899279],[0.00634732],[0.00634732]
1711145865624945211,[0.9991611],[0.00579275],[0.00579275]
1711145865628285512,[0.99911888],[0.00593675],[0.00593675]
1711145865631350863,[0.99907489],[0.00608314],[0.00608314]
1711145865744627592,[0.99902979],[0.00622965],[0.00622965]
1711145865746502443,[0.99898349],[0.00637654],[0.00637654]
1711145865749960406,[0.99918827],[0.00569816],[0.00569816]
1711145865751658078,[0.99889374],[0.00665209],[0.00665209]
1711145865753432576,[0.9988448],[0.00679764],[0.00679764]
1711145865755650011,[0.99879492],[0.00694285],[0.00694285]
1711145865758512027,[0.99874438],[0.00708694],[0.00708694]
1711145865763097183,[0.99869318],[0.00722999],[0.00722999]
1711145865764450687,[0.99785739],[0.00925766],[0.00925766]
1711145865920532265,[0.99890757],[0.00661038],[0.00661038]
1711145865922802040,[0.99853335],[0.00765937],[0.00765937]
1711145865924917149,[0.99806852],[0.00878971],[0.00878971]
1711145865926885538,[0.99910992],[0.00596686],[0.00596686]
1711145865927839269,[0.99792276],[0.00911536],[0.00911536]
1711145865929841021,[0.997852],[0.00926931],[0.00926931]
1711145865931790965,[0.99866462],[0.00730856],[0.00730856]
1711145865933905673,[0.99862465],[0.00741715],[0.00741715]
1711145866066112883,[0.99814232],[0.00862016],[0.00862016]
1711145866067370014,[0.99807804],[0.00876803],[0.00876803]
1711145866070835461,[0.99749712],[0.01000576],[0.01000576]
1711145866074396919,[0.99796895],[0.00901344],[0.00901344]
1711145866078116482,[0.99790701],[0.00914983],[0.00914983]
1711145866080960403,[0.99835113],[0.00812125],[0.00812125]
1711145866082099628,[0.99717865],[0.01062327],[0.01062327]
1711145866084093897,[0.99826023],[0.0083421],[0.0083421]
1711145866215577328,[0.99705792],[0.01084819],[0.01084819]
1711145866217747822,[0.9981658],[0.00856551],[0.00856551]
1711145866218786075,[0.99753664],[0.00992646],[0.00992646]
1711145866221224261,[0.9960424],[0.01258189],[0.01258189]
1711145866223290166,[0.99802658],[0.00888464],[0.00888464]
1711145866225326795,[0.99735707],[0.01028189],[0.01028189]
1711145866227619788,[0.99792378],[0.0091131],[0.0091131]
1711145866228774801,[0.99722019],[0.01054477],[0.01054477]
1711145866373780138,[0.9964102],[0.01198299],[0.01198299]
1711145866376751592,[0.99710286],[0.01076501],[0.01076501]
1711145866379493188,[0.99704251],[0.01087656],[0.01087656]
1711145866381808399,[0.99696436],[0.01101933],[0.01101933]
1711145866383014202,[0.9976234],[0.00975007],[0.00975007]
1711145866385320756,[0.99684778],[0.01122893],[0.01122893]
1711145866387797696,[0.99593107],[0.01275763],[0.01275763]
1711145866390477674,[0.99671635],[0.01146063],[0.01146063]
1711145866528186875,[0.70711132],[0.10823838],[0.10823838]
1711145866530795302,[0.99604733],[0.01257406],[0.01257406]
1711145866532964710,[0.99596779],[0.01269994],[0.01269994]
1711145866535014284,[0.99226136],[0.01759391],[0.01759391]
1711145866536223513,[0.99766011],[0.00967447],[0.00967447]
1711145866538471237,[0.99676943],[0.01136762],[0.01136762]
1711145866680122817,[0.62130437],[0.1230765],[0.1230765]
1711145866682674699,[0.99511434],[0.0139795],[0.0139795]
1711145866683773554,[0.99721924],[0.01054658],[0.01054658]
1711145866686185909,[0.99499855],[0.01414419],[0.01414419]
1711145866839207207,[0.14929061],[0.18446782],[0.18446782]
1711145866842075578,[0.99770386],[0.00958362],[0.00958362]
1711145866843407418,[0.99546291],[0.01347158],[0.01347158]
1711145866845762836,[0.99401402],[0.01547382],[0.01547382]
1711145866848356982,[0.99394889],[0.01555777],[0.01555777]
1711145866851805157,[0.99225549],[0.01760058],[0.01760058]
1711145866853470017,[0.99526396],[0.01376378],[0.01376378]
1711145866857291211,[0.98817523],[0.02174835],[0.02174835]
1711145866858309518,[0.99644323],[0.01192773],[0.01192773]
1711145866989621062,0,[0.24988779],[0.24988779]
1711145866992774702,[0.9885365],[0.02141354],[0.02141354]
1711145866995998333,[0.99711453],[0.01074331],[0.01074331]
1711145866997244534,[0.99430845],[0.01508847],[0.01508847]
1711145866999548208,[0.9905054],[0.01948805],[0.01948805]
1711145867001994998,[0.98568288],[0.02393083],[0.02393083]
1711145867004345206,[0.99415918],[0.01528506],[0.01528506]
1711145867006660386,[0.99568085],[0.01314404],[0.01314404]
1711145867150884076,[0.47567378],[0.14482075],[0.14482075]
1711145867152850818,[0.99371804],[0.01585176],[0.01585176]
1711145867154687582,[0.98955399],[0.02044115],[0.02044115]
1711145867155675152,[0.99363442],[0.01595691],[0.01595691]
1711145867157653077,[0.99163546],[0.01829157],[0.01829157]
1711145867163366974,[0.98933635],[0.02065299],[0.02065299]
1711145867167439413,[0.99523035],[0.01381253],[0.01381253]
1711145867382638373,0,[0.48577576],[0.48577576]
1711145867383797171,[0.99443763],[0.01491625],[0.01491625]
1711145867386878083,[0.9874147],[0.02243684],[0.02243684]
1711145867389783569,[0.99437051],[0.01500598],[0.01500598]
1711145867392273428,[0.98725929],[0.02257495],[0.02257495]
1711145867395515130,[0.99225438],[0.01760185],[0.01760185]
1711145867396912725,[0.98407133],[0.02524176],[0.02524176]
1711145867520041173,[0.5245208],[0.13791],[0.13791]
1711145867521169925,[0.98645791],[0.0232741],[0.0232741]
1711145867523014015,[0.99175693],[0.01815827],[0.01815827]
1711145867524900518,[0.98917125],[0.02081226],[0.02081226]
1711145867527796781,[0.98620654],[0.02348912],[0.02348912]
1711145867530822288,[0.97528205],[0.03144389],[0.03144389]
1711145867532005209,[0.99723595],[0.01051485],[0.01051485]
1711145867534004760,[0.9915005],[0.01843855],[0.01843855]
1711145867683077995,[0.04602244],[0.19534355],[0.19534355]
1711145867811552640,0,[0.58134072],[0.58134072]
1711145867814932534,[0.99007394],[0.01992592],[0.01992592]
1711145867816877607,[0.98683012],[0.02295202],[0.02295202]
1711145867818818491,[0.9865666],[0.02318051],[0.02318051]
1711145867821156712,[0.96923048],[0.03508249],[0.03508249]
1711145867823024825,[0.9946241],[0.01466411],[0.01466411]
1711145867824924137,[0.98254328],[0.02642477],[0.02642477]
1711145867827221437,[0.99223974],[0.01761847],[0.01761847]
1711145867829465660,[0.98621335],[0.02348331],[0.02348331]
1711145867832459552,[0.98620342],[0.02349177],[0.02349177]
1711145867834870062,[0.98616114],[0.02352774],[0.02352774]
1711145867837107755,[0.9823197],[0.02659346],[0.02659346]
1711145867975282313,[0.98184263],[0.02694986],[0.02694986]
1711145867977584705,[0.9917613],[0.01815345],[0.01815345]
1711145867979175747,[0.9717124],[0.03363783],[0.03363783]
1711145867980166714,[0.98835675],[0.02158078],[0.02158078]
1711145867983945491,[0.98847281],[0.02147295],[0.02147295]
1711145867986772571,[0.98512729],[0.02439074],[0.02439074]
1711145867990327968,[0.98873661],[0.02122583],[0.02122583]
1711145867995019913,[0.97730581],[0.03012918],[0.03012918]
1711145868160797771,[0.09631597],[0.19012459],[0.19012459]
1711145868161868193,[0.98461848],[0.02480445],[0.02480445]
1711145868163712824,[0.98055535],[0.02788882],[0.02788882]
1711145868165439415,[0.98825105],[0.02167852],[0.02167852]
1711145868166222834,[0.98825668],[0.02167332],[0.02167332]
1711145868169363797,[0.97115603],[0.03396703],[0.03396703]
1711145868170488729,[0.9913845],[0.01856394],[0.01856394]
1711145868303409731,0,[0.2296571],[0.2296571]
1711145868305557231,[0.9876424],[0.02223294],[0.02223294]
1711145868308848048,[0.98384193],[0.02542288],[0.02542288]
1711145868311654943,[0.97935689],[0.02873542],[0.02873542]
1711145868313017721,[0.98736832],[0.02247815],[0.02247815]
1711145868315574237,[0.98337713],[0.02578595],[0.02578595]
1711145868317881379,[0.98720765],[0.02262065],[0.02262065]
1711145868320242047,[0.97874751],[0.02915647],[0.02915647]
1711145868463281926,0,[0.39901541],[0.39901541]
1711145868464975734,[0.98628109],[0.02342555],[0.02342555]
1711145868465738678,[0.9861243],[0.02355904],[0.02355904]
1711145868467396447,[0.98169791],[0.02705704],[0.02705704]
1711145868469824781,[0.96516328],[0.0373292],[0.0373292]
1711145868472671730,[0.99278505],[0.01698817],[0.01698817]
1711145868475297847,[0.9765765],[0.03060948],[0.03060948]
1711145868477265855,[0.98141613],[0.02726453],[0.02726453]
1711145868480069784,[0.97077666],[0.03418967],[0.03418967]
1711145868603861324,0,[0.21460631],[0.21460631]
1711145868606334963,[0.98039389],[0.02800437],[0.02800437]
1711145868608906790,[0.98491636],[0.0245631],[0.0245631]
1711145868610309716,[0.98020478],[0.0281391],[0.0281391]
1711145868613665694,[0.97481137],[0.03174185],[0.03174185]
1711145868617987449,[0.93860056],[0.04955782],[0.04955782]
1711145868618945093,[0.99874049],[0.00709792],[0.00709792]
1711145868753606776,0,[0.45978675],[0.45978675]
1711145868757185366,[0.9658242],[0.0369734],[0.0369734]
1711145868763904546,[0.98763796],[0.02223694],[0.02223694]
1711145868767807390,[0.97793089],[0.02971135],[0.02971135]
1711145868771288212,[0.97782501],[0.02978254],[0.02978254]
1711145868774282411,[0.96516514],[0.0373282],[0.0373282]
1711145868778052546,[0.98284478],[0.02619559],[0.02619559]
1711145868781688301,[0.97749451],[0.03000366],[0.03000366]
1711145868784707123,[0.98269412],[0.02631036],[0.02631036]
1711145868787738574,[0.97729856],[0.03013399],[0.03013399]
1711145868790875212,[0.97112786],[0.03398361],[0.03398361]
1711145868793668768,[0.96416037],[0.03786271],[0.03786271]
1711145868796779973,[0.99100133],[0.01897226],[0.01897226]
1711145868800149964,[0.96384927],[0.03802669],[0.03802669]
1711145868946442185,[0.98219892],[0.02668414],[0.02668414]
1711145868949349140,[0.976649],[0.03056207],[0.03056207]
1711145868950956818,[0.97030245],[0.03446595],[0.03446595]
1711145868953786294,[0.98195301],[0.02686782],[0.02686782]
1711145868956636034,[0.97003226],[0.03462238],[0.03462238]
1711145868958868000,[0.98178979],[0.02698905],[0.02698905]
1711145868963854078,[0.97611523],[0.0309094],[0.0309094]
1711145868967488129,[0.98163649],[0.02710241],[0.02710241]
1711145868969893458,[0.96950849],[0.03492363],[0.03492363]
1711145869097835635,[0.15548254],[0.18379526],[0.18379526]
1711145869098925441,[0.97516173],[0.03152032],[0.03152032]
1711145869101171037,[0.9684218],[0.03554051],[0.03554051]
1711145869103556241,[0.97493669],[0.03166279],[0.03166279]
1711145869106278169,[0.96065068],[0.03967332],[0.03967332]
1711145869109451252,[0.98577358],[0.02385491],[0.02385491]
1711145869238910723,0,[0.54607412],[0.54607412]
1711145869241325486,[0.97419732],[0.03212642],[0.03212642]
1711145869244433874,[0.98025643],[0.02810236],[0.02810236]
1711145869248412334,[0.9742281],[0.03210726],[0.03210726]
1711145869249854459,[0.96740547],[0.03610791],[0.03610791]
1711145869251721997,[0.96743003],[0.0360943],[0.0360943]
1711145869255183746,[0.98031054],[0.02806383],[0.02806383]
1711145869258197122,[0.97430055],[0.03206209],[0.03206209]
1711145869259528835,[0.9803378],[0.02804439],[0.02804439]
1711145869381979718,0,[0.23210577],[0.23210577]
1711145869383478571,[0.97420653],[0.03212069],[0.03212069]
1711145869384178398,[0.98018415],[0.02815376],[0.02815376]
1711145869385901219,[0.94177525],[0.04825961],[0.04825961]
1711145869387522136,[0.99353632],[0.0160794],[0.0160794]
1711145869389087096,[0.96730303],[0.03616461],[0.03616461]
1711145869390218707,[0.98023922],[0.02811461],[0.02811461]
1711145869392455770,[0.97421296],[0.03211669],[0.03211669]
1711145869395342199,[0.98027466],[0.02808939],[0.02808939]
1711145869520798594,[0.29212614],[0.16827048],[0.16827048]
1711145869523399613,[0.98559915],[0.02400071],[0.02400071]
1711145869526127554,[0.96004117],[0.03997941],[0.03997941]
1711145869527743922,[0.98044189],[0.02797006],[0.02797006]
1711145869530759025,[0.9804092],[0.02799343],[0.02799343]
1711145869534175494,[0.97432165],[0.03204893],[0.03204893]
1711145869537200592,[0.97422349],[0.03211013],[0.03211013]
1711145869538640272,[0.97412546],[0.03217113],[0.03217113]
1711145869542226473,[0.97402802],[0.03223165],[0.03223165]
1711145869684852402,0,[0.32182994],[0.32182994]
1711145869687874915,[0.96745042],[0.03608301],[0.03608301]
1711145869689269361,[0.98033279],[0.02804797],[0.02804797]
1711145869691650780,[0.97434557],[0.032034],[0.032034]
1711145869693714964,[0.97437949],[0.03201282],[0.03201282]
1711145869695950875,[0.96762166],[0.03598797],[0.03598797]
1711145869697654870,[0.98043632],[0.02797405],[0.02797405]
1711145869833314072,[0.50931964],[0.14009716],[0.14009716]
1711145869835746709,[0.98989932],[0.02010042],[0.02010042]
1711145869838101367,[0.96718292],[0.03623097],[0.03623097]
1711145869839223651,[0.97406423],[0.03220917],[0.03220917]
1711145869842155051,[0.98016598],[0.02816666],[0.02816666]
1711145869844576835,[0.96726322],[0.03618662],[0.03618662]
1711145869847982557,[0.9741709],[0.03214287],[0.03214287]
1711145869849106044,[0.98024883],[0.02810777],[0.02810777]
1711145869851758084,[0.96740031],[0.03611077],[0.03611077]
1711145869854191372,[0.974279],[0.03207553],[0.03207553]
1711145869997060574,0,[0.55202472],[0.55202472]
1711145869998461861,[0.98498877],[0.02450406],[0.02450406]
1711145870001881573,[0.96612807],[0.03680865],[0.03680865]
1711145870005480848,[0.97314692],[0.03277382],[0.03277382]
1711145870008311345,[0.97306411],[0.03282431],[0.03282431]
1711145870010093479,[0.97298194],[0.03287434],[0.03287434]
1711145870013513234,[0.97925389],[0.02880702],[0.02880702]
1711145870016097771,[0.96560357],[0.03709255],[0.03709255]
1711145870157614409,0,[0.29478723],[0.29478723]
1711145870159255374,[0.91425297],[0.05856519],[0.05856519]
1711145870160325799,[0.99605133],[0.01256769],[0.01256769]
1711145870162128993,[0.97846601],[0.02934893],[0.02934893]
1711145870164148231,[0.97180403],[0.03358331],[0.03358331]
1711145870166448575,[0.97172947],[0.03362768],[0.03362768]
1711145870299089039,0,[0.27056315],[0.27056315]
1711145870301717470,[0.96340238],[0.03826101],[0.03826101]
1711145870303861286,[0.96330101],[0.03831396],[0.03831396]
1711145870304629573,[0.97093043],[0.0340996],[0.0340996]
1711145870307216533,[0.97769425],[0.02987022],[0.02987022]
1711145870309552986,[0.97764847],[0.02990086],[0.02990086]
1711145870312100443,[0.96296566],[0.03848862],[0.03848862]
1711145870440454953,0,[0.5614567],[0.5614567]
1711145870441729117,[0.97670281],[0.03052684],[0.03052684]
1711145870444351788,[0.97665448],[0.03055848],[0.03055848]
1711145870447369543,[0.9613168],[0.03933609],[0.03933609]
1711145870450063589,[0.97654455],[0.03063035],[0.03063035]
1711145870452757456,[0.96113208],[0.0394299],[0.0394299]
1711145870454039395,[0.97643218],[0.03070363],[0.03070363]
1711145870457179634,[0.96914246],[0.03513263],[0.03513263]
1711145870591131586,0,[0.32286641],[0.32286641]
1711145870593817994,[0.97566778],[0.03119757],[0.03119757]
1711145870596633482,[0.96811774],[0.03571121],[0.03571121]
1711145870599208371,[0.96800731],[0.035773],[0.035773]
1711145870600531940,[0.97542106],[0.03135534],[0.03135534]
1711145870665549708,[0.94963831],[0.04488282],[0.04488282]
1711145870668275014,[0.97522103],[0.03148268],[0.03148268]
1711145870669500655,[0.9675077],[0.03605124],[0.03605124]
1711145870844356947,0,[0.85899533],[0.85899533]
1711145870847912940,[0.96314536],[0.03839513],[0.03839513]
1711145870851226350,[0.97162361],[0.03369058],[0.03369058]
1711145870853881542,[0.96272695],[0.03861246],[0.03861246]
1711145870857001598,[0.96250053],[0.03872956],[0.03872956]
1711145870859760709,[0.97112767],[0.03398372],[0.03398372]
1711145870862293537,[0.96206726],[0.03895266],[0.03895266]
1711145870866032149,[0.92775978],[0.05375508],[0.05375508]
1711145870873528979,[0.98498175],[0.02450979],[0.02450979]
1711145870876519657,[0.95107947],[0.04423597],[0.04423597]
1711145870879777620,[0.93914788],[0.04933645],[0.04933645]
1711145870881576266,[0.9699871],[0.03464846],[0.03464846]
1711145870884476612,[0.96981761],[0.03474616],[0.03474616]
1711145870886962120,[0.9603457],[0.03982677],[0.03982677]
1711145870888188433,[0.96946032],[0.03495121],[0.03495121]
1711145870890675046,[0.95987343],[0.04006323],[0.04006323]
1711145871107066111,0,[0.62711421],[0.62711421]
1711145871111646931,[0.96591873],[0.03692223],[0.03692223]
1711145871115323436,[0.8990757],[0.06353717],[0.06353717]
1711145871117752527,[0.9823623],[0.0265614],[0.0265614]
1711145871118748339,[0.95460184],[0.04261369],[0.04261369]
1711145871121491459,[0.9650374],[0.03739658],[0.03739658]
1711145871124058342,[0.8784426],[0.06973017],[0.06973017]
1711145871275907380,0,[0.36512963],[0.36512963]
1711145871279511122,[0.95106366],[0.04424312],[0.04424312]
1711145871283015316,[0.95075516],[0.04438236],[0.04438236]
1711145871284850963,[0.96207933],[0.03894646],[0.03894646]
1711145871287926458,[0.95018296],[0.04463946],[0.04463946]
1711145871290671743,[0.93653266],[0.05038545],[0.05038545]
1711145871293193392,[0.9495222],[0.04493453],[0.04493453]
1711145871296596553,[0.94921474],[0.04507117],[0.04507117]
1711145871297943557,[0.94890101],[0.04521017],[0.04521017]
1711145871300119553,[0.96065378],[0.03967176],[0.03967176]
1711145871450550601,0,[0.57235369],[0.57235369]
1711145871452902118,[0.92958668],[0.05307102],[0.05307102]
1711145871454017098,[0.9860258],[0.0236425],[0.0236425]
1711145871455867022,[0.91222324],[0.05925428],[0.05925428]
1711145871458499695,[0.95672837],[0.04160367],[0.04160367]
1711145871461742620,[0.94318055],[0.04767366],[0.04767366]
1711145871465788659,[0.9276642],[0.05379063],[0.05379063]
1711145871467410284,[0.94250535],[0.04795609],[0.04795609]
1711145871600300984,0,[0.43133429],[0.43133429]
1711145871602643088,[0.95362351],[0.0430704],[0.0430704]
1711145871604842189,[0.90484247],[0.06169523],[0.06169523]
1711145871607062210,[0.93875477],[0.04949555],[0.04949555]
1711145871609380299,[0.95288765],[0.04341076],[0.04341076]
1711145871611025286,[0.92173876],[0.05595042],[0.05595042]
1711145871614463249,[0.9378424],[0.04986285],[0.04986285]
1711145871856396305,0,[0.58192349],[0.58192349]
1711145871858649248,[0.99075197],[0.01923333],[0.01923333]
1711145871860784187,[0.91649866],[0.0577932],[0.0577932]
1711145871861820427,[0.94926671],[0.0450481],[0.0450481]
1711145871864346903,[0.89598142],[0.06450382],[0.06450382]
1711145871866485539,[0.97389029],[0.032317],[0.032317]
1711145871868775704,[0.87308534],[0.07125017],[0.07125017]
1711145872002494891,0,[1.21630645],[1.21630645]
1711145872003743196,[0.91768494],[0.0573812],[0.0573812]
1711145872006146187,[0.93507994],[0.05095883],[0.05095883]
1711145872008421554,[0.95037752],[0.04455221],[0.04455221]
1711145872010887434,[0.91811902],[0.0572297],[0.0572297]
1711145872013242874,[0.93543201],[0.05082047],[0.05082047]
1711145872014410374,[0.95065232],[0.04442867],[0.04442867]
1711145872016645224,[0.91858154],[0.05706784],[0.05706784]
1711145872176905368,0,[0.80416696],[0.80416696]
1711145872179925016,[0.9526317],[0.04352852],[0.04352852]
1711145872181593955,[0.92192036],[0.05588547],[0.05588547]
1711145872184806852,[0.92215831],[0.05580025],[0.05580025]
1711145872187907676,[0.95304696],[0.0433373],[0.0433373]
1711145872190776937,[0.93883739],[0.04946215],[0.04946215]
1711145872193405419,[0.88476578],[0.06789233],[0.06789233]
1711145872194677549,[0.98480277],[0.02465541],[0.02465541]
1711145872336800685,0,[0.34311627],[0.34311627]
1711145872338708760,[0.92500002],[0.05477225],[0.05477225]
1711145872341436721,[0.94096326],[0.04859495],[0.04859495]
1711145872342764989,[0.94117222],[0.04850888],[0.04850888]
1711145872345591277,[0.92583507],[0.05446648],[0.05446648]
1711145872348546081,[0.96714807],[0.0362502],[0.0362502]
1711145872477498916,0,[0.39529662],[0.39529662]
1711145872480874454,[0.96829761],[0.03561033],[0.03561033]
1711145872485033880,[0.92895041],[0.05331026],[0.05331026]
1711145872487417503,[0.94411514],[0.04727996],[0.04727996]
1711145872488397946,[0.95738356],[0.0412875],[0.0412875]
1711145872490103423,[0.89527192],[0.06472344],[0.06472344]
1711145872493685920,[0.97845744],[0.02935477],[0.02935477]
1711145872495754552,[0.9450436],[0.04688556],[0.04688556]
1711145872498064074,[0.91455593],[0.05846164],[0.05846164]
1711145872645587902,0,[0.59257671],[0.59257671]
1711145872648092156,[0.94873618],[0.04528303],[0.04528303]
1711145872650437146,[0.94898184],[0.0451744],[0.0451744]
1711145872652421217,[0.93575968],[0.05069135],[0.05069135]
1711145872653321276,[0.97157593],[0.03371888],[0.03371888]
1711145872655283685,[0.93634098],[0.05046148],[0.05046148]
1711145872861180883,0,[0.83151438],[0.83151438]
1711145872863457352,[0.95442908],[0.04269469],[0.04269469]
1711145872866507930,[0.95465227],[0.04259001],[0.04259001]
1711145872868739092,[0.91477085],[0.05838806],[0.05838806]
1711145872871406017,[0.9887832],[0.02118188],[0.02118188]
1711145872875162934,[0.94343813],[0.04756548],[0.04756548]
1711145872879055973,[0.95554345],[0.04216944],[0.04216944]
1711145872881614060,[0.96612028],[0.03681289],[0.03681289]
1711145872884181113,[0.94427035],[0.04721426],[0.04721426]
1711145872886726656,[0.96645315],[0.0366316],[0.0366316]
1711145872890854887,[0.93189382],[0.05219432],[0.05219432]
1711145872893782805,[0.96680505],[0.03643896],[0.03643896]
1711145872896646772,[0.95683958],[0.04155017],[0.04155017]
1711145873174700414,0,[1.00667444],[1.00667444]
1711145873177721755,[0.97080372],[0.03417384],[0.03417384]
1711145873180415481,[0.94070659],[0.04870048],[0.04870048]
1711145873182900699,[0.97108731],[0.03400746],[0.03400746]
1711145873185659459,[0.96239691],[0.03878303],[0.03878303]
1711145873344090513,0,[0.38309503],[0.38309503]
1711145873347601140,[0.79859209],[0.08975699],[0.08975699]
1711145873350114411,[0.92032867],[0.05645222],[0.05645222]
1711145873351675493,[1.],[0.],[0.]
1711145873355410499,[0.95543599],[0.04222038],[0.04222038]
1711145873356679243,[0.96494738],[0.03744469],[0.03744469]
1711145873535957144,0,[0.63379856],[0.63379856]
1711145873539473210,[0.97508287],[0.03157032],[0.03157032]
1711145873542380221,[0.98175125],[0.02701759],[0.02701759]
1711145873546051622,[0.95908721],[0.04045382],[0.04045382]
1711145873547052574,[0.97535073],[0.03140017],[0.03140017]
1711145873549791155,[0.95940657],[0.04029562],[0.04029562]
1711145873551719179,[0.96805686],[0.03574529],[0.03574529]
1711145873553657300,[0.96817807],[0.03567741],[0.03567741]
1711145873688834548,0,[0.20825724],[0.20825724]
1711145873691605312,[0.96074737],[0.03962455],[0.03962455]
1711145873837538246,0,[0.58524638],[0.58524638]
1711145873839942088,[0.96304663],[0.03844652],[0.03844652]
1711145873843087571,[0.97089989],[0.03411751],[0.03411751]
1711145873847792338,[0.9777844],[0.0298098],[0.0298098]
1711145873851645012,[0.96339975],[0.03826238],[0.03826238]
1711145873854502219,[0.97792722],[0.02971382],[0.02971382]
1711145873856746216,[0.96362588],[0.038144],[0.038144]
1711145873858963160,[0.97135455],[0.03384994],[0.03384994]
1711145873861607362,[0.96386439],[0.03801874],[0.03801874]
1711145873864602489,[0.97820729],[0.02952471],[0.02952471]
1711145873879972982,[0.96408583],[0.03790207],[0.03790207]
1711145873881232157,[0.96420873],[0.03783716],[0.03783716]
1711145873883870167,[0.98898259],[0.02099277],[0.02099277]
1711145874026277561,[0.95605156],[0.04192776],[0.04192776]
1711145874031193828,[0.9719699],[0.03348439],[0.03348439]
1711145874032439778,[0.9720516],[0.03343555],[0.03343555]
1711145874036080908,[0.98431943],[0.02504442],[0.02504442]
1711145874041240354,[0.87464854],[0.07081002],[0.07081002]
1711145874042917969,[1.],[0.],[0.]
1711145874046812896,[0.97236518],[0.03324745],[0.03324745]
1711145874048347476,[0.97244373],[0.03320016],[0.03320016]
1711145874195012438,0,[0.45584741],[0.45584741]
1711145874196514858,[0.97355232],[0.03252548],[0.03252548]
1711145874199717536,[0.97362233],[0.03248241],[0.03248241]
1711145874202646632,[0.97369162],[0.03243972],[0.03243972]
1711145874205434280,[0.97375992],[0.03239758],[0.03239758]
1711145874207073812,[0.97382777],[0.03235567],[0.03235567]
1711145874210089603,[0.97389544],[0.03231381],[0.03231381]
1711145874213592737,[0.96705127],[0.03630357],[0.03630357]
1711145874456615745,0,[0.70227899],[0.70227899]
1711145874458136030,[0.97429438],[0.03206594],[0.03206594]
1711145874461199817,[0.97435425],[0.03202858],[0.03202858]
1711145874464476782,[0.97441401],[0.03199124],[0.03199124]
1711145874468182418,[0.96012608],[0.03993691],[0.03993691]
1711145874471122313,[0.97454654],[0.03190828],[0.03190828]
1711145874472198218,[0.98055474],[0.02788925],[0.02788925]
1711145874473904007,[0.9805913],[0.02786302],[0.02786302]
1711145874613559681,0,[0.26073889],[0.26073889]
1711145874615024466,[0.9671094],[0.03627153],[0.03627153]
1711145874618364422,[0.98541305],[0.02415529],[0.02415529]
1711145874622255371,[0.96724877],[0.0361946],[0.0361946]
1711145874625025292,[0.95967311],[0.04016311],[0.04016311]
1711145874628408698,[0.98551429],[0.02407132],[0.02407132]
1711145874630256598,[0.98031864],[0.02805805],[0.02805805]
1711145874635148104,[0.97434689],[0.03203318],[0.03203318]
1711145874791136759,0,[0.80393269],[0.80393269]
1711145874794932414,[0.92196261],[0.05587034],[0.05587034]
1711145874809146606,[0.99642438],[0.01195929],[0.01195929]
1711145874813249764,[0.97460459],[0.03187187],[0.03187187]
1711145874816303101,[0.97463347],[0.03185375],[0.03185375]
1711145874818898138,[0.97455264],[0.03190446],[0.03190446]
1711145874821227295,[0.9804474],[0.02796612],[0.02796612]
1711145874823285091,[0.94228315],[0.04804866],[0.04804866]
1711145874825495365,[0.99356309],[0.01604607],[0.01604607]
1711145874828953766,[0.97418527],[0.03213393],[0.03213393]
1711145874832084056,[0.97411518],[0.03217752],[0.03217752]
1711145874834581546,[0.95960593],[0.04019655],[0.04019655]
1711145874976139187,[0.98548656],[0.02409435],[0.02409435]
1711145874979108198,[0.9742443],[0.03209716],[0.03209716]
1711145874981700174,[0.95984803],[0.04007591],[0.04007591]
1711145874983511441,[0.9803671],[0.02802349],[0.02802349]
1711145874985680769,[0.97440192],[0.0319988],[0.0319988]
1711145874986936976,[0.98044214],[0.02796988],[0.02796988]
1711145874988941696,[0.96016577],[0.03991703],[0.03991703]
1711145875150366152,0,[0.31579159],[0.31579159]
1711145875152070195,[0.97409806],[0.03218816],[0.03218816]
1711145875154347257,[0.95960555],[0.04019674],[0.04019674]
1711145875155429773,[0.9854869],[0.02409406],[0.02409406]
1711145875157602776,[0.97424479],[0.03209686],[0.03209686]
1711145875159727952,[0.98031821],[0.02805836],[0.02805836]
1711145875161914758,[0.97434121],[0.03203672],[0.03203672]
1711145875163065634,[0.97438969],[0.03200644],[0.03200644]
1711145875303857826,0,[0.29589076],[0.29589076]
1711145875305539873,[0.98020881],[0.02813624],[0.02813624]
1711145875308796985,[0.97415897],[0.03215029],[0.03215029]
1711145875311798321,[0.97420582],[0.03212114],[0.03212114]
1711145875314174864,[0.98028885],[0.02807928],[0.02807928]
1711145875315683870,[0.97430379],[0.03206007],[0.03206007]
1711145875319436673,[0.95994109],[0.04002945],[0.04002945]
1711145875482165352,0,[0.51142859],[0.51142859]
1711145875485307987,[0.98054217],[0.02789826],[0.02789826]
1711145875487687856,[0.97462311],[0.03186025],[0.03186025]
1711145875490035963,[0.96785114],[0.03586021],[0.03586021]
1711145875491521672,[0.97454826],[0.0319072],[0.0319072]
1711145875493939261,[0.9804779],[0.0279443],[0.0279443]
1711145875496202891,[0.97446337],[0.03196037],[0.03196037]
1711145875498757233,[0.97441645],[0.03198972],[0.03198972]
1711145875501642619,[0.97437353],[0.03201654],[0.03201654]
1711145875650531783,0,[0.47604596],[0.47604596]
1711145875651616452,[0.96746324],[0.0360759],[0.0360759]
1711145875655136650,[0.96744831],[0.03608418],[0.03608418]
1711145875658201760,[0.97432144],[0.03204906],[0.03204906]
1711145875660791372,[0.98037411],[0.02801848],[0.02801848]
1711145875666219430,[0.9600266],[0.0399867],[0.0399867]
1711145875667281452,[0.98563672],[0.02396938],[0.02396938]
1711145875669729862,[0.98047899],[0.02794352],[0.02794352]
1711145875672183901,[0.97453891],[0.03191306],[0.03191306]
1711145875845387423,0,[0.48354893],[0.48354893]
1711145875850852001,[0.98041949],[0.02798607],[0.02798607]
1711145875852496718,[0.96760533],[0.03599704],[0.03599704]
1711145875856599800,[0.9803866],[0.02800957],[0.02800957]
1711145875860714137,[0.9675491],[0.03602827],[0.03602827]
1711145875863665261,[0.9803537],[0.02803306],[0.02803306]
1711145875865291398,[0.95143767],[0.04407372],[0.04407372]
1711145875868568588,[0.98554267],[0.02404773],[0.02404773]
1711145876021946297,0,[0.25984439],[0.25984439]
1711145876024780413,[0.97451057],[0.03193082],[0.03193082]
1711145876027355881,[0.98047348],[0.02794747],[0.02794747]
1711145876030221905,[0.97447972],[0.03195013],[0.03195013]
1711145876031369656,[0.97446362],[0.03196021],[0.03196021]
1711145876034447777,[0.97444474],[0.03197203],[0.03197203]
1711145876190253181,0,[0.51178487],[0.51178487]
1711145876194266629,[0.97442229],[0.03198607],[0.03198607]
1711145876197799497,[0.97441458],[0.03199088],[0.03199088]
1711145876199493544,[0.97440614],[0.03199616],[0.03199616]
1711145876202395820,[0.974397],[0.03200187],[0.03200187]
1711145876205720401,[0.98039222],[0.02800555],[0.02800555]
1711145876207514189,[0.97437849],[0.03201344],[0.03201344]
1711145876211803895,[0.95994938],[0.0400253],[0.0400253]
1711145876216365321,[0.98036789],[0.02802293],[0.02802293]
1711145876219305527,[0.97434911],[0.03203179],[0.03203179]
1711145876380550232,0,[0.47938632],[0.47938632]
1711145876382479981,[0.97454116],[0.03191165],[0.03191165]
1711145876383584826,[0.9677701],[0.03590538],[0.03590538]
1711145876386034718,[0.97451944],[0.03192526],[0.03192526]
1711145876387993975,[0.98049866],[0.02792944],[0.02792944]
1711145876390996086,[0.97451797],[0.03192618],[0.03192618]
1711145876395254430,[0.98048347],[0.02794032],[0.02794032]
1711145876556597839,0,[0.29550873],[0.29550873]
1711145876558154373,[0.98563366],[0.02397193],[0.02397193]
1711145876561655619,[0.97445124],[0.03196796],[0.03196796]
1711145876564653180,[0.97445273],[0.03196703],[0.03196703]
1711145876764426687,0,[0.60765617],[0.60765617]
1711145876767253421,[0.97440312],[0.03199805],[0.03199805]
1711145876769334636,[0.95999347],[0.04000327],[0.04000327]
1711145876772275113,[0.98039494],[0.02800361],[0.02800361]
1711145876774954879,[0.97439789],[0.03200132],[0.03200132]
1711145876777694116,[0.98039371],[0.02800449],[0.02800449]
1711145876780434740,[0.95999308],[0.04000346],[0.04000346]
1711145876783132604,[0.98559775],[0.02400187],[0.02400187]
1711145876785944478,[0.97438974],[0.03200641],[0.03200641]
1711145876788705725,[0.96759202],[0.03600443],[0.03600443]
1711145876792736494,[0.9803892],[0.02800771],[0.02800771]
1711145876795685936,[0.97438759],[0.03200776],[0.03200776]
1711145876798549058,[0.95157505],[0.04401134],[0.04401134]
1711145876799916825,[0.98559162],[0.02400698],[0.02400698]
1711145876802538997,[0.98038698],[0.0280093],[0.0280093]
1711145876805115705,[0.9675766],[0.036013],[0.036013]
1711145876806960827,[0.97437663],[0.03201461],[0.03201461]
1711145876809510381,[0.98038619],[0.02800986],[0.02800986]
1711145877090122463,0,[0.48422134],[0.48422134]
1711145877098851912,[0.9599565],[0.04002175],[0.04002175]
1711145877102660908,[0.98998873],[0.02001127],[0.02001127]
1711145877104325327,[0.96756263],[0.03602076],[0.03602076]
1711145877107067539,[0.97437219],[0.03201738],[0.03201738]
1711145877110701677,[0.96756392],[0.03602004],[0.03602004]
1711145877112956442,[0.98037775],[0.02801589],[0.02801589]
1711145877270457140,0,[0.47935149],[0.47935149]
1711145877272843718,[0.96770858],[0.03593963],[0.03593963]
1711145877274696286,[0.98486731],[0.024603],[0.024603]
1711145877280225863,[0.97539416],[0.0313725],[0.0313725]
1711145877284462417,[0.96771502],[0.03593604],[0.03593604]
1711145877287778761,[0.96014335],[0.03992826],[0.03992826]
1711145877290928847,[0.98565263],[0.0239561],[0.0239561]
1711145877454179392,0,[0.45901766],[0.45901766]
1711145877456091283,[0.98567057],[0.02394112],[0.02394112]
1711145877457358413,[0.98049685],[0.02793074],[0.02793074]
1711145877460152749,[0.98049907],[0.02792915],[0.02792915]
1711145877526339139,[0.96020461],[0.03989756],[0.03989756]
1711145877528787865,[0.98050434],[0.02792537],[0.02792537]
1711145877530991083,[0.97453829],[0.03191345],[0.03191345]
1711145877679014712,0,[0.44656211],[0.44656211]
1711145877681248919,[0.96784329],[0.03586459],[0.03586459]
1711145877682138508,[0.98054988],[0.02789274],[0.02789274]
1711145877684170158,[0.97460084],[0.03187423],[0.03187423]
1711145877861792305,0,[0.65252766],[0.65252766]
1711145877864810329,[0.99368928],[0.01588801],[0.01588801]
1711145877867384806,[0.97476521],[0.03177092],[0.03177092]
1711145877870022022,[0.97477451],[0.03176507],[0.03176507]
1711145877872230299,[0.97478564],[0.03175806],[0.03175806]
1711145877874003375,[0.94330142],[0.04762293],[0.04762293]
1711145877876937073,[0.98583176],[0.02380609],[0.02380609]
1711145878037132368,[0.99016456],[0.01983475],[0.01983475]
1711145878040344405,[0.96814596],[0.0356954],[0.0356954]
1711145878044373277,[0.97484494],[0.03172069],[0.03172069]
1711145878048712244,[0.98074999],[0.02774888],[0.02774888]
1711145878052867286,[0.97486787],[0.03170623],[0.03170623]
1711145878054238946,[0.97488052],[0.03169825],[0.03169825]
1711145878056997724,[0.96077486],[0.03961067],[0.03961067]
1711145878060630150,[0.98078856],[0.02772107],[0.02772107]
1711145878063309069,[0.97492359],[0.03167106],[0.03167106]
1711145878065839341,[0.95261754],[0.04353503],[0.04353503]
1711145878067026077,[0.98591308],[0.02373767],[0.02373767]
1711145878069582840,[0.98591619],[0.02373505],[0.02373505]
1711145878072015516,[0.97497881],[0.03163618],[0.03163618]
1711145878252093539,0,[0.69751906],[0.69751906]
1711145878254588705,[0.98110691],[0.02749043],[0.02749043]
1711145878256480578,[0.97533329],[0.03141128],[0.03141128]
1711145878258868448,[0.96879899],[0.03532761],[0.03532761]
1711145878261987004,[0.96881234],[0.03532006],[0.03532006]
1711145878263277138,[0.97537364],[0.03138558],[0.03138558]
1711145878267217171,[0.98615217],[0.02353536],[0.02353536]
1711145878270635138,[0.96885615],[0.03529524],[0.03529524]
1711145878272929720,[0.98116805],[0.02744591],[0.02744591]
1711145878405878449,0,[0.25468085],[0.25468085]
1711145878408366360,[0.97545462],[0.03133393],[0.03133393]
1711145878411115101,[0.98120228],[0.02742095],[0.02742095]
1711145878412539180,[0.97544571],[0.03133962],[0.03133962]
1711145878414920148,[0.97544184],[0.03134209],[0.03134209]
1711145878417759099,[0.9689058],[0.03526709],[0.03526709]
1711145878568857878,0,[0.27875239],[0.27875239]
1711145878571857837,[0.97518945],[0.03150273],[0.03150273]
1711145878574253242,[0.9685372],[0.03547551],[0.03547551]
1711145878577565155,[0.9750893],[0.03156625],[0.03156625]
1711145878580748505,[0.95277934],[0.04346063],[0.04346063]
1711145878582162635,[0.99374237],[0.01582103],[0.01582103]
1711145878584253889,[0.97492688],[0.03166899],[0.03166899]
1711145878754406209,0,[0.5224665],[0.5224665]
1711145878757449460,[0.95801265],[0.04098163],[0.04098163]
1711145878758493995,[0.98480384],[0.02465454],[0.02465454]
1711145878760834695,[0.97922221],[0.028829],[0.028829]
1711145878763085454,[0.97271766],[0.03303473],[0.03303473]
1711145878913999357,0,[0.54284273],[0.54284273]
1711145878918408785,[0.9695579],[0.03489533],[0.03489533]
1711145878921192752,[0.96118453],[0.03940328],[0.03940328]
1711145878923569170,[0.96909744],[0.03515825],[0.03515825]
1711145878925534313,[0.9825093],[0.02645048],[0.02645048]
1711145878926826310,[0.96037985],[0.03980962],[0.03980962]
1711145878929273744,[0.96845753],[0.0355204],[0.0355204]
1711145878932765662,[0.95977722],[0.04011124],[0.04011124]
1711145879089674039,0,[0.31759128],[0.31759128]
1711145879091428941,[0.95680033],[0.04156906],[0.04156906]
1711145879102172314,[0.9656048],[0.03709189],[0.03709189]
1711145879104848946,[0.95613318],[0.04188882],[0.04188882]
1711145879105890785,[0.98037011],[0.02802134],[0.02802134]
1711145879107818056,[0.95553022],[0.04217572],[0.04217572]
1711145879111783771,[0.97290013],[0.03292407],[0.03292407]
1711145879116130495,[0.96436407],[0.03775496],[0.03775496]
1711145879119115465,[0.93204421],[0.05213666],[0.05213666]
1711145879276947003,0,[0.53080444],[0.53080444]
1711145879279577637,[0.93749925],[0.0500003],[0.0500003]
1711145879281071013,[0.96914734],[0.03512985],[0.03512985]
1711145879284015055,[0.96895478],[0.03523931],[0.03523931]
1711145879286769395,[0.93617238],[0.05052826],[0.05052826]
1711145879289933589,[0.92205743],[0.05583639],[0.05583639]
1711145879292084550,[0.98962533],[0.02037122],[0.02037122]
1711145879445840115,0,[0.6758362],[0.6758362]
1711145879448362252,[0.91204735],[0.05931362],[0.05931362]
1711145879451036338,[0.9882996],[0.02163368],[0.02163368]
1711145879453783555,[0.96401215],[0.03794093],[0.03794093]
1711145879455151106,[0.95271407],[0.04349066],[0.04349066]
1711145879457260845,[0.93975115],[0.04909128],[0.04909128]
1711145879460251498,[0.95207357],[0.04378421],[0.04378421]
1711145879464562242,[0.93893496],[0.04942268],[0.04942268]
1711145879467216201,[0.97270132],[0.03304463],[0.03304463]
1711145879786324130,0,[1.53445316],[1.53445316]
1711145879788900049,[0.95493006],[0.04245936],[0.04245936]
1711145879792119202,[0.92511089],[0.05473175],[0.05473175]
1711145879794121696,[0.94050487],[0.04878325],[0.04878325]
1711145879796990286,[0.95423015],[0.04278778],[0.04278778]
1711145879799383516,[0.92395464],[0.05515265],[0.05515265]
1711145879802372585,[0.92352086],[0.05530973],[0.05530973]
1711145879804811874,[0.93924883],[0.0492955],[0.0492955]
1711145879807966800,[0.95326876],[0.04323482],[0.04323482]
1711145879810796550,[0.86185476],[0.07433579],[0.07433579]
1711145879813103686,[0.97589011],[0.03105472],[0.03105472]
1711145879814187175,[0.96516426],[0.03732867],[0.03732867]
1711145879817226891,[0.93780397],[0.04987826],[0.04987826]
1711145879820028711,[0.93750048],[0.04999981],[0.04999981]
1711145879823306340,[0.93719705],[0.05012103],[0.05012103]
1711145880225226836,0,[1.24505503],[1.24505503]
1711145880227631618,[0.9296066],[0.05306351],[0.05306351]
1711145880229975444,[0.94589038],[0.04652295],[0.04652295]
1711145880231058182,[0.88907665],[0.06661031],[0.06661031]
1711145880233538869,[0.95989841],[0.04005076],[0.04005076]
1711145880236185384,[0.92844574],[0.05349926],[0.05349926]
1711145880238756669,[0.90903247],[0.06032165],[0.06032165]
1711145880241553452,[0.92780744],[0.05373735],[0.05373735]
1711145880419708987,0,[0.87480063],[0.87480063]
1711145880421973872,[0.94084776],[0.04864247],[0.04864247]
1711145880423142675,[0.9224616],[0.05569144],[0.05569144]
1711145880425435233,[0.90146774],[0.0627797],[0.0627797]
1711145880428002541,[0.92183271],[0.05591683],[0.05591683]
1711145880430233862,[0.93994025],[0.04901418],[0.04901418]
1711145880598439478,0,[0.91036093],[0.91036093]
1711145880751069830,[0.47711739],[0.14462124],[0.14462124]
1711145880753285972,[0.93557106],[0.05076571],[0.05076571]
1711145880754544135,[0.96704608],[0.03630643],[0.03630643]
1711145880757154601,[0.91539884],[0.05817256],[0.05817256]
1711145880759766207,[0.89253417],[0.06556396],[0.06556396]
1711145880762614136,[0.93477178],[0.05107963],[0.05107963]
1711145880764462616,[0.91452907],[0.05847082],[0.05847082]
1711145880765273615,[0.86594078],[0.0732282],[0.0732282]
1711145880930231479,0,[1.01123978],[1.01123978]
1711145880933207151,[0.85759667],[0.07547273],[0.07547273]
1711145880936626081,[0.96429396],[0.03779208],[0.03779208]
1711145880939628943,[0.88397974],[0.06812349],[0.06812349]
1711145880942954053,[0.92959387],[0.05306831],[0.05306831]
1711145880944457344,[0.90776187],[0.06074146],[0.06074146]
1711145880947541562,[0.92916644],[0.05322915],[0.05322915]
1711145880949725242,[0.90720943],[0.06092309],[0.06092309]
1711145880952425392,[0.88216804],[0.06865332],[0.06865332]
1711145881111669715,0,[0.86455698],[0.86455698]
1711145881114682318,[0.92530987],[0.05465899],[0.05465899]
1711145881116277213,[0.90216663],[0.06255665],[0.06255665]
1711145881118361323,[0.90186906],[0.06265172],[0.06265172]
1711145881121514415,[0.90157117],[0.06274674],[0.06274674]
1711145881124395293,[0.90127285],[0.06284175],[0.06284175]
1711145881127139033,[0.7770244],[0.09444058],[0.09444058]
1711145881129326832,[0.96116261],[0.03941441],[0.03941441]
1711145881130670344,[0.92372152],[0.05523712],[0.05523712]
1711145881314291322,0,[1.03094057],[1.03094057]
1711145881317414757,[0.91979162],[0.05664217],[0.05664217]
1711145881320581471,[0.86703398],[0.07292901],[0.07292901]
1711145881323324920,[0.89461522],[0.06492605],[0.06492605]
1711145881324465228,[0.86621048],[0.0731545],[0.0731545]
1711145881327008455,[0.91883674],[0.05697833],[0.05697833]
1711145881329000579,[0.91862751],[0.05705173],[0.05705173]
1711145881331010989,[0.83343338],[0.08162515],[0.08162515]
1711145881487863942,0,[0.60855796],[0.60855796]
1711145881490348173,[0.93826656],[0.04969243],[0.04969243]
1711145881492550599,[0.86072942],[0.07463795],[0.07463795]
1711145881493674395,[0.93794559],[0.04982145],[0.04982145]
1711145881496147178,[0.86000264],[0.07483244],[0.07483244]
1711145881498836354,[0.88905733],[0.06661612],[0.06661612]
1711145881502052626,[0.88874769],[0.06670901],[0.06670901]
1711145881503552521,[0.93726632],[0.05009338],[0.05009338]
1711145881675069024,0,[1.14598048],[1.14598048]
1711145881677859162,[0.88920732],[0.06657107],[0.06657107]
1711145881679049705,[0.88937607],[0.06652035],[0.06652035]
1711145881682002254,[0.88956608],[0.0664632],[0.0664632]
1711145881684272299,[0.86048168],[0.0747043],[0.0747043]
1711145881829247801,0,[1.30370765],[1.30370765]
1711145881832095505,[0.8957935],[0.06456206],[0.06456206]
1711145881834709558,[0.89617438],[0.06444397],[0.06444397]
1711145881836842291,[0.86913061],[0.07235175],[0.07235175]
1711145881839556550,[0.94204998],[0.04814562],[0.04814562]
1711145881842500707,[0.87010262],[0.07208256],[0.07208256]
1711145881990433523,[0.92174413],[0.0559485],[0.0559485]
1711145881994074927,[0.89819369],[0.0638142],[0.0638142]
1711145881997868993,[0.84170363],[0.07957295],[0.07957295]
1711145882000146552,[0.94326893],[0.04763657],[0.04763657]
1711145882003015641,[0.87290039],[0.07130206],[0.07130206]
1711145882004396939,[0.81125591],[0.08688937],[0.08688937]
1711145882006662974,[0.96118663],[0.03940222],[0.03940222]
1711145882010591236,[0.87479407],[0.0707689],[0.0707689]
1711145882013288647,[0.9015932],[0.06273972],[0.06273972]
1711145882016780045,[0.92501213],[0.05476783],[0.05476783]
1711145882018073064,[0.92536217],[0.05463985],[0.05463985]
1711145882020479640,[0.84851783],[0.07784142],[0.07784142]
1711145882253632179,0,[1.49667577],[1.49667577]
1711145882256203980,[0.9537833],[0.04299614],[0.04299614]
1711145882257505295,[0.91837804],[0.05713911],[0.05713911]
1711145882261881445,[0.87354977],[0.07111968],[0.07111968]
1711145882264145118,[0.89842484],[0.06374172],[0.06374172]
1711145882266678938,[0.96886068],[0.03529267],[0.03529267]
1711145882269650412,[0.920776],[0.05629352],[0.05629352]
1711145882271070584,[0.90055575],[0.06306956],[0.06306956]
1711145882273870912,[0.94026664],[0.04888082],[0.04888082]
1711145882442209136,0,[0.76618733],[0.76618733]
1711145882443741723,[0.93076324],[0.05262576],[0.05262576]
1711145882446523822,[0.91311948],[0.058951],[0.058951]
1711145882452415011,[0.94786611],[0.04566569],[0.04566569]
1711145882455224547,[0.93242206],[0.05199151],[0.05199151]
1711145882456582600,[0.93296736],[0.05178133],[0.05178133]
1711145882459210189,[0.93350824],[0.05157199],[0.05157199]
1711145882462075721,[0.93404711],[0.05136259],[0.05136259]
1711145882628354596,0,[0.45295815],[0.45295815]
1711145882630424647,[0.93919141],[0.04931879],[0.04931879]
1711145882632935885,[0.93969224],[0.04911528],[0.04911528]
1711145882635052213,[0.95418392],[0.04280938],[0.04280938]
1711145882635866536,[0.9248606],[0.05482313],[0.05482313]
1711145882637911310,[0.94112523],[0.04852825],[0.04852825]
1711145882802429139,0,[0.65382809],[0.65382809]
1711145882805918916,[0.93372094],[0.05148944],[0.05148944]
1711145882808615649,[0.9602106],[0.03989456],[0.03989456]
1711145882811525287,[0.94840183],[0.04543046],[0.04543046]
1711145882812899126,[0.94879366],[0.04525764],[0.04525764]
1711145882815040341,[0.93571548],[0.05070878],[0.05070878]
1711145882817358707,[0.94961143],[0.0448948],[0.0448948]
1711145882819097058,[0.96169254],[0.03914459],[0.03914459]
1711145882969615506,0,[0.40071901],[0.40071901]
1711145882971838013,[0.9644174],[0.0377267],[0.0377267]
1711145882974114861,[0.94160596],[0.04832972],[0.04832972]
1711145882975864634,[0.94207263],[0.04813621],[0.04813621]
1711145882977585202,[0.97442652],[0.03198342],[0.03198342]
1711145882978308695,[0.94284121],[0.04781581],[0.04781581]
1711145882979964658,[0.9432875],[0.04762877],[0.04762877]
1711145882982283726,[0.96593457],[0.03691364],[0.03691364]
1711145883152190320,0,[0.61604709],[0.61604709]
1711145883153255742,[0.94936925],[0.04500255],[0.04500255]
1711145883156548911,[0.96956327],[0.03489225],[0.03489225]
1711145883159076659,[0.96047571],[0.03976143],[0.03976143]
1711145883161743176,[0.96071948],[0.03963863],[0.03963863]
1711145883164956947,[0.95060727],[0.04444895],[0.04444895]
1711145883167565325,[0.92678552],[0.05411635],[0.05411635]
1711145883320614761,0,[0.63257744],[0.63257744]
1711145883323007877,[0.92141311],[0.05606671],[0.05606671]
1711145883325600766,[0.98643414],[0.02329452],[0.02329452]
1711145883327259178,[0.97352023],[0.03254521],[0.03254521]
1711145883329474090,[0.97364148],[0.03247061],[0.03247061]
1711145883331553059,[0.95666322],[0.04163497],[0.04163497]
1711145883333884867,[0.97391952],[0.03229891],[0.03229891]
1711145883491283303,0,[0.33702401],[0.33702401]
1711145883494545661,[0.94948513],[0.04495103],[0.04495103]
1711145883496980646,[0.98742923],[0.02242389],[0.02242389]
1711145883499513603,[0.97544783],[0.03133826],[0.03133826]
1711145883501149052,[0.95961111],[0.04019397],[0.04019397]
1711145883503244461,[0.9682478],[0.03563829],[0.03563829]
1711145883506673217,[0.96001268],[0.03999366],[0.03999366]
1711145883510405319,[0.975925],[0.03103224],[0.03103224]
1711145883663000815,0,[0.56109302],[0.56109302]
1711145883665315818,[0.97766363],[0.02989071],[0.02989071]
1711145883666326598,[0.93466561],[0.05112118],[0.05112118]
1711145883668600221,[0.98870608],[0.02125457],[0.02125457]
1711145883671716309,[0.96353151],[0.03819345],[0.03819345]
1711145883672936120,[0.98878402],[0.02118111],[0.02118111]
1711145883831663245,0,[0.57044106],[0.57044106]
1711145883833978065,[0.97945022],[0.02867039],[0.02867039]
1711145883836869933,[0.97324771],[0.03271225],[0.03271225]
1711145883839961884,[0.97333901],[0.03265639],[0.03265639]
1711145883843826786,[0.96638044],[0.03667128],[0.03667128]
1711145883847081615,[0.95865916],[0.0406649],[0.0406649]
1711145883849496552,[0.95019843],[0.04463253],[0.04463253]
1711145883852767820,[0.99835826],[0.00810368],[0.00810368]
1711145883855257206,[0.97378709],[0.03238081],[0.03238081]
1711145883857778321,[0.97387465],[0.03232668],[0.03232668]
1711145883858923914,[0.96705332],[0.03630244],[0.03630244]
1711145883862007952,[0.97405744],[0.03221339],[0.03221339]
1711145883864912554,[0.96727739],[0.03617878],[0.03617878]
1711145883866668819,[0.98027043],[0.0280924],[0.0280924]
1711145883869151472,[0.97430703],[0.03205805],[0.03205805]
1711145884015486535,[0.96759088],[0.03600507],[0.03600507]
1711145884017754927,[0.98045876],[0.027958],[0.027958]
1711145884019609035,[0.96779605],[0.03589092],[0.03589092]
1711145884021963242,[0.98058127],[0.02787022],[0.02787022]
1711145884023317669,[0.98063173],[0.02783399],[0.02783399]
1711145884025685617,[0.97477652],[0.03176381],[0.03176381]
1711145884031466899,[0.92301322],[0.05549298],[0.05549298]
1711145884033016587,[0.99843084],[0.00792251],[0.00792251]
1711145884036469372,[0.95230452],[0.04367859],[0.04367859]
1711145884295391387,0,[0.6961847],[0.6961847]
1711145884298036213,[0.97470843],[0.03180665],[0.03180665]
1711145884300693674,[0.97477742],[0.03176324],[0.03176324]
1711145884302097750,[0.97482967],[0.03173032],[0.03173032]
1711145884304385228,[0.98071826],[0.02777174],[0.02777174]
1711145884306606823,[0.96801809],[0.03576698],[0.03576698]
1711145884308857733,[0.98058252],[0.02786933],[0.02786933]
1711145884309974652,[0.967796],[0.03589095],[0.03589095]
1711145884459987734,0,[0.54119337],[0.54119337]
1711145884463608311,[0.96751858],[0.0360452],[0.0360452]
1711145884466476729,[0.96742156],[0.036099],[0.036099]
1711145884470088260,[0.98548668],[0.02409425],[0.02409425]
1711145884472397910,[0.97423073],[0.03210562],[0.03210562]
1711145884475569221,[0.9674685],[0.03607298],[0.03607298]
1711145884651419520,0,[0.54619894],[0.54619894]
1711145884653363916,[0.98034452],[0.0280396],[0.0280396]
1711145884656005246,[0.98038388],[0.02801151],[0.02801151]
1711145884834572491,0,[0.64358206],[0.64358206]
1711145884838839241,[0.96020345],[0.03989815],[0.03989815]
1711145884842887463,[0.98567253],[0.02393948],[0.02393948]
1711145884849087142,[0.97452786],[0.03191999],[0.03191999]
1711145884852035897,[0.97449837],[0.03193846],[0.03193846]
1711145884854085220,[0.96769594],[0.03594666],[0.03594666]
1711145884859540454,[0.96008561],[0.03995717],[0.03995717]
1711145884862515184,[0.99001146],[0.01998854],[0.01998854]
1711145884863458448,[0.97441764],[0.03198897],[0.03198897]
1711145884865273072,[0.96759974],[0.03600014],[0.03600014]
1711145884867408790,[0.97437805],[0.03201371],[0.03201371]
1711145884869516351,[0.96754912],[0.03602825],[0.03602825]
1711145884870946696,[0.98556729],[0.02402724],[0.02402724]
1711145884874925408,[0.9803471],[0.02803776],[0.02803776]
1711145884877159967,[0.96757047],[0.0360164],[0.0360164]
1711145885044873934,0,[0.34692696],[0.34692696]
1711145885047496228,[0.97450249],[0.03193588],[0.03193588]
1711145885051051801,[0.97448693],[0.03194563],[0.03194563]
1711145885054155085,[0.97447159],[0.03195522],[0.03195522]
1711145885057190862,[0.95170246],[0.0439534],[0.0439534]
1711145885222921795,0,[0.28002973],[0.28002973]
1711145885225039245,[0.96753407],[0.03603661],[0.03603661]
1711145885230267423,[0.9855911],[0.02400741],[0.02400741]
1711145885232594866,[0.97443237],[0.03197976],[0.03197976]
1711145885235418973,[0.96771082],[0.03593838],[0.03593838]
1711145885408481618,0,[0.57520258],[0.57520258]
1711145885410902595,[0.98039285],[0.02800511],[0.02800511]
1711145885413028592,[0.96758042],[0.03601088],[0.03601088]
1711145885414051545,[0.98038351],[0.02801178],[0.02801178]
1711145885416754931,[0.96756574],[0.03601903],[0.03601903]
1711145885419101249,[0.98037502],[0.02801784],[0.02801784]
1711145885563135813,0,[0.28793433],[0.28793433]
1711145885565168735,[0.97459927],[0.03187521],[0.03187521]
1711145885566539078,[0.97463579],[0.03185229],[0.03185229]
1711145885569169201,[0.97464137],[0.03184879],[0.03184879]
1711145885571807325,[0.97463631],[0.03185197],[0.03185197]
1711145885573424961,[0.96789234],[0.03583722],[0.03583722]
1711145885575426123,[0.9746262],[0.03185831],[0.03185831]
1711145885744909492,0,[0.86057302],[0.86057302]
1711145885746776934,[0.98048207],[0.02794132],[0.02794132]
1711145885748550581,[0.96773094],[0.03592718],[0.03592718]
1711145885750440877,[0.98047609],[0.0279456],[0.0279456]
1711145885753250201,[0.96772052],[0.03593298],[0.03593298]
1711145885755308310,[0.98046958],[0.02795025],[0.02795025]
1711145885757476255,[0.97448674],[0.03194574],[0.03194574]
1711145885759608453,[0.97448233],[0.0319485],[0.0319485]
1711145885762135884,[0.97447827],[0.03195104],[0.03195104]
1711145885764843507,[0.97447441],[0.03195346],[0.03195346]
1711145885767425697,[0.97447055],[0.03195588],[0.03195588]
1711145885770057280,[0.96010327],[0.03994833],[0.03994833]
1711145885771368873,[0.98044751],[0.02796604],[0.02796604]
1711145885773577744,[0.98044521],[0.02796769],[0.02796769]
1711145885774649879,[0.9744556],[0.03196523],[0.03196523]
1711145885776657003,[0.96766544],[0.03596363],[0.03596363]
1711145885931221004,[0.9804368],[0.02797371],[0.02797371]
1711145885933799456,[0.97444456],[0.03197213],[0.03197213]
1711145885937366561,[0.89775583],[0.06395128],[0.06395128]
1711145885938800994,[1.],[0.],[0.]
1711145885942426415,[0.97443362],[0.03197898],[0.03197898]
1711145885945377785,[0.9744308],[0.03198075],[0.03198075]
1711145885947934858,[0.97442851],[0.03198218],[0.03198218]
1711145885949180809,[0.97442652],[0.03198342],[0.03198342]
1711145886205770143,0,[0.57596421],[0.57596421]
1711145886207905583,[0.96754168],[0.03603239],[0.03603239]
1711145886213779985,[0.97434923],[0.03203172],[0.03203172]
1711145886215336927,[0.98035824],[0.02802981],[0.02802981]
1711145886218010157,[0.96754276],[0.03603179],[0.03603179]
1711145886219762815,[0.96759192],[0.03600449],[0.03600449]
1711145886222164557,[0.97444524],[0.03197171],[0.03197171]
1711145886372476657,0,[0.47039367],[0.47039367]
1711145886375888637,[0.82463751],[0.08375261],[0.08375261]
1711145886377155336,[0.99363601],[0.01595493],[0.01595493]
1711145886380075761,[0.97454129],[0.03191157],[0.03191157]
1711145886382517367,[0.96777413],[0.03590313],[0.03590313]
1711145886384854849,[0.98567558],[0.02393694],[0.02393694]
1711145886387529060,[0.9745313],[0.03191783],[0.03191783]
1711145886561841057,0,[0.22746964],[0.22746964]
1711145886565099632,[0.97450575],[0.03193384],[0.03193384]
1711145886567297362,[0.9804789],[0.02794359],[0.02794359]
1711145886569822856,[0.97450027],[0.03193727],[0.03193727]
1711145886571888107,[0.97449795],[0.03193872],[0.03193872]
1711145886574552801,[0.97449568],[0.03194015],[0.03194015]
1711145886577119001,[0.96771754],[0.03593464],[0.03593464]
1711145886579305240,[0.98046876],[0.02795084],[0.02795084]
1711145886580296194,[0.97448681],[0.0319457],[0.0319457]
1711145886736451436,0,[0.48330746],[0.48330746]
1711145886737611165,[0.96766323],[0.03596486],[0.03596486]
1711145886740869885,[0.97444775],[0.03197014],[0.03197014]
1711145886743026669,[0.97444553],[0.03197153],[0.03197153]
1711145886744825664,[0.97444327],[0.03197295],[0.03197295]
1711145886746731809,[0.98043154],[0.02797746],[0.02797746]
1711145886903387202,0,[0.35175548],[0.35175548]
1711145886905862792,[0.98042068],[0.02798523],[0.02798523]
1711145886908418662,[0.96763289],[0.03598172],[0.03598172]
1711145886911488925,[0.98041908],[0.02798637],[0.02798637]
1711145886912747509,[0.97442385],[0.03198509],[0.03198509]
1711145886915006194,[0.97442267],[0.03198583],[0.03198583]
1711145886917302419,[0.9676273],[0.03598483],[0.03598483]
1711145887094737272,0,[0.50776525],[0.50776525]
1711145887095707407,[0.99840157],[0.00799608],[0.00799608]
1711145887096519255,[0.98561528],[0.02398726],[0.02398726]
1711145887099405102,[0.97442631],[0.03198355],[0.03198355]
1711145887102793426,[0.9600445],[0.03997774],[0.03997774]
1711145887104792104,[0.97443032],[0.03198105],[0.03198105]
1711145887108185010,[0.98042276],[0.02798374],[0.02798374]
1711145887112218197,[0.97442997],[0.03198127],[0.03198127]
1711145887282170097,0,[0.41965415],[0.41965415]
1711145887287354710,[0.98043995],[0.02797145],[0.02797145]
1711145887289038078,[0.96766652],[0.03596302],[0.03596302]
1711145887291757394,[0.98563348],[0.02397209],[0.02397209]
1711145887294195814,[0.96767504],[0.03595829],[0.03595829]
1711145887299985395,[0.97446089],[0.03196192],[0.03196192]
1711145887303162717,[0.96768025],[0.03595539],[0.03595539]
1711145887462085504,0,[0.51110814],[0.51110814]
1711145887463816671,[0.97451944],[0.03192526],[0.03192526]
1711145887465480183,[0.98566914],[0.02394231],[0.02394231]
1711145887467176706,[0.97452644],[0.03192088],[0.03192088]
1711145887469171998,[0.9518541],[0.04388435],[0.04388435]
1711145887469974689,[0.98568029],[0.023933],[0.023933]
1711145887471930749,[0.98050972],[0.02792152],[0.02792152]
1711145887474445713,[0.96779092],[0.03589378],[0.03589378]
1711145887630347817,0,[0.25907898],[0.25907898]
1711145887632614296,[0.98056346],[0.027883],[0.027883]
1711145887634900722,[0.97462223],[0.0318608],[0.0318608]
1711145887635944344,[0.98057575],[0.02787418],[0.02787418]
1711145887637887698,[0.96037341],[0.03981286],[0.03981286]
1711145887639849508,[0.98059119],[0.0278631],[0.0278631]
1711145887642082614,[0.98059588],[0.02785973],[0.02785973]
1711145887645357532,[0.960418],[0.03979045],[0.03979045]
1711145887964610161,0,[0.69443187],[0.69443187]
1711145887966745204,[0.98083116],[0.02769031],[0.02769031]
1711145887968912437,[0.96832736],[0.03559362],[0.03559362]
1711145887971657441,[0.97499014],[0.03162901],[0.03162901]
1711145887974008147,[0.98086315],[0.0276672],[0.0276672]
1711145887976883697,[0.96838567],[0.03556084],[0.03556084]
1711145887979509368,[0.96840813],[0.0355482],[0.0355482]
1711145887983021070,[0.98089645],[0.02764312],[0.02764312]
1711145887985492051,[0.98090945],[0.02763371],[0.02763371]
1711145887987907408,[0.96845491],[0.03552187],[0.03552187]
1711145887990328263,[0.98093126],[0.02761792],[0.02761792]
1711145887994524999,[0.97510252],[0.03155787],[0.03155787]
1711145887997056954,[0.94402543],[0.04731789],[0.04731789]
1711145887998148105,[0.99028694],[0.01971097],[0.01971097]
1711145888302664729,0,[1.03568411],[1.03568411]
1711145888304172218,[0.94337002],[0.04759411],[0.04759411]
1711145888305704374,[0.98067488],[0.02780297],[0.02780297]
1711145888306384716,[0.99011633],[0.01988333],[0.01988333]
1711145888307988906,[0.96034927],[0.03982498],[0.03982498]
1711145888310298476,[0.98050166],[0.02792729],[0.02792729]
1711145888313060572,[0.96764701],[0.03597387],[0.03597387]
1711145888470284563,0,[0.48441749],[0.48441749]
1711145888472850698,[0.97233303],[0.03326678],[0.03326678]
1711145888473750992,[0.97869776],[0.02919057],[0.02919057]
1711145888478096891,[0.94704827],[0.04602249],[0.04602249]
1711145888482796959,[0.98899145],[0.02098433],[0.02098433]
1711145888485244899,[0.9716797],[0.03365728],[0.03365728]
1711145888488069556,[0.9554362],[0.04222028],[0.04222028]
1711145888491575202,[0.97801856],[0.02965228],[0.02965228]
1711145888650901821,0,[0.55777827],[0.55777827]
1711145888653861145,[0.975349],[0.03140127],[0.03140127]
1711145888656305719,[0.94931142],[0.04502825],[0.04502825]
1711145888657517797,[0.98162185],[0.02711321],[0.02711321]
1711145888660176098,[0.95837191],[0.04080592],[0.04080592]
1711145888664430287,[0.96685914],[0.03640926],[0.03640926]
1711145888668247978,[0.97445571],[0.03196516],[0.03196516]
1711145888830323537,0,[0.22190824],[0.22190824]
1711145888831986093,[0.9649245],[0.03745691],[0.03745691]
1711145888835475266,[0.95526275],[0.04230236],[0.04230236]
1711145888836912492,[0.96437553],[0.03774889],[0.03774889]
1711145888839776745,[0.96411411],[0.03788714],[0.03788714]
1711145888998545343,0,[0.66554979],[0.66554979]
1711145889001854045,[0.95915539],[0.0404201],[0.0404201]
1711145889004841422,[0.96852122],[0.03548452],[0.03548452]
1711145889006403857,[0.95861493],[0.04068664],[0.04068664]
1711145889009486606,[0.94724773],[0.04593572],[0.04593572]
1711145889013100973,[0.96786425],[0.03585289],[0.03585289]
1711145889015959284,[0.95775818],[0.04110563],[0.04110563]
1711145889018745749,[0.94615079],[0.04641086],[0.04641086]
1711145889192252335,0,[0.67362213],[0.67362213]
1711145889195052746,[0.93988161],[0.0490381],[0.0490381]
1711145889197759519,[0.95218954],[0.0437312],[0.0437312]
1711145889199187828,[0.93910235],[0.0493549],[0.0493549]
1711145889203510512,[0.96293453],[0.03850479],[0.03850479]
1711145889206826826,[0.95131407],[0.04412977],[0.04412977]
1711145889210092072,[0.93799085],[0.04980327],[0.04980327]
1711145889397483201,0,[0.66824622],[0.66824622]
1711145889400724318,[0.93209288],[0.05211799],[0.05211799]
1711145889403142308,[0.94602876],[0.04646342],[0.04646342]
1711145889406825670,[0.78235386],[0.09330512],[0.09330512]
1711145889408329142,[0.99914469],[0.00584915],[0.00584915]
1711145889410482074,[0.95798935],[0.040993],[0.040993]
1711145889579837071,0,[0.71154842],[0.71154842]
1711145889583227841,[0.90686495],[0.06103607],[0.06103607]
1711145889585877345,[0.95412351],[0.04283759],[0.04283759]
1711145889588069920,[0.92378663],[0.05521354],[0.05521354]
1711145889590315535,[0.96597113],[0.03689383],[0.03689383]
1711145889591449765,[0.93924242],[0.04929811],[0.04929811]
1711145889593839253,[0.90454393],[0.06179193],[0.06179193]
1711145889596588577,[0.95298505],[0.04336586],[0.04336586]
1711145889833986097,0,[1.27051518],[1.27051518]
1711145889836663615,[0.91254538],[0.05914545],[0.05914545]
1711145889839828871,[0.91212195],[0.05928847],[0.05928847]
1711145889842342857,[0.94661271],[0.04621138],[0.04621138]
1711145889845870573,[0.89055474],[0.06616502],[0.06616502]
1711145889848548731,[0.96043328],[0.03978277],[0.03978277]
1711145889851454433,[0.92940052],[0.05314113],[0.05314113]
1711145889855409103,[0.88916978],[0.06658235],[0.06658235]
1711145889858505337,[0.94545306],[0.04671057],[0.04671057]
1711145889861557198,[0.92847939],[0.05348668],[0.05348668]
1711145890034252409,[0.81011885],[0.08715071],[0.08715071]
1711145890037061617,[0.99548847],[0.01343358],[0.01343358]
1711145890040570667,[0.94460885],[0.04707065],[0.04707065]
1711145890043029018,[0.92737573],[0.05389778],[0.05389778]
1711145890046180508,[0.9270818],[0.05400674],[0.05400674]
1711145890048697330,[0.92678584],[0.05411623],[0.05411623]
1711145890050574850,[0.92649215],[0.05422466],[0.05422466]
1711145890053831710,[0.90657163],[0.06113211],[0.06113211]
1711145890057157351,[0.94325913],[0.04764069],[0.04764069]
1711145890060281960,[0.90582793],[0.06137494],[0.06137494]
1711145890220667043,0,[0.7750587],[0.7750587]
1711145890222637043,[0.92117774],[0.0561506],[0.0561506]
1711145890224987438,[0.89984693],[0.06329394],[0.06329394]
1711145890226806011,[0.75637722],[0.09871632],[0.09871632]
1711145890228027597,[0.99875306],[0.00706241],[0.00706241]
1711145890230134428,[0.92001137],[0.05656452],[0.05656452]
1711145890232787605,[0.91971934],[0.05666769],[0.05666769]
1711145890234625981,[0.91945583],[0.05676061],[0.05676061]
1711145890237777051,[0.8977047],[0.06396727],[0.06396727]
1711145890407757478,0,[0.90933065],[0.90933065]
1711145890411844339,[0.89141601],[0.06590417],[0.06590417]
1711145890413618847,[0.91388598],[0.05869038],[0.05869038]
1711145890417573447,[0.89060823],[0.06614885],[0.06614885]
1711145890421016892,[0.93361628],[0.05153008],[0.05153008]
1711145890424680926,[0.93340325],[0.05161269],[0.05161269]
1711145890428636160,[0.86362092],[0.07385908],[0.07385908]
1711145890429556913,[0.93294524],[0.05178987],[0.05178987]
1711145890588741037,0,[1.05159198],[1.05159198]
1711145890591569092,[0.97677098],[0.03048214],[0.03048214]
1711145890594092055,[0.88209016],[0.068676],[0.068676]
1711145890595306798,[0.92846303],[0.05349279],[0.05349279]
1711145890609771690,[0.9062769],[0.06122846],[0.06122846]
1711145890612854795,[0.90598314],[0.06132434],[0.06132434]
1711145890615015091,[0.90568936],[0.06142007],[0.06142007]
1711145890617601745,[0.88023167],[0.06921512],[0.06921512]
1711145890787639285,0,[1.29807302],[1.29807302]
1711145890790284279,[0.87208658],[0.07152997],[0.07152997]
1711145890792849328,[0.92237679],[0.05572188],[0.05572188]
1711145890797251535,[0.87133587],[0.07173957],[0.07173957]
1711145890800623958,[0.89801468],[0.06387028],[0.06387028]
1711145890803300697,[0.89771778],[0.06396318],[0.06396318]
1711145890805570460,[0.92146748],[0.05604731],[0.05604731]
1711145890807413985,[0.86983175],[0.07215768],[0.07215768]
1711145890809529725,[0.92101182],[0.05620967],[0.05620967]
1711145890811134364,[0.68288652],[0.11262566],[0.11262566]
1711145890813620056,[0.95942017],[0.04028887],[0.04028887]
1711145890814842023,[0.89585595],[0.06454272],[0.06454272]
1711145890817099273,[0.94127196],[0.04846774],[0.04846774]
1711145890977803871,[0.89533321],[0.0647045],[0.0647045]
1711145890980503319,[0.91964092],[0.05669535],[0.05669535]
1711145890982508882,[0.86681151],[0.07299],[0.07299]
1711145890984492222,[0.91918366],[0.05685643],[0.05685643]
1711145890987709963,[0.83459155],[0.08134088],[0.08134088]
1711145890990318111,[0.9187159],[0.05702073],[0.05702073]
1711145890995416065,[0.91849644],[0.05709766],[0.05709766]
1711145891170428225,0,[0.59959044],[0.59959044]
1711145891174403613,[0.91619805],[0.05789713],[0.05789713]
1711145891177836269,[0.89026969],[0.06625113],[0.06625113]
1711145891180451627,[0.86072329],[0.07463959],[0.07463959]
1711145891183051927,[0.82748134],[0.08307073],[0.08307073]
1711145891184642803,[0.91521507],[0.0582357],[0.0582357]
1711145891187715237,[0.9150214],[0.05830218],[0.05830218]
1711145891345200946,0,[1.08693492],[1.08693492]
1711145891347452735,[0.91103197],[0.05965502],[0.05965502]
1711145891348339696,[0.88350001],[0.06826419],[0.06826419]
1711145891351116821,[0.88319005],[0.06835494],[0.06835494]
1711145891353885140,[0.88287974],[0.06844568],[0.06844568]
1711145891356307001,[0.88256904],[0.0685364],[0.0685364]
1711145891612614727,0,[1.68092162],[1.68092162]
1711145891615701208,[0.92950322],[0.05310246],[0.05310246]
1711145891619123836,[0.84100745],[0.07974774],[0.07974774]
1711145891620895204,[0.84053542],[0.07986603],[0.07986603]
1711145891624696689,[0.90329617],[0.06219448],[0.06219448]
1711145891628367017,[0.87338326],[0.07116649],[0.07116649]
1711145891631740196,[0.87305974],[0.07125735],[0.07125735]
1711145891812328816,0,[1.64604815],[1.64604815]
1711145891814674603,[0.99797726],[0.00899498],[0.00899498]
1711145891816517176,[0.87031766],[0.07202287],[0.07202287]
1711145891818680498,[0.90047852],[0.06309405],[0.06309405]
1711145891820658298,[0.83508847],[0.0812186],[0.0812186]
1711145891822864139,[0.86934443],[0.07229262],[0.07229262]
1711145891824912863,[0.869238],[0.07232206],[0.07232206]
1711145891827824130,[0.79589883],[0.09035511],[0.09035511]
1711145891830109784,[0.94901881],[0.04515803],[0.04515803]
1711145891832249911,[0.8349852],[0.08124403],[0.08124403]
1711145891834468638,[0.90027663],[0.06315801],[0.06315801]
1711145891836723853,[0.86988295],[0.07214348],[0.07214348]
1711145891839476001,[0.83550964],[0.08111482],[0.08111482]
1711145891843256533,[0.870174],[0.07206275],[0.07206275]
1711145891844779230,[0.87031044],[0.07202487],[0.07202487]
1711145891847461752,[0.83604028],[0.08098388],[0.08098388]
1711145892048736776,[0.90092463],[0.06295248],[0.06295248]
1711145892051834900,[0.87071806],[0.0719116],[0.0719116]
1711145892055037761,[0.87085304],[0.07187405],[0.07187405]
1711145892056892442,[0.87096596],[0.07184262],[0.07184262]
1711145892062193692,[0.87078633],[0.07189261],[0.07189261]
1711145892065986844,[0.87046629],[0.07198158],[0.07198158]
1711145892069353477,[0.83562361],[0.08108672],[0.08108672]
1711145892233111774,0,[1.13632464],[1.13632464]
1711145892235618697,[0.83639928],[0.08089517],[0.08089517]
1711145892237988340,[0.87041088],[0.07199698],[0.07199698]
1711145892240205313,[0.90055314],[0.06307039],[0.06307039]
1711145892242549837,[0.79652661],[0.09021605],[0.09021605]
1711145892245315359,[0.83470652],[0.0813126],[0.0813126]
1711145892248906205,[0.7956695],[0.09040586],[0.09040586]
1711145892430516673,0,[1.0451643],[1.0451643]
1711145892433494451,[0.86998838],[0.07211425],[0.07211425]
1711145892434999304,[0.90053983],[0.06307461],[0.06307461]
1711145892438910182,[0.87021258],[0.07205204],[0.07205204]
1711145892440607243,[0.87034073],[0.07201646],[0.07201646]
1711145892444538486,[0.87047226],[0.07197993],[0.07197993]
1711145892446690125,[0.83624743],[0.08093271],[0.08093271]
1711145892602472605,0,[1.15422081],[1.15422081]
1711145892604611972,[0.90044488],[0.06310471],[0.06310471]
1711145892606872187,[0.83560407],[0.08109154],[0.08109154]
1711145892608074516,[0.83577835],[0.08104854],[0.08104854]
1711145892786454313,0,[1.93815874],[1.93815874]
1711145892788901346,[0.87072415],[0.0719099],[0.0719099]
1711145892791903087,[0.9008489],[0.06297654],[0.06297654]
1711145892794981433,[0.83574131],[0.08105768],[0.08105768]
1711145892798067233,[0.86992246],[0.07213253],[0.07213253]
1711145892800719833,[0.86995471],[0.07212359],[0.07212359]
1711145892803110048,[0.87007016],[0.07209156],[0.07209156]
1711145892805756004,[0.87019126],[0.07205796],[0.07205796]
1711145892808125747,[0.90070294],[0.06302287],[0.06302287]
1711145892811215976,[0.83602857],[0.08098677],[0.08098677]
1711145892812809036,[0.87053964],[0.0719612],[0.0719612]
1711145892815526788,[0.83587074],[0.08102574],[0.08102574]
1711145892970163795,[0.90049769],[0.06308797],[0.06308797]
1711145892973471753,[0.8697599],[0.07217759],[0.07217759]
1711145892976130023,[0.79598263],[0.09033656],[0.09033656]
1711145892979151341,[0.89978468],[0.06331361],[0.06331361]
1711145892981012282,[0.89973272],[0.06333002],[0.06333002]
1711145892983570970,[0.86914476],[0.07234784],[0.07234784]
1711145893158754540,0,[0.71256227],[0.71256227]
1711145893162425601,[0.83614546],[0.0809579],[0.0809579]
1711145893166493683,[0.90096878],[0.06293845],[0.06293845]
1711145893168212893,[0.8707541],[0.07190157],[0.07190157]
1711145893171914847,[0.87060178],[0.07194393],[0.07194393]
1711145893174997181,[0.83585263],[0.08103021],[0.08103021]
1711145893178480955,[0.86999854],[0.07211143],[0.07211143]
1711145893420245021,0,[1.79597279],[1.79597279]
1711145893422522429,[0.83514864],[0.08120378],[0.08120378]
1711145893424701009,[0.79669729],[0.0901782],[0.0901782]
1711145893425810813,[0.94921681],[0.04507025],[0.04507025]
1711145893428033457,[0.83561774],[0.08108816],[0.08108816]
1711145893429205449,[0.87024998],[0.07204166],[0.07204166]
1711145893607311591,0,[1.15452233],[1.15452233]
1711145893608497489,[0.87015575],[0.07206782],[0.07206782]
1711145893612060513,[0.87028233],[0.07203268],[0.07203268]
1711145893615550219,[0.87040876],[0.07199757],[0.07199757]
1711145893618745828,[0.8705327],[0.07196313],[0.07196313]
1711145893620669621,[0.87058294],[0.07194917],[0.07194917]
1711145893623755040,[0.90074694],[0.06300891],[0.06300891]
1711145893626613920,[0.87012938],[0.07207513],[0.07207513]
1711145893785509277,0,[1.09176412],[1.09176412]
1711145893788591974,[0.90091506],[0.06295552],[0.06295552]
1711145893793435212,[0.83632138],[0.08091443],[0.08091443]
1711145893795124595,[0.87047213],[0.07197996],[0.07197996]
1711145893798185397,[0.79717638],[0.09007189],[0.09007189]
1711145893805033306,[0.94919944],[0.04507796],[0.04507796]
1711145893978435676,0,[1.08073239],[1.08073239]
1711145893981755700,[0.83482373],[0.08128377],[0.08128377]
1711145893984367181,[0.86961244],[0.07221844],[0.07221844]
1711145893985756284,[0.90025616],[0.0631645],[0.0631645]
1711145893987757828,[0.83528914],[0.08116917],[0.08116917]
1711145893991796174,[0.90045056],[0.06310291],[0.06310291]
1711145894188566634,0,[1.08935507],[1.08935507]
1711145894189712336,[0.90092187],[0.06295336],[0.06295336]
1711145894191972781,[0.8360189],[0.08098916],[0.08098916]
1711145894193760189,[0.87019184],[0.0720578],[0.0720578]
1711145894195983795,[0.83540311],[0.08114108],[0.08114108]
1711145894198046175,[0.86971204],[0.07219085],[0.07219085]
1711145894200399035,[0.75334755],[0.09932823],[0.09932823]
1711145894375185440,0,[1.11694216],[1.11694216]
1711145894378559647,[0.8699463],[0.07212592],[0.07212592]
1711145894382573945,[0.87006589],[0.07209275],[0.07209275]
1711145894383820629,[0.87019027],[0.07205824],[0.07205824]
1711145894386288688,[0.87031672],[0.07202313],[0.07202313]
1711145894389223892,[0.87044271],[0.07198814],[0.07198814]
1711145894391990297,[0.870568],[0.07195332],[0.07195332]
1711145894395101716,[0.87069314],[0.07191853],[0.07191853]
1711145894396028292,[0.90108554],[0.06290134],[0.06290134]
1711145894584939639,0,[0.96304716],[0.96304716]
1711145894587706672,[0.92702529],[0.05402766],[0.05402766]
1711145894588735453,[0.87009961],[0.07208339],[0.07208339]
1711145894591931422,[0.70717347],[0.1082269],[0.1082269]
1711145894593475389,[0.98167923],[0.02707085],[0.02707085]
1711145894840289015,0,[1.67517922],[1.67517922]
1711145894842516568,[0.79804173],[0.08987953],[0.08987953]
1711145894844978015,[0.96770719],[0.0359404],[0.0359404]
1711145894846962777,[0.87072644],[0.07190927],[0.07190927]
1711145894848247473,[0.8361523],[0.08095621],[0.08095621]
1711145894850550048,[0.90073928],[0.06301134],[0.06301134]
1711145894853281877,[0.83570153],[0.08106749],[0.08106749]
1711145894855921592,[0.90046394],[0.06309867],[0.06309867]
1711145894858704798,[0.86983223],[0.07215754],[0.07215754]
1711145894862147738,[0.83508445],[0.08121959],[0.08121959]
1711145894866241448,[0.86978056],[0.07217186],[0.07217186]
1711145894869565699,[0.83534598],[0.08115516],[0.08115516]
1711145894871397582,[0.87003682],[0.07210081],[0.07210081]
1711145894874483243,[0.90059069],[0.06305848],[0.06305848]
1711145895287606801,0,[1.9456563],[1.9456563]
1711145895289815769,[0.87022834],[0.07204767],[0.07204767]
1711145895292469680,[0.79745214],[0.09001063],[0.09001063]
1711145895293603128,[0.92715267],[0.05398049],[0.05398049]
1711145895296806090,[0.90092093],[0.06295366],[0.06295366]
1711145895300001538,[0.83638446],[0.08089884],[0.08089884]
1711145895493619692,0,[1.36694671],[1.36694671]
1711145895497023252,[0.87054218],[0.07196049],[0.07196049]
1711145895498487979,[0.83595682],[0.08100449],[0.08100449]
1711145895512634453,[0.90066357],[0.06303536],[0.06303536]
1711145895515186281,[0.87011676],[0.07207863],[0.07207863]
1711145895518156342,[0.75411996],[0.09917259],[0.09917259]
1711145895521039949,[0.9267646],[0.05412408],[0.05412408]
1711145895523644526,[0.83511274],[0.08121263],[0.08121263]
1711145895688473522,0,[0.70220147],[0.70220147]
1711145895691483264,[0.83657716],[0.08085118],[0.08085118]
1711145895694115077,[0.90124083],[0.06285194],[0.06285194]
1711145895697775195,[0.79865365],[0.08974327],[0.08974327]
1711145895698905318,[0.92758778],[0.05381904],[0.05381904]
1711145895701256505,[0.90152061],[0.06276285],[0.06276285]
1711145895884208553,0,[1.01707171],[1.01707171]
1711145895886626316,[0.90367623],[0.06207214],[0.06207214]
1711145895889173104,[0.84107827],[0.07972998],[0.07972998]
1711145895892478942,[0.90405984],[0.06194842],[0.06194842]
1711145895893952051,[0.90422279],[0.06189579],[0.06189579]
1711145895896327184,[0.84202398],[0.07949239],[0.07949239]
1711145895898807714,[0.87546574],[0.07057882],[0.07057882]
1711145895901596952,[0.87574035],[0.07050097],[0.07050097]
1711145896069232210,0,[1.11433402],[1.11433402]
1711145896072536274,[0.90991117],[0.0600296],[0.0600296]
1711145896075689362,[0.88280475],[0.06846758],[0.06846758]
1711145896078496534,[0.77949909],[0.09391505],[0.09391505]
1711145896080922065,[0.9111506],[0.05961523],[0.05961523]
1711145896082132379,[0.91158036],[0.05947088],[0.05947088]
1711145896084705732,[0.88504415],[0.06781028],[0.06781028]
1711145896315074133,0,[1.64026646],[1.64026646]
1711145896319470427,[0.9254103],[0.05462223],[0.05462223]
1711145896321248668,[0.92591943],[0.05443549],[0.05443549]
1711145896324525782,[0.9039525],[0.06198306],[0.06198306]
1711145896329445959,[0.90470914],[0.06173844],[0.06173844]
1711145896333771778,[0.90546984],[0.06149151],[0.06149151]
1711145896337381422,[0.82298101],[0.08414725],[0.08414725]
1711145896510541877,0,[0.9225169],[0.9225169]
1711145896513623710,[0.91902395],[0.05691258],[0.05691258]
1711145896516213169,[0.91975212],[0.05665611],[0.05665611]
1711145896518507699,[0.92047607],[0.05639997],[0.05639997]
1711145896519586815,[0.90031915],[0.06314455],[0.06314455]
1711145896770704964,0,[1.75521036],[1.75521036]
1711145896774632259,[0.91079869],[0.05973318],[0.05973318]
1711145896780431743,[0.96817107],[0.03568133],[0.03568133]
1711145896948432486,[0.91235983],[0.05920816],[0.05920816]
1711145896950484176,[0.94446471],[0.04713185],[0.04713185]
1711145896953281840,[0.95783133],[0.04107002],[0.04107002]
1711145896955688452,[0.93090169],[0.05257312],[0.05257312]
1711145896958095576,[0.94591292],[0.04651326],[0.04651326]
1711145896961759352,[0.93218325],[0.0520833],[0.0520833]
1711145896964357407,[0.97010534],[0.03458015],[0.03458015]
1711145896966904867,[0.94725375],[0.04593311],[0.04593311]
1711145896970143266,[0.93383985],[0.05144323],[0.05144323]
1711145896972735901,[0.93446658],[0.05119899],[0.05119899]
1711145896974011830,[0.97992343],[0.02833836],[0.02833836]
1711145896976322120,[0.93542987],[0.05082131],[0.05082131]
1711145896978877265,[0.96126594],[0.03936194],[0.03936194]
1711145896981134043,[0.92164376],[0.05598437],[0.05598437]
1711145897172493597,0,[0.38400797],[0.38400797]
1711145897175575940,[0.94142845],[0.04840312],[0.04840312]
1711145897178760297,[0.95410372],[0.04284684],[0.04284684]
1711145897180225675,[0.95445833],[0.04268099],[0.04268099]
1711145897182963806,[0.94283532],[0.04781827],[0.04781827]
1711145897187054649,[0.97477564],[0.03176436],[0.03176436]
1711145897189265421,[0.95545597],[0.04221091],[0.04221091]
1711145897355117244,0,[0.62952612],[0.62952612]
1711145897358354372,[0.97774024],[0.02983941],[0.02983941]
1711145897362020963,[0.9606609],[0.03966817],[0.03966817]
1711145897364680164,[0.96092476],[0.03953492],[0.03953492]
1711145897367285203,[0.89772469],[0.06396102],[0.06396102]
1711145897368660099,[0.99459022],[0.01471024],[0.01471024]
1711145897371217497,[0.96170291],[0.03913929],[0.03913929]
1711145897552388815,0,[0.60973419],[0.60973419]
1711145897555694722,[0.96550619],[0.03714502],[0.03714502]
1711145897557099746,[0.96570607],[0.03703724],[0.03703724]
1711145897559233651,[0.96590352],[0.03693046],[0.03693046]
1711145897563556466,[0.96609347],[0.03682745],[0.03682745]
1711145897566289170,[0.96628453],[0.03672355],[0.03672355]
1711145897568590423,[0.96648329],[0.03661514],[0.03661514]
1711145897733160714,0,[0.568048],[0.568048]
1711145897736153407,[0.95214459],[0.04375176],[0.04375176]
1711145897739458122,[0.97667389],[0.03054577],[0.03054577]
1711145897743282933,[0.97677462],[0.03047975],[0.03047975]
1711145897746185346,[0.969805],[0.03475342],[0.03475342]
1711145897747563318,[0.96198066],[0.0389971],[0.0389971]
1711145897750215967,[0.97011101],[0.03457686],[0.03457686]
1711145897929404194,0,[0.4423251],[0.4423251]
1711145897930213428,[0.9784901],[0.02933251],[0.02933251]
1711145897932806945,[0.97201409],[0.03345798],[0.03345798]
1711145897935031864,[0.97212847],[0.03338953],[0.03338953]
1711145897937218600,[0.97224172],[0.03332163],[0.03332163]
1711145897939827531,[0.95682416],[0.04155759],[0.04155759]
1711145897942224535,[0.97893238],[0.02902938],[0.02902938]
1711145897943389824,[0.97258339],[0.03311592],[0.03311592]
1711145898201647661,0,[0.80808563],[0.80808563]
1711145898204339945,[0.98054826],[0.0278939],[0.0278939]
1711145898205958253,[0.9677855],[0.0358968],[0.0358968]
1711145898209122712,[0.97450035],[0.03193722],[0.03193722]
1711145898212842516,[0.9804463],[0.02796691],[0.02796691]
1711145898214951695,[0.97442156],[0.03198652],[0.03198652]
1711145898420939756,0,[0.57464483],[0.57464483]
1711145898424824760,[0.97452445],[0.03192212],[0.03192212]
1711145898426155202,[0.96771889],[0.03593389],[0.03593389]
1711145898431967071,[0.94252865],[0.04794637],[0.04794637]
1711145898434948263,[0.99640448],[0.01199253],[0.01199253]
1711145898438737447,[0.97441364],[0.03199148],[0.03199148]
1711145898638396675,0,[0.57898422],[0.57898422]
1711145898641056095,[0.98045456],[0.027961],[0.027961]
1711145898643652574,[0.96766989],[0.03596115],[0.03596115]
1711145898646086976,[0.97443788],[0.03197632],[0.03197632]
