Time Step,Health Status,dm,dmdt
1711148949651773996,[1.],[0.],[0.]
1711148949652856887,[1.],[0.],[0.]
1711148949654875028,[1.],[0.],[0.]
1711148949655439212,[0.99999997],[3.66282588e-05],[3.66282588e-05]
1711148949656659354,[0.99999984],[7.88707136e-05],[7.88707136e-05]
1711148949657686129,[0.99999982],[8.45084667e-05],[8.45084667e-05]
1711148949714720488,[0.99999923],[0.00017526],[0.00017526]
1711148949716434046,[0.99999922],[0.00017675],[0.00017675]
1711148949718169068,[0.99999794],[0.00028722],[0.00028722]
1711148949719564474,[0.99999759],[0.00031045],[0.00031045]
1711148949720848387,[0.99999754],[0.00031371],[0.00031371]
1711148949722247460,[0.99999576],[0.00041166],[0.00041166]
1711148949723046110,[0.99999337],[0.00051497],[0.00051497]
1711148949724389276,[0.99999535],[0.00043126],[0.00043126]
1711148949725720680,[0.99999289],[0.0005334],[0.0005334]
1711148949892119562,[0.99999174],[0.00057474],[0.00057474]
1711148949893852439,[0.99998773],[0.00070067],[0.00070067]
1711148949895760265,[0.99998879],[0.00066965],[0.00066965]
1711148949899188751,[0.99998369],[0.00080761],[0.00080761]
1711148949901570885,[0.99998865],[0.0006739],[0.0006739]
1711148949903541054,[0.9999789],[0.00091878],[0.00091878]
1711148949905798431,[0.99998099],[0.00087197],[0.00087197]
1711148949906823232,[0.99998354],[0.00081146],[0.00081146]
1711148950047645621,[0.99997629],[0.00097387],[0.00097387]
1711148950053218733,[0.9999735],[0.00102961],[0.00102961]
1711148950055613496,[0.99997034],[0.00108919],[0.00108919]
1711148950057206698,[0.99997514],[0.00099712],[0.00099712]
1711148950057911740,[0.99995422],[0.00135317],[0.00135317]
1711148950060108381,[0.99995984],[0.00126747],[0.00126747]
1711148950061837392,[0.99996646],[0.00115824],[0.00115824]
1711148950173007887,[0.99993842],[0.00156942],[0.00156942]
1711148950175160204,[0.99993231],[0.00164547],[0.00164547]
1711148950176531444,[0.99995451],[0.00134899],[0.00134899]
1711148950179191341,[0.99995122],[0.00139683],[0.00139683]
1711148950181920010,[0.99993078],[0.00166397],[0.00166397]
1711148950185767968,[0.99992469],[0.00173559],[0.00173559]
1711148950188291591,[0.99984254],[0.00250968],[0.00250968]
1711148950189377287,[0.99993036],[0.00166903],[0.00166903]
1711148950319842908,[0.9999257],[0.00172394],[0.00172394]
1711148950321374493,[0.99986761],[0.00230118],[0.00230118]
1711148950322711648,[0.99991352],[0.00185985],[0.00185985]
1711148950323987726,[0.99987971],[0.00219357],[0.00219357]
1711148950324601134,[0.99987103],[0.00227131],[0.00227131]
1711148950325860941,[0.99986189],[0.00235037],[0.00235037]
1711148950327071315,[0.99981326],[0.00273304],[0.00273304]
1711148950328290054,[0.99987885],[0.00220135],[0.00220135]
1711148950434028002,[0.99978716],[0.00291778],[0.00291778]
1711148950435187889,[0.99986325],[0.00233878],[0.00233878]
1711148950437568246,[0.99985612],[0.00239902],[0.00239902]
1711148950440815784,[0.99980102],[0.00282123],[0.00282123]
1711148950444918794,[0.99978921],[0.00290371],[0.00290371]
1711148950447339798,[0.99971492],[0.00337688],[0.00337688]
1711148950448245592,[0.9997636],[0.00307507],[0.00307507]
1711148950449813794,[0.99980903],[0.00276385],[0.00276385]
1711148950570717799,[0.99966619],[0.0036541],[0.0036541]
1711148950573261879,[0.99978788],[0.00291289],[0.00291289]
1711148950575122761,[0.99970901],[0.00341169],[0.00341169]
1711148950576101103,[0.99961132],[0.00394298],[0.00394298]
1711148950578009025,[0.99967694],[0.00359479],[0.00359479]
1711148950583520990,[0.99966099],[0.00368243],[0.00368243]
1711148950585732209,[0.99972895],[0.00329273],[0.00329273]
1711148950587575477,[0.99952963],[0.0043376],[0.0043376]
1711148950588441395,[0.99950525],[0.0044486],[0.0044486]
1711148950720282064,[0.99968632],[0.0035422],[0.0035422]
1711148950722587587,[0.99967424],[0.00360978],[0.00360978]
1711148950724813658,[0.99943556],[0.0047516],[0.0047516]
1711148950727442292,[0.99953271],[0.00432338],[0.00432338]
1711148950728439751,[0.99937943],[0.00498227],[0.00498227]
1711148950730791773,[0.99960665],[0.00396662],[0.00396662]
1711148950733254948,[0.99946365],[0.00463183],[0.00463183]
1711148950735677385,[0.99957044],[0.00414517],[0.00414517]
1711148950882377599,[0.99941208],[0.00484942],[0.00484942]
1711148950883690026,[0.99902669],[0.00623958],[0.00623958]
1711148950885489073,[0.99963141],[0.00383975],[0.00383975]
1711148950887273338,[0.99931353],[0.00524012],[0.00524012]
1711148950889063855,[0.9992768],[0.00537847],[0.00537847]
1711148950890203577,[0.99923795],[0.00552106],[0.00552106]
1711148950892936709,[0.99919624],[0.00567013],[0.00567013]
1711148950895142281,[0.99915299],[0.00582069],[0.00582069]
1711148951045379588,[0.90941516],[0.06019463],[0.06019463]
1711148951049574665,[0.99896324],[0.00643975],[0.00643975]
1711148951059203353,[0.99820833],[0.00846562],[0.00846562]
1711148951061977002,[0.99887894],[0.00669645],[0.00669645]
1711148951065426469,[0.9984888],[0.00777482],[0.00777482]
1711148951067058059,[0.99842808],[0.0079295],[0.0079295]
1711148951069959754,[0.99836353],[0.00809066],[0.00809066]
1711148951074792769,[0.99784378],[0.00928702],[0.00928702]
1711148951239313007,[0.36231296],[0.15971062],[0.15971062]
1711148951240684615,[0.99641649],[0.01197249],[0.01197249]
1711148951243091954,[0.99777438],[0.0094353],[0.0094353]
1711148951244994235,[0.99624999],[0.01224746],[0.01224746]
1711148951247241440,[0.99697164],[0.01100611],[0.01100611]
1711148951248556537,[0.99763378],[0.00972876],[0.00972876]
1711148951250667418,[0.99683908],[0.01124441],[0.01124441]
1711148951252627019,[0.99675926],[0.01138549],[0.01138549]
1711148951388677285,0,[0.22379982],[0.22379982]
1711148951389964279,[0.99426472],[0.01514632],[0.01514632]
1711148951392311060,[0.99539517],[0.01357178],[0.01357178]
1711148951394739428,[0.99269589],[0.01709281],[0.01709281]
1711148951397452308,[0.99814632],[0.00861088],[0.00861088]
1711148951400573993,[0.9951995],[0.01385713],[0.01385713]
1711148951402076549,[0.99383209],[0.01570721],[0.01570721]
1711148951643995072,[0.09632052],[0.19012412],[0.19012412]
1711148951646518113,[0.99554965],[0.01334218],[0.01334218]
1711148951653705712,[0.99412642],[0.01532785],[0.01532785]
1711148951656378188,[0.9865996],[0.02315202],[0.02315202]
1711148951658720941,[0.99660512],[0.01165313],[0.01165313]
1711148951659724311,[0.99658018],[0.01169584],[0.01169584]
1711148951818924747,0,[0.23078617],[0.23078617]
1711148951822656143,[0.99461287],[0.01467942],[0.01467942]
1711148951825071032,[0.99457138],[0.01473583],[0.01473583]
1711148951967121866,0,[0.20981028],[0.20981028]
1711148951969592405,[0.99396882],[0.01553214],[0.01553214]
1711148951971706653,[0.97564053],[0.03121504],[0.03121504]
1711148952153461930,0,[0.32019804],[0.32019804]
1711148952154975674,[0.99100179],[0.01897178],[0.01897178]
1711148952157167119,[0.99307233],[0.01664652],[0.01664652]
1711148952160124654,[0.98848184],[0.02146454],[0.02146454]
1711148952163525196,[0.98266712],[0.02633088],[0.02633088]
1711148952167171578,[0.99481129],[0.01440654],[0.01440654]
1711148952168418745,[0.99073161],[0.0192545],[0.0192545]
1711148952402278459,0,[0.32072176],[0.32072176]
1711148952403635777,[0.99744303],[0.01011329],[0.01011329]
1711148952406602388,[0.98394308],[0.02534318],[0.02534318]
1711148952408681738,[0.99419256],[0.01524132],[0.01524132]
1711148952409670892,[0.98686936],[0.0229178],[0.0229178]
1711148952415608181,[0.98678117],[0.02299463],[0.02299463]
1711148952418096023,[0.99195162],[0.01794255],[0.01794255]
1711148952420620846,[0.98942772],[0.02056432],[0.02056432]
1711148952576993052,[0.11616332],[0.18802518],[0.18802518]
1711148952582861385,[0.99139339],[0.01855437],[0.01855437]
1711148952584152406,[0.98869006],[0.02126964],[0.02126964]
1711148952586277143,[0.98559307],[0.02400578],[0.02400578]
1711148952587813914,[0.98854234],[0.0214081],[0.0214081]
1711148952591686202,[0.98848007],[0.02146619],[0.02146619]
1711148952594358056,[0.98533144],[0.02422277],[0.02422277]
1711148952595236307,[0.9910589],[0.01891148],[0.01891148]
1711148952738363042,0,[0.31628361],[0.31628361]
1711148952741864789,[0.98763968],[0.0222354],[0.0222354]
1711148952744240567,[0.9875882],[0.02228165],[0.02228165]
1711148952745931090,[0.9951328],[0.01395307],[0.01395307]
1711148952748741790,[0.99040188],[0.019594],[0.019594]
1711148952751149779,[0.98731642],[0.02252428],[0.02252428]
1711148952752559442,[0.98706101],[0.02274994],[0.02274994]
1711148952936603069,0,[0.51662624],[0.51662624]
1711148952938919402,[0.98191169],[0.02689856],[0.02689856]
1711148952941067925,[0.98883632],[0.02113166],[0.02113166]
1711148952943347278,[0.98529465],[0.02425312],[0.02425312]
1711148952945021312,[0.95485346],[0.04249543],[0.04249543]
1711148952947343127,[0.99976977],[0.00303464],[0.00303464]
1711148952950038657,[0.97217096],[0.03336408],[0.03336408]
1711148952952921465,[0.99172463],[0.01819381],[0.01819381]
1711148952956102564,[0.98873018],[0.02123188],[0.02123188]
1711148952958953116,[0.97203114],[0.03344779],[0.03344779]
1711148952960708977,[0.99154319],[0.01839219],[0.01839219]
1711148952961923074,[0.98055026],[0.02789247],[0.02789247]
1711148952964062530,[0.99118517],[0.01877746],[0.01877746]
1711148952966280315,[0.97981664],[0.02841363],[0.02841363]
1711148952967557790,[0.98374212],[0.02550128],[0.02550128]
1711148953126909783,[0.98763362],[0.02224084],[0.02224084]
1711148953131203613,[0.98402693],[0.02527692],[0.02527692]
1711148953134129895,[0.98420642],[0.0251345],[0.0251345]
1711148953135713366,[0.98437575],[0.0249994],[0.0249994]
1711148953139214620,[0.97084547],[0.03414939],[0.03414939]
1711148953140177803,[0.98477152],[0.02468075],[0.02468075]
1711148953292808439,0,[0.23655864],[0.23655864]
1711148953293982417,[0.99896091],[0.00644697],[0.00644697]
1711148953300918764,[0.94890778],[0.04520718],[0.04520718]
1711148953303469787,[0.99764231],[0.00971122],[0.00971122]
1711148953304661278,[0.98713041],[0.02268884],[0.02268884]
1711148953307421285,[0.96196107],[0.03900714],[0.03900714]
1711148953310412723,[0.99575257],[0.01303446],[0.01303446]
1711148953314968503,[0.97348458],[0.03256711],[0.03256711]
1711148953316284512,[0.99045947],[0.01953513],[0.01953513]
1711148953465890455,0,[0.42939071],[0.42939071]
1711148953468311058,[0.98161352],[0.02711935],[0.02711935]
1711148953471054074,[0.98148696],[0.02721252],[0.02721252]
1711148953473185053,[0.98573318],[0.02388876],[0.02388876]
1711148953475582261,[0.97627137],[0.0308082],[0.0308082]
1711148953477216856,[0.9855728],[0.02402266],[0.02402266]
1711148953616348164,0,[0.22549063],[0.22549063]
1711148953617158715,[0.97503824],[0.03159858],[0.03159858]
1711148953619339149,[0.96899807],[0.03521473],[0.03521473]
1711148953621569890,[0.99501766],[0.01411713],[0.01411713]
1711148953625415835,[0.97467224],[0.0318294],[0.0318294]
1711148953628747673,[0.97987859],[0.02836999],[0.02836999]
1711148953630203420,[0.96172562],[0.03912768],[0.03912768]
1711148953826064247,0,[0.48738391],[0.48738391]
1711148953831363775,[0.98306948],[0.02602347],[0.02602347]
1711148954135391276,0,[1.06809241],[1.06809241]
1711148954139049278,[0.99352104],[0.01609839],[0.01609839]
1711148954141901309,[0.96709371],[0.03628018],[0.03628018]
1711148954143180157,[0.98007759],[0.02822935],[0.02822935]
1711148954146098302,[0.95082509],[0.04435083],[0.04435083]
1711148954153287694,[0.98537829],[0.02418405],[0.02418405]
1711148954157253724,[0.98537931],[0.02418321],[0.02418321]
1711148954385871036,0,[0.77107905],[0.77107905]
1711148954388161591,[0.96736847],[0.0361284],[0.0361284]
1711148954389405572,[0.9674039],[0.03610878],[0.03610878]
1711148954391566538,[0.97427128],[0.03208035],[0.03208035]
1711148954393721914,[0.98031791],[0.02805858],[0.02805858]
1711148954396896912,[0.98033942],[0.02804324],[0.02804324]
1711148954399963408,[0.97434063],[0.03203709],[0.03203709]
1711148954402717810,[0.97437124],[0.03201797],[0.03201797]
1711148954578055482,[0.07664423],[0.19218281],[0.19218281]
1711148954582666732,[0.95098364],[0.04427928],[0.04427928]
1711148954682176480,[0.98987146],[0.02012813],[0.02012813]
1711148954683894419,[0.9672135],[0.03621408],[0.03621408]
1711148954875448990,0,[0.86619907],[0.86619907]
1711148954878809856,[0.96743396],[0.03609213],[0.03609213]
1711148954880425880,[0.98023645],[0.02811658],[0.02811658]
1711148954884787143,[0.90931949],[0.06022641],[0.06022641]
1711148954886373553,[0.99839044],[0.00802387],[0.00802387]
1711148954888632147,[0.98030071],[0.02807083],[0.02807083]
1711148954890655299,[0.9674782],[0.0360676],[0.0360676]
1711148955078681884,0,[0.52092515],[0.52092515]
1711148955080484504,[0.97318781],[0.03274885],[0.03274885]
1711148955081908540,[0.9848768],[0.02459528],[0.02459528]
1711148955083326453,[0.96587208],[0.03694749],[0.03694749]
1711148955084116235,[0.97929344],[0.02877955],[0.02877955]
1711148955086259691,[0.97287533],[0.03293914],[0.03293914]
1711148955089263970,[0.97917208],[0.02886376],[0.02886376]
1711148955252721930,0,[0.39951156],[0.39951156]
1711148955254437122,[0.96429613],[0.03779094],[0.03779094]
1711148955256247928,[0.97171233],[0.03363788],[0.03363788]
1711148955258323931,[0.9463564],[0.04632218],[0.04632218]
1711148955259930447,[0.98888865],[0.02108208],[0.02108208]
1711148955260756919,[0.96392],[0.03798947],[0.03798947]
1711148955262436955,[0.94593529],[0.04650364],[0.04650364]
1711148955404318452,[0.04646006],[0.19529874],[0.19529874]
1711148955406713486,[0.97774876],[0.0298337],[0.0298337]
1711148955408902381,[0.97770146],[0.02986539],[0.02986539]
1711148955411373319,[0.94480766],[0.0469861],[0.0469861]
1711148955577835073,0,[0.22309315],[0.22309315]
1711148955587901486,[0.97030873],[0.03446231],[0.03446231]
1711148955590849899,[0.95349371],[0.04313063],[0.04313063]
1711148955593037567,[0.97715882],[0.0302266],[0.0302266]
1711148955595276332,[0.97010554],[0.03458003],[0.03458003]
1711148955596522568,[0.9620764],[0.03894797],[0.03894797]
1711148955601560232,[0.97700805],[0.03032619],[0.03032619]
1711148955604144057,[0.9699088],[0.03469363],[0.03469363]
1711148955778205097,0,[0.56068656],[0.56068656]
1711148955782342615,[0.96860559],[0.03543693],[0.03543693]
1711148955784772416,[0.96850785],[0.03549205],[0.03549205]
1711148955788678742,[0.96840938],[0.0355475],[0.0355475]
1711148956234414943,0,[1.58439832],[1.58439832]
1711148956237493246,[0.96908586],[0.03516483],[0.03516483]
1711148956238760131,[0.95936635],[0.04031558],[0.04031558]
1711148956241105660,[0.93602896],[0.05058499],[0.05058499]
1711148956243230197,[0.96843089],[0.03553539],[0.03553539]
1711148956246677698,[0.97667804],[0.03054306],[0.03054306]
1711148956256614569,[0.94719516],[0.04595861],[0.04595861]
1711148956258102727,[0.94679119],[0.04613407],[0.04613407]
1711148956417910365,0,[0.58891497],[0.58891497]
1711148956421603549,[0.97386303],[0.03233386],[0.03233386]
1711148956424933232,[0.95326345],[0.04323727],[0.04323727]
1711148956427936460,[0.95295453],[0.04337994],[0.04337994]
1711148956429330168,[0.95264067],[0.0435244],[0.0435244]
1711148956432983460,[0.95233129],[0.04366633],[0.04366633]
1711148956436744338,[0.93923896],[0.04929951],[0.04929951]
1711148956657062074,0,[0.68617336],[0.68617336]
1711148956661367866,[0.93256054],[0.05193822],[0.05193822]
1711148956666244948,[0.97907223],[0.02893287],[0.02893287]
1711148956667896548,[0.94615663],[0.04640835],[0.04640835]
1711148956670367798,[0.9458241],[0.04655143],[0.04655143]
1711148956837049505,0,[0.71520114],[0.71520114]
1711148956838987986,[0.92464832],[0.05490052],[0.05490052]
1711148956841309319,[0.96634128],[0.03669262],[0.03669262]
1711148956842331195,[0.90597922],[0.06132561],[0.06132561]
1711148956844539693,[0.95366351],[0.04305182],[0.04305182]
1711148956854877871,[0.93916882],[0.04932796],[0.04932796]
1711148957018880096,0,[0.69751154],[0.69751154]
1711148957021498086,[0.89761972],[0.06399384],[0.06399384]
1711148957024903594,[0.93412603],[0.05133185],[0.05133185]
1711148957026779284,[0.9628019],[0.03857362],[0.03857362]
1711148957031822131,[0.89619045],[0.06443898],[0.06443898]
1711148957035491311,[0.93322357],[0.05168227],[0.05168227]
1711148957038366425,[0.94865818],[0.04531747],[0.04531747]
1711148957041971064,[0.94845386],[0.04540755],[0.04540755]
1711148957046795926,[0.93239615],[0.05200148],[0.05200148]
1711148957051252220,[0.93208931],[0.05211936],[0.05211936]
1711148957439842313,0,[1.67262887],[1.67262887]
1711148957442583179,[0.94988826],[0.0447713],[0.0447713]
1711148957443679438,[0.94997432],[0.04473284],[0.04473284]
1711148957447341668,[0.93479422],[0.05107084],[0.05107084]
1711148957450572676,[0.93493646],[0.05101511],[0.05101511]
1711148957457490118,[0.93508301],[0.05095763],[0.05095763]
1711148957682513545,0,[1.20939624],[1.20939624]
1711148957686800551,[0.36367454],[0.15954002],[0.15954002]
1711148957699530169,[1.],[0.],[0.]
1711148957701175889,[0.95422119],[0.04279197],[0.04279197]
1711148957704514373,[0.94040796],[0.04882296],[0.04882296]
1711148957992800880,0,[1.54673814],[1.54673814]
1711148958192106394,[0.96094619],[0.03952407],[0.03952407]
1711148958194690300,[0.94923777],[0.04506095],[0.04506095]
1711148958205601048,[0.92113059],[0.05616739],[0.05616739]
1711148958208601912,[0.94981225],[0.04480524],[0.04480524]
1711148958211007737,[0.96176322],[0.03910845],[0.03910845]
1711148958219419545,[0.93710964],[0.0501559],[0.0501559]
1711148958223209245,[0.96214939],[0.03891047],[0.03891047]
1711148958226352255,[0.95080007],[0.04436212],[0.04436212]
1711148958229318212,[0.95105154],[0.0442486],[0.0442486]
1711148958232220387,[0.95130156],[0.04413544],[0.04413544]
1711148958239773049,[0.9628939],[0.03852589],[0.03852589]
1711148958242839314,[0.93899095],[0.04940002],[0.04940002]
1711148958244097201,[0.93931678],[0.04926793],[0.04926793]
1711148958247168680,[0.96348177],[0.03821949],[0.03821949]
1711148958250123496,[0.96364889],[0.03813194],[0.03813194]
1711148958252650443,[0.95274745],[0.0434753],[0.0434753]
1711148958255336966,[0.9265951],[0.05418668],[0.05418668]
1711148958456918334,0,[0.37977966],[0.37977966]
1711148958458566233,[0.96580499],[0.03698378],[0.03698378]
1711148958462731105,[0.93059087],[0.05269123],[0.05269123]
1711148958533795887,[0.9661674],[0.03678728],[0.03678728]
1711148958536238965,[0.90115847],[0.06287815],[0.06287815]
1711148958539772791,[0.99385102],[0.01568309],[0.01568309]
1711148958725003869,0,[1.018817],[1.018817]
1711148958726113276,[0.97039169],[0.03441413],[0.03441413]
1711148958735990608,[0.9398761],[0.04904035],[0.04904035]
1711148958739396683,[0.95155831],[0.04401895],[0.04401895]
1711148958742274001,[0.985106],[0.02440819],[0.02440819]
1711148958746339339,[0.96201884],[0.03897751],[0.03897751]
1711148958750993415,[0.9521556],[0.04374672],[0.04374672]
1711148959029270715,0,[1.10504515],[1.10504515]
1711148959031915693,[0.92527301],[0.05467248],[0.05467248]
1711148959037851689,[1.],[0.],[0.]
1711148959044062146,[0.95817998],[0.04089989],[0.04089989]
1711148959047500785,[0.96709316],[0.03628049],[0.03628049]
1711148959050758626,[0.97489644],[0.0316882],[0.0316882]
1711148959060438074,[0.95866096],[0.04066401],[0.04066401]
1711148959064058992,[0.96746855],[0.03607296],[0.03607296]
1711148959067269259,[0.96759211],[0.03600438],[0.03600438]
1711148959072614641,[0.96771399],[0.03593661],[0.03593661]
1711148959077306931,[0.93923221],[0.04930225],[0.04930225]
1711148959081419189,[0.98749152],[0.02236826],[0.02236826]
1711148959082816255,[0.96807481],[0.03573524],[0.03573524]
1711148959085569006,[0.9756416],[0.03121436],[0.03121436]
1711148959292432931,0,[0.23033287],[0.23033287]
1711148959293552007,[0.98789416],[0.02200531],[0.02200531]
1711148959295808666,[0.96909291],[0.03516082],[0.03516082]
1711148959298420067,[0.96920063],[0.0350995],[0.0350995]
1711148959300762055,[0.96116275],[0.03941434],[0.03941434]
1711148959301916520,[0.96942663],[0.03497049],[0.03497049]
1711148959304083261,[0.97666797],[0.03054965],[0.03054965]
1711148959306171616,[0.96962342],[0.03485776],[0.03485776]
1711148959514315109,0,[0.65139638],[0.65139638]
1711148959517251460,[0.94617767],[0.04639928],[0.04639928]
1711148959519871980,[0.98891291],[0.02105905],[0.02105905]
1711148959522219718,[0.96417007],[0.03785759],[0.03785759]
1711148959523267483,[0.97839165],[0.02939956],[0.02939956]
1711148959524722464,[0.97844639],[0.02936229],[0.02936229]
1711148959690277410,[0.30218826],[0.16707025],[0.16707025]
1711148959691463719,[0.95677085],[0.04158324],[0.04158324]
1711148959693750307,[0.98448129],[0.02491482],[0.02491482]
1711148959696030553,[0.96517499],[0.03732292],[0.03732292]
1711148959700007668,[0.97899163],[0.02898853],[0.02898853]
1711148959701613835,[0.97263195],[0.03308658],[0.03308658]
1711148959704306056,[0.97270678],[0.03304132],[0.03304132]
1711148959865822365,0,[0.5791732],[0.5791732]
1711148959866577550,[0.99837383],[0.00806515],[0.00806515]
1711148959870019612,[0.95942074],[0.04028859],[0.04028859]
1711148959872861580,[0.98016785],[0.02816533],[0.02816533]
1711148959876473653,[0.98021067],[0.02813491],[0.02813491]
1711148959879717125,[0.97420939],[0.03211891],[0.03211891]
1711148959882891161,[0.95981905],[0.04009037],[0.04009037]
1711148959886071296,[0.97435225],[0.03202983],[0.03202983]
1711148959888981599,[0.98040778],[0.02799445],[0.02799445]
1711148959890135313,[0.9744673],[0.03195791],[0.03195791]
1711148959892278778,[0.96775079],[0.03591613],[0.03591613]
1711148959893068372,[0.98563692],[0.02396922],[0.02396922]
1711148959894696626,[0.96749499],[0.03605829],[0.03605829]
1711148959898133901,[0.9802141],[0.02813247],[0.02813247]
1711148960056507643,[0.96712435],[0.03626329],[0.03626329]
1711148960058949358,[0.98011011],[0.02820631],[0.02820631]
1711148960060569066,[0.97407159],[0.0322046],[0.0322046]
1711148960063113114,[0.9595967],[0.04020115],[0.04020115]
1711148960065842715,[0.97421099],[0.03211791],[0.03211791]
1711148960068780462,[0.98029841],[0.02807247],[0.02807247]
1711148960071364759,[0.96750683],[0.03605172],[0.03605172]
1711148960209542319,0,[0.28426172],[0.28426172]
1711148960210567849,[0.99959251],[0.00403726],[0.00403726]
1711148960211627778,[0.98532822],[0.02422542],[0.02422542]
1711148960214890672,[0.9593138],[0.04034164],[0.04034164]
1711148960217633713,[0.98011],[0.02820638],[0.02820638]
1711148960220165627,[0.97407621],[0.03220173],[0.03220173]
1711148960380122728,0,[0.51301299],[0.51301299]
1711148960385363259,[0.98031094],[0.02806354],[0.02806354]
1711148960389244234,[0.96752063],[0.03604407],[0.03604407]
1711148960391747277,[0.98039259],[0.0280053],[0.0280053]
1711148960393956302,[0.96765455],[0.03596968],[0.03596968]
1711148960395019537,[0.98047314],[0.02794771],[0.02794771]
1711148960540814450,0,[0.22431917],[0.22431917]
1711148960542661084,[0.96743023],[0.03609419],[0.03609419]
1711148960545554323,[0.97432728],[0.03204542],[0.03204542]
1711148960548334368,[0.95157353],[0.04401203],[0.04401203]
1711148960551144192,[0.99001435],[0.01998564],[0.01998564]
1711148960552589595,[0.9804573],[0.02795904],[0.02795904]
1711148960556035435,[0.97452092],[0.03192434],[0.03192434]
1711148960707765029,0,[0.26054869],[0.26054869]
1711148960708981989,[0.97425272],[0.03209192],[0.03209192]
1711148960711425838,[0.97430388],[0.03206002],[0.03206002]
1711148960714732151,[0.97435424],[0.03202859],[0.03202859]
1711148960717262151,[0.98040118],[0.02799915],[0.02799915]
1711148960718288975,[0.97444858],[0.03196962],[0.03196962]
1711148960720202514,[0.96772062],[0.03593293],[0.03593293]
1711148960866748173,0,[0.57211167],[0.57211167]
1711148960868120190,[0.95971853],[0.04014049],[0.04014049]
1711148960871223224,[0.97415032],[0.03215567],[0.03215567]
1711148960873345536,[0.9854468],[0.02412733],[0.02412733]
1711148960874566574,[0.97416309],[0.03214773],[0.03214773]
1711148960877336528,[0.96736738],[0.036129],[0.036129]
1711148961033552392,[0.35930042],[0.16008742],[0.16008742]
1711148961034431252,[0.97447565],[0.03195268],[0.03195268]
1711148961104158070,[0.97442319],[0.0319855],[0.0319855]
1711148961107197538,[0.967566],[0.03601889],[0.03601889]
1711148961109963805,[0.98033846],[0.02804392],[0.02804392]
1711148961111321674,[0.97426851],[0.03208208],[0.03208208]
1711148961115188957,[0.96738723],[0.03611801],[0.03611801]
1711148961117627325,[0.9802903],[0.02807825],[0.02807825]
1711148961283573403,0,[0.76776485],[0.76776485]
1711148961288660031,[0.89716329],[0.06413633],[0.06413633]
1711148961290791041,[0.99959778],[0.00401109],[0.00401109]
1711148961293942211,[0.96744896],[0.03608381],[0.03608381]
1711148961302989555,[0.98996851],[0.02003146],[0.02003146]
1711148961306178196,[0.96755273],[0.03602625],[0.03602625]
1711148961554681833,0,[0.76646322],[0.76646322]
1711148961557874746,[0.97444367],[0.0319727],[0.0319727]
1711148961560704493,[0.97442502],[0.03198436],[0.03198436]
1711148961563028194,[0.98040561],[0.02799599],[0.02799599]
1711148961564430170,[0.97439075],[0.03200578],[0.03200578]
1711148961566936864,[0.97437261],[0.03201711],[0.03201711]
1711148961570202596,[0.96754315],[0.03603157],[0.03603157]
1711148961733297130,0,[0.45187874],[0.45187874]
1711148961735747232,[0.98036702],[0.02802355],[0.02802355]
1711148961738119951,[0.98035836],[0.02802973],[0.02802973]
1711148961740242404,[0.96751775],[0.03604566],[0.03604566]
1711148961742035845,[0.97432261],[0.03204833],[0.03204833]
1711148961742836320,[0.97431829],[0.03205103],[0.03205103]
1711148961744685381,[0.97434894],[0.0320319],[0.0320319]
1711148961897209953,0,[0.60710241],[0.60710241]
1711148961900220084,[0.97440332],[0.03199792],[0.03199792]
1711148961902639796,[0.97439703],[0.03200186],[0.03200186]
1711148961905104307,[0.94238627],[0.04800572],[0.04800572]
1711148961907926846,[0.99359612],[0.01600485],[0.01600485]
1711148961910805286,[0.97438221],[0.03201111],[0.03201111]
1711148961913578126,[0.96757017],[0.03601657],[0.03601657]
1711148961916545652,[0.97437474],[0.03201579],[0.03201579]
1711148961918727392,[0.98558441],[0.02401299],[0.02401299]
1711148961920979061,[0.95995034],[0.04002482],[0.04002482]
1711148961924953042,[0.98557935],[0.02401721],[0.02401721]
1711148961927656352,[0.97435872],[0.03202579],[0.03202579]
1711148961928615712,[0.96753497],[0.03603611],[0.03603611]
1711148961929833794,[0.98036564],[0.02802453],[0.02802453]
1711148961932359214,[0.95991735],[0.0400413],[0.0400413]
1711148961934704338,[0.96752564],[0.03604129],[0.03604129]
1711148961936408552,[0.98997884],[0.02002115],[0.02002115]
1711148962090896259,[0.97437355],[0.03201653],[0.03201653]
1711148962092351420,[0.96764162],[0.03597687],[0.03597687]
1711148962094539573,[0.97447067],[0.0319558],[0.0319558]
1711148962097714419,[0.96774487],[0.03591942],[0.03591942]
1711148962100463584,[0.98568899],[0.02392573],[0.02392573]
1711148962169204298,[0.96030719],[0.03984611],[0.03984611]
1711148962328061970,0,[0.4859628],[0.4859628]
1711148962331274703,[0.98570797],[0.02390985],[0.02390985]
1711148962334065720,[0.97460019],[0.03187464],[0.03187464]
1711148962336792489,[0.98053888],[0.02790063],[0.02790063]
1711148962339293572,[0.98055381],[0.02788992],[0.02788992]
1711148962341225578,[0.97458212],[0.03188597],[0.03188597]
1711148962342266068,[0.97459626],[0.0318771],[0.0318771]
1711148962496337419,0,[0.25506244],[0.25506244]
1711148962497932288,[0.96783019],[0.03587189],[0.03587189]
1711148962501940292,[0.9805395],[0.02790018],[0.02790018]
1711148962506722340,[0.97458141],[0.03188642],[0.03188642]
1711148962510501230,[0.96783023],[0.03587187],[0.03587187]
1711148962653917923,0,[0.54200872],[0.54200872]
1711148962655346732,[0.96783184],[0.03587097],[0.03587097]
1711148962656764580,[0.98570342],[0.02391366],[0.02391366]
1711148962658351302,[0.95194456],[0.0438431],[0.0438431]
1711148962659025768,[0.97458665],[0.03188313],[0.03188313]
1711148962660727809,[0.9856987],[0.02391761],[0.02391761]
1711148962661978075,[0.98054919],[0.02789323],[0.02789323]
1711148962664306836,[0.96783899],[0.03586698],[0.03586698]
1711148962807496086,0,[0.28292844],[0.28292844]
1711148962810337153,[0.97459575],[0.03187742],[0.03187742]
1711148962959370072,0,[0.4222989],[0.4222989]
1711148962960663995,[0.98571948],[0.02390022],[0.02390022]
1711148962963145679,[0.9746139],[0.03186603],[0.03186603]
1711148962965946746,[0.96787236],[0.03584837],[0.03584837]
1711148962968492006,[0.95200948],[0.04381348],[0.04381348]
1711148962970100581,[0.99008559],[0.01991422],[0.01991422]
1711148962972023108,[0.9603398],[0.03982974],[0.03982974]
1711148962974129542,[0.99008805],[0.01991176],[0.01991176]
1711148962976252946,[0.96034739],[0.03982593],[0.03982593]
1711148962978550676,[0.98572553],[0.02389516],[0.02389516]
1711148962985585245,[0.96788334],[0.03584224],[0.03584224]
1711148962988094114,[0.98057417],[0.02787531],[0.02787531]
1711148962991897905,[0.95203163],[0.04380337],[0.04380337]
1711148962994673652,[0.98572935],[0.02389196],[0.02389196]
1711148962995882611,[0.97463213],[0.03185459],[0.03185459]
1711148962998720944,[0.96789486],[0.03583581],[0.03583581]
1711148963000798960,[0.97463706],[0.03185149],[0.03185149]
1711148963002887315,[0.98573296],[0.02388894],[0.02388894]
1711148963158966399,[0.97464049],[0.03184934],[0.03184934]
1711148963161819659,[0.96790604],[0.03582957],[0.03582957]
1711148963164146267,[0.98058644],[0.02786651],[0.02786651]
1711148963165734392,[0.97464627],[0.03184571],[0.03184571]
1711148963168110707,[0.96791523],[0.03582444],[0.03582444]
1711148963169591149,[0.97465073],[0.03184291],[0.03184291]
1711148963172466532,[0.9746538],[0.03184098],[0.03184098]
1711148963175078845,[0.98059552],[0.02785999],[0.02785999]
1711148963337464886,0,[0.48532012],[0.48532012]
1711148963340049660,[0.98063503],[0.02783161],[0.02783161]
1711148963341708475,[0.96798973],[0.03578283],[0.03578283]
1711148963343276931,[0.98577481],[0.02385388],[0.02385388]
1711148963344056374,[0.97471479],[0.03180265],[0.03180265]
1711148963410185854,[0.96800367],[0.03577503],[0.03577503]
1711148963412779698,[0.98064637],[0.02782346],[0.02782346]
1711148963415380268,[0.97472611],[0.03179553],[0.03179553]
1711148963586431638,0,[0.67098787],[0.67098787]
1711148963590338255,[0.97484292],[0.03172197],[0.03172197]
1711148963593355981,[0.97484909],[0.03171808],[0.03171808]
1711148963595585236,[0.9748542],[0.03171486],[0.03171486]
1711148963598325813,[0.97486677],[0.03170693],[0.03170693]
1711148963601744722,[0.9807604],[0.02774138],[0.02774138]
1711148963603478536,[0.96820915],[0.03565998],[0.03565998]
1711148963607866392,[0.9748929],[0.03169044],[0.03169044]
1711148963824449683,0,[0.50617145],[0.50617145]
1711148963826258104,[0.97508229],[0.03157069],[0.03157069]
1711148963827121454,[0.96847855],[0.03550856],[0.03550856]
1711148963829331476,[0.98599755],[0.02366639],[0.02366639]
1711148963832190608,[0.97511885],[0.03154752],[0.03154752]
1711148963834945302,[0.97513457],[0.03153755],[0.03153755]
1711148963836493317,[0.96854708],[0.03546994],[0.03546994]
1711148963840212566,[0.96856814],[0.03545807],[0.03545807]
1711148964002295891,0,[0.50296272],[0.50296272]
1711148964004028502,[0.97542459],[0.0313531],[0.0313531]
1711148964006437772,[0.96891908],[0.03525956],[0.03525956]
1711148964007638881,[0.9904104],[0.0195853],[0.0195853]
1711148964010056308,[0.96895019],[0.03524191],[0.03524191]
1711148964012199332,[0.96896755],[0.03523206],[0.03523206]
1711148964017006179,[0.98123871],[0.02739437],[0.02739437]
1711148964271669493,0,[0.6602828],[0.6602828]
1711148964274722789,[0.98128762],[0.02735864],[0.02735864]
1711148964277618142,[0.9812762],[0.02736698],[0.02736698]
1711148964278771946,[0.9755304],[0.03128552],[0.03128552]
1711148964281238086,[0.96900246],[0.03521224],[0.03521224]
1711148964284167728,[0.9689659],[0.03523299],[0.03523299]
1711148964452627052,0,[0.46908048],[0.46908048]
1711148964455095159,[0.9745734],[0.03189144],[0.03189144]
1711148964457406346,[0.97446677],[0.03195824],[0.03195824]
1711148964460212733,[0.96753345],[0.03603695],[0.03603695]
1711148964461232913,[0.98551243],[0.02407286],[0.02407286]
1711148964463183586,[0.95957231],[0.04021328],[0.04021328]
1711148964622306599,0,[0.32225932],[0.32225932]
1711148964624494371,[0.9725557],[0.03313264],[0.03313264]
1711148964625351669,[0.97239064],[0.03323213],[0.03323213]
1711148964627997428,[0.94741907],[0.04586106],[0.04586106]
1711148964628971667,[0.98425332],[0.02509715],[0.02509715]
1711148964631714368,[0.97185259],[0.03355438],[0.03355438]
1711148964633385558,[0.96413525],[0.03787598],[0.03787598]
1711148964634631155,[0.98396394],[0.02532672],[0.02532672]
1711148964787575423,0,[0.59164114],[0.59164114]
1711148964790619621,[0.967758],[0.03591211],[0.03591211]
1711148964936871615,0,[0.63065433],[0.63065433]
1711148964942153488,[0.95353109],[0.0431133],[0.0431133]
1711148964946961449,[0.95315245],[0.04328859],[0.04328859]
1711148964950709975,[0.97145512],[0.03379046],[0.03379046]
1711148964952978407,[0.97890517],[0.02904812],[0.02904812]
1711148964955355214,[0.96226128],[0.03885291],[0.03885291]
1711148964957907167,[0.94055519],[0.04876261],[0.04876261]
1711148964959095891,[0.95143848],[0.04407336],[0.04407336]
1711148964961207412,[0.9782723],[0.02948064],[0.02948064]
1711148964963376628,[0.97025465],[0.03449368],[0.03449368]
1711148964965368582,[0.96088926],[0.03955287],[0.03955287]
1711148964968558415,[0.95012669],[0.04466467],[0.04466467]
1711148964969724454,[0.94972886],[0.04484245],[0.04484245]
1711148964972498747,[0.97751122],[0.02999252],[0.02999252]
1711148964973503507,[0.95977505],[0.04011232],[0.04011232]
1711148964976049839,[0.95949237],[0.04025302],[0.04025302]
1711148965166513926,[0.94834953],[0.04545348],[0.04545348]
1711148965170550065,[0.95888888],[0.04055175],[0.04055175]
1711148965173717356,[0.94758098],[0.0457904],[0.0457904]
1711148965176387210,[0.96806912],[0.03573843],[0.03573843]
1711148965178151372,[0.96787637],[0.03584613],[0.03584613]
1711148965181836538,[0.95777219],[0.04109881],[0.04109881]
1711148965184945036,[0.95748287],[0.04123937],[0.04123937]
1711148965386048953,0,[0.94814144],[0.94814144]
1711148965387470261,[0.95059781],[0.04445321],[0.04445321]
1711148965389763710,[0.95029445],[0.04458948],[0.04458948]
1711148965392074562,[0.93668267],[0.05032587],[0.05032587]
1711148965394536184,[0.94964813],[0.04487845],[0.04487845]
1711148965396661064,[0.96123093],[0.03937973],[0.03937973]
1711148965402484694,[0.96102658],[0.03948337],[0.03948337]
1711148965404931948,[0.93518775],[0.0509165],[0.0509165]
1711148965407365346,[0.96055877],[0.03971963],[0.03971963]
1711148965592342590,0,[0.79779778],[0.79779778]
1711148965594571905,[0.95633555],[0.04179208],[0.04179208]
1711148965600736133,[0.92743119],[0.0538772],[0.0538772]
1711148965601583145,[0.94233465],[0.04802722],[0.04802722]
1711148965603618059,[0.95562968],[0.04212853],[0.04212853]
1711148965606069321,[0.94175994],[0.04826595],[0.04826595]
1711148965608450638,[0.92587772],[0.05445082],[0.05445082]
1711148965791179293,0,[0.64066816],[0.64066816]
1711148965792731004,[0.95189287],[0.04386668],[0.04386668]
1711148965795018501,[0.93688226],[0.05024649],[0.05024649]
1711148966005215840,0,[1.13526596],[1.13526596]
1711148966009378648,[0.92996017],[0.05293008],[0.05293008]
1711148966189456714,0,[0.69819578],[0.69819578]
1711148966191877087,[0.90608732],[0.06129035],[0.06129035]
1711148966194143032,[0.92548321],[0.05459553],[0.05459553]
1711148966196905130,[0.94273422],[0.04786054],[0.04786054]
1711148966200247288,[0.92492805],[0.05479852],[0.05479852]
1711148966202443219,[0.88218313],[0.06864892],[0.06864892]
1711148966387856483,0,[0.49917113],[0.49917113]
1711148966389762935,[0.92162528],[0.05599097],[0.05599097]
1711148966392795428,[0.93978329],[0.04907818],[0.04907818]
1711148966394777506,[0.92107392],[0.05618757],[0.05618757]
1711148966397920988,[0.92077942],[0.0562923],[0.0562923]
1711148966400426214,[0.92048528],[0.05639671],[0.05639671]
1711148966401941123,[0.84900647],[0.07771577],[0.07771577]
1711148966552173120,0,[0.89681041],[0.89681041]
1711148966554421784,[0.77581683],[0.09469597],[0.09469597]
1711148966556487121,[0.97869695],[0.02919113],[0.02919113]
1711148966557461352,[0.93460228],[0.05114595],[0.05114595]
1711148966559577592,[0.91430943],[0.05854591],[0.05854591]
1711148966729109582,0,[0.82262947],[0.82262947]
1711148966733888774,[0.88597716],[0.06753454],[0.06753454]
1711148966737044206,[0.93079709],[0.05261289],[0.05261289]
1711148966738184974,[0.88522951],[0.06775559],[0.06775559]
1711148966740452590,[0.90899967],[0.06033252],[0.06033252]
1711148966742854268,[0.90871424],[0.06042707],[0.06042707]
1711148966981170942,0,[0.85619362],[0.85619362]
1711148966983681590,[0.9267214],[0.05414004],[0.05414004]
1711148966986181276,[0.87848184],[0.06971891],[0.06971891]
1711148967042114635,[0.87806326],[0.06983888],[0.06983888]
1711148967042956909,[0.94564402],[0.04662874],[0.04662874]
1711148967045678473,[0.87734608],[0.07004396],[0.07004396]
1711148967053678875,[0.8769202],[0.07016546],[0.07016546]
1711148967057046669,[0.87649409],[0.07028681],[0.07028681]
1711148967058522294,[0.92505732],[0.05475132],[0.05475132]
1711148967213952404,0,[1.46529496],[1.46529496]
1711148967216835001,[0.91952725],[0.05673544],[0.05673544]
1711148967217735503,[0.89462577],[0.06492279],[0.06492279]
1711148967219889860,[0.9190882],[0.05689],[0.05689]
1711148967221952712,[0.86588771],[0.07324269],[0.07324269]
1711148967224460715,[0.76064714],[0.0978474],[0.0978474]
1711148967227087348,[0.95831754],[0.04083257],[0.04083257]
1711148967229391719,[0.79767876],[0.08996027],[0.08996027]
1711148967230483948,[0.9731716],[0.03275875],[0.03275875]
1711148967394180038,0,[0.98504149],[0.98504149]
1711148967395918425,[0.8592954],[0.07502122],[0.07502122]
1711148967399004126,[0.91497261],[0.05831891],[0.05831891]
1711148967402106481,[0.85959457],[0.07494142],[0.07494142]
1711148967404685528,[0.85976364],[0.07489629],[0.07489629]
1711148967406513104,[0.75107697],[0.09978437],[0.09978437]
1711148967571041474,0,[0.43135446],[0.43135446]
1711148967573370965,[0.93837416],[0.0496491],[0.0496491]
1711148967575911965,[0.86153635],[0.07442141],[0.07442141]
1711148967577468143,[0.91636814],[0.05783835],[0.05783835]
1711148967580171430,[0.86197737],[0.07430279],[0.07430279]
1711148967586664272,[0.89112916],[0.06599116],[0.06599116]
1711148967589074207,[0.9167803],[0.05769565],[0.05769565]
1711148967591066036,[0.86267099],[0.07411586],[0.07411586]
1711148967768770818,0,[0.98780069],[0.98780069]
1711148967769911225,[0.94123463],[0.04848314],[0.04848314]
1711148967772313108,[0.83725817],[0.08068255],[0.08068255]
1711148967774578260,[0.92052016],[0.05638434],[0.05638434]
1711148967776198337,[0.92074734],[0.0563037],[0.0563037]
1711148967777815618,[0.63776418],[0.12037206],[0.12037206]
1711148967956497288,0,[1.27085393],[1.27085393]
1711148967958909307,[0.9064578],[0.06116934],[0.06116934]
1711148967960874842,[0.8823318],[0.0686056],[0.0686056]
1711148968128520142,0,[0.94404991],[0.94404991]
1711148968131365206,[0.91629018],[0.0578653],[0.0578653]
1711148968135922787,[0.87019845],[0.07205596],[0.07205596]
1711148968137002871,[0.96774877],[0.03591725],[0.03591725]
1711148968140000347,[0.91793361],[0.05729446],[0.05729446]
1711148968142166028,[0.89694682],[0.06420379],[0.06420379]
1711148968343343692,0,[1.05116799],[1.05116799]
1711148968344348564,[1.],[0.],[0.]
1711148968346075147,[0.94649831],[0.04626087],[0.04626087]
1711148968349033376,[0.91225265],[0.05924436],[0.05924436]
1711148968353040725,[0.94733686],[0.0458969],[0.0458969]
1711148968355013265,[0.91363159],[0.058777],[0.058777]
1711148968528717045,0,[0.69750345],[0.69750345]
1711148968535568577,[0.92326654],[0.05540161],[0.05540161]
1711148968536689485,[0.93988425],[0.04903703],[0.04903703]
1711148968538757598,[0.94036071],[0.04884231],[0.04884231]
1711148968540393737,[0.9408005],[0.04866189],[0.04866189]
1711148968542373321,[0.95501774],[0.04241804],[0.04241804]
1711148968710919092,0,[0.43966954],[0.43966954]
1711148968713640847,[0.96943664],[0.03496476],[0.03496476]
1711148968715773010,[0.91576207],[0.05804754],[0.05804754]
1711148968718792177,[0.94653718],[0.04624406],[0.04624406]
1711148968721771954,[0.86024581],[0.07476742],[0.07476742]
1711148968724855502,[0.99671706],[0.01145939],[0.01145939]
1711148968726179700,[0.95993772],[0.04003113],[0.04003113]
1711148968729052581,[0.94802811],[0.04559469],[0.04559469]
1711148968732315501,[0.94843478],[0.04541595],[0.04541595]
1711148968907161770,0,[1.3297972],[1.3297972]
1711148968910673710,[0.93554016],[0.05077788],[0.05077788]
1711148968917010214,[0.95903716],[0.04047856],[0.04047856]
1711148968921531239,[0.9688233],[0.03531385],[0.03531385]
1711148968925357157,[0.94877946],[0.04526391],[0.04526391]
1711148968927302566,[0.96920897],[0.03509475],[0.03509475]
1711148968931068072,[0.92449115],[0.05495775],[0.05495775]
1711148969216067709,0,[0.45084421],[0.45084421]
1711148969218629210,[0.95312233],[0.0433025],[0.0433025]
1711148969221415916,[0.9717992],[0.03358619],[0.03358619]
1711148969225036844,[0.96336083],[0.03828272],[0.03828272]
1711148969227630159,[0.94310724],[0.04770441],[0.04770441]
1711148969228844856,[0.97963155],[0.02854362],[0.02854362]
1711148969231627184,[0.95440626],[0.04270538],[0.04270538]
1711148969422833427,0,[0.47991584],[0.47991584]
1711148969424869054,[0.95754694],[0.04120828],[0.04120828]
1711148969426845893,[0.97443985],[0.03197508],[0.03197508]
1711148969428894116,[0.9579537],[0.04101039],[0.04101039]
1711148969431380284,[0.96694448],[0.03636236],[0.03636236]
1711148969433848256,[0.9583725],[0.04080564],[0.04080564]
1711148969434951909,[0.96727346],[0.03618096],[0.03618096]
1711148969437948770,[0.96742604],[0.03609651],[0.03609651]
1711148969606277699,0,[0.56229999],[0.56229999]
1711148969608643964,[0.96173133],[0.03912476],[0.03912476]
1711148969610651244,[0.96989258],[0.03470298],[0.03470298]
1711148969611689644,[0.97703535],[0.03030818],[0.03030818]
1711148969613736304,[0.9701207],[0.03457126],[0.03457126]
1711148969616380542,[0.97022816],[0.03450904],[0.03450904]
1711148969620115513,[0.93338576],[0.05161947],[0.05161947]
1711148969623316642,[0.98848419],[0.02146235],[0.02146235]
1711148969804270404,0,[0.47402668],[0.47402668]
1711148969805243943,[0.97864861],[0.02922423],[0.02922423]
1711148969807712997,[0.97220428],[0.0333441],[0.0333441]
1711148969810116834,[0.97230411],[0.03328417],[0.03328417]
1711148969812525723,[0.97240266],[0.0332249],[0.0332249]
1711148969817472030,[0.94804014],[0.04558941],[0.04558941]
1711148969818783001,[0.99315172],[0.01655086],[0.01655086]
1711148969986213346,0,[0.49417235],[0.49417235]
1711148969988220486,[0.97398828],[0.0322563],[0.0322563]
1711148969990578074,[0.98014113],[0.0281843],[0.0281843]
1711148969992945292,[0.97413821],[0.0321632],[0.0321632]
1711148969994978344,[0.96737638],[0.03612402],[0.03612402]
1711148969997311524,[0.97430541],[0.03205907],[0.03205907]
1711148969998735885,[0.9743825],[0.03201094],[0.03201094]
1711148970184979845,0,[0.47900358],[0.47900358]
1711148970186946482,[0.9746687],[0.03183162],[0.03183162]
1711148970188759782,[0.96801219],[0.03577027],[0.03577027]
1711148970190557097,[0.98063898],[0.02782877],[0.02782877]
1711148970191852437,[0.96784993],[0.03586088],[0.03586088]
1711148970194535995,[0.98046677],[0.02795227],[0.02795227]
1711148970196337318,[0.96756633],[0.0360187],[0.0360187]
1711148970198311692,[0.98552792],[0.02405999],[0.02405999]
1711148970370039448,0,[0.26385406],[0.26385406]
1711148970372880595,[0.98576582],[0.02386141],[0.02386141]
1711148970375241560,[0.97462675],[0.03185797],[0.03185797]
1711148970377505469,[0.97453272],[0.03191694],[0.03191694]
1711148970378694554,[0.97443715],[0.03197677],[0.03197677]
1711148970384137954,[0.96752496],[0.03604167],[0.03604167]
1711148970387071283,[0.98028224],[0.02808399],[0.02808399]
1711148970388568181,[0.96735701],[0.03613474],[0.03613474]
1711148970560884400,0,[0.54515485],[0.54515485]
1711148970562653067,[0.98028778],[0.02808004],[0.02808004]
1711148970566083507,[0.95146215],[0.04406261],[0.04406261]
1711148970569161825,[0.98040202],[0.02799856],[0.02799856]
1711148970570415050,[0.98562984],[0.02397512],[0.02397512]
1711148970573227689,[0.97451401],[0.03192866],[0.03192866]
1711148970576027420,[0.97457208],[0.03189227],[0.03189227]
1711148970764146733,0,[0.55166425],[0.55166425]
1711148970765387232,[0.97441831],[0.03198856],[0.03198856]
1711148970767836562,[0.98559951],[0.02400041],[0.02400041]
1711148970769992288,[0.97435584],[0.03202759],[0.03202759]
1711148970937467982,0,[0.57505691],[0.57505691]
1711148970939738815,[0.97449849],[0.03193839],[0.03193839]
1711148970941968325,[0.9744837],[0.03194765],[0.03194765]
1711148970944396673,[0.96767084],[0.03596062],[0.03596062]
1711148970947069056,[0.96766758],[0.03596244],[0.03596244]
1711148970949970655,[0.98041445],[0.02798968],[0.02798968]
1711148970952265247,[0.98040766],[0.02799453],[0.02799453]
1711148970954341506,[0.97439872],[0.0320008],[0.0320008]
1711148970956644494,[0.97437747],[0.03201408],[0.03201408]
1711148970959224205,[0.97436466],[0.03202208],[0.03202208]
1711148970961016440,[0.95991963],[0.04004016],[0.04004016]
1711148970963010153,[0.9675124],[0.03604864],[0.03604864]
1711148970965585916,[0.9855528],[0.0240393],[0.0240393]
1711148970967071912,[0.98034817],[0.02803699],[0.02803699]
1711148970969323586,[0.97438192],[0.0320113],[0.0320113]
1711148970971047603,[0.97444583],[0.03197134],[0.03197134]
1711148970972107427,[0.97449938],[0.03193783],[0.03193783]
1711148971237840276,0,[0.29066665],[0.29066665]
1711148971241248038,[0.98053914],[0.02790044],[0.02790044]
1711148971243691851,[0.96026007],[0.03986975],[0.03986975]
1711148971248991062,[0.98568593],[0.02392829],[0.02392829]
1711148971252245384,[0.96777817],[0.03590088],[0.03590088]
1711148971254341544,[0.97452696],[0.03192055],[0.03192055]
1711148971255630611,[0.98048797],[0.02793709],[0.02793709]
1711148971423107769,0,[0.51156292],[0.51156292]
1711148971425709591,[0.9599367],[0.04003164],[0.04003164]
1711148971427354607,[0.98557362],[0.02402197],[0.02402197]
1711148971431506112,[0.9675337],[0.03603682],[0.03603682]
1711148971434788130,[0.96752876],[0.03603956],[0.03603956]
1711148971437892319,[0.9803773],[0.02801621],[0.02801621]
1711148971439930481,[0.96762438],[0.03598645],[0.03598645]
1711148971619582643,0,[0.47152546],[0.47152546]
1711148971622844414,[0.97439694],[0.03200191],[0.03200191]
1711148971623878117,[0.96758941],[0.03600588],[0.03600588]
1711148971682202246,[0.96758221],[0.03600988],[0.03600988]
1711148971684484798,[0.97438068],[0.03201207],[0.03201207]
1711148971686494995,[0.98558678],[0.02401101],[0.02401101]
1711148971687563766,[0.96756538],[0.03601923],[0.03601923]
1711148971689670048,[0.97436841],[0.03201974],[0.03201974]
1711148971864688662,0,[0.698151],[0.698151]
1711148971867465788,[0.97456141],[0.03189896],[0.03189896]
1711148971870920783,[0.96779965],[0.03588891],[0.03588891]
1711148971873880214,[0.98051816],[0.02791547],[0.02791547]
1711148971876204537,[0.97455148],[0.03190518],[0.03190518]
1711148971877382228,[0.96778784],[0.03589549],[0.03589549]
1711148971879282573,[0.98051094],[0.02792065],[0.02792065]
1711148971881541459,[0.96777824],[0.03590084],[0.03590084]
1711148972045238717,0,[0.22744453],[0.22744453]
1711148972046300585,[0.9804809],[0.02794215],[0.02794215]
1711148972052765095,[0.96015868],[0.03992058],[0.03992058]
1711148972055242333,[0.97449701],[0.03193931],[0.03193931]
1711148972057546215,[0.98565239],[0.0239563],[0.0239563]
1711148972060679118,[0.9744892],[0.0319442],[0.0319442]
1711148972066454386,[0.97448474],[0.03194699],[0.03194699]
1711148972237991118,0,[0.51137522],[0.51137522]
1711148972241095264,[0.96762196],[0.0359878],[0.0359878]
1711148972244887817,[0.98041006],[0.02799281],[0.02799281]
1711148972247800665,[0.97440986],[0.03199384],[0.03199384]
1711148972249349155,[0.98040518],[0.0279963],[0.0279963]
1711148972253122157,[0.97440342],[0.03199786],[0.03199786]
1711148972256390167,[0.97439962],[0.03200024],[0.03200024]
1711148972258804192,[0.97439567],[0.03200271],[0.03200271]
1711148972429673292,0,[0.51217873],[0.51217873]
1711148972434844436,[0.97437679],[0.03201451],[0.03201451]
1711148972437583665,[0.94246645],[0.04797231],[0.04797231]
1711148972440006918,[0.9900281],[0.01997188],[0.01997188]
1711148972442905819,[0.97449346],[0.03194153],[0.03194153]
1711148972444528704,[0.97449679],[0.03193945],[0.03193945]
1711148972446326912,[0.9744932],[0.0319417],[0.0319417]
1711148972604171624,0,[0.48332843],[0.48332843]
1711148972605683149,[0.98562119],[0.02398233],[0.02398233]
1711148972608211166,[0.9600545],[0.03997274],[0.03997274]
1711148972610582188,[0.98561596],[0.0239867],[0.0239867]
1711148972613069120,[0.96005011],[0.03997494],[0.03997494]
1711148972615818413,[0.98042119],[0.02798486],[0.02798486]
1711148972616922532,[0.98041981],[0.02798585],[0.02798585]
1711148972619097086,[0.96762868],[0.03598406],[0.03598406]
1711148972801672736,0,[0.50794378],[0.50794378]
1711148972803261124,[0.97437824],[0.0320136],[0.0320136]
1711148972997378289,0,[0.48830732],[0.48830732]
1711148972999810359,[0.98557292],[0.02402256],[0.02402256]
1711148973002049177,[0.95155168],[0.04402196],[0.04402196]
1711148973004397155,[0.95997433],[0.04001283],[0.04001283]
1711148973006660119,[0.99359573],[0.01600534],[0.01600534]
1711148973009172905,[0.98038641],[0.0280097],[0.0280097]
1711148973012144235,[0.96757615],[0.03601325],[0.03601325]
1711148973021683300,[0.98038472],[0.02801091],[0.02801091]
1711148973024311148,[0.9743792],[0.032013],[0.032013]
1711148973028468185,[0.96757283],[0.03601509],[0.03601509]
1711148973031658508,[0.98038316],[0.02801203],[0.02801203]
1711148973035302729,[0.9599649],[0.04001755],[0.04001755]
1711148973036334529,[0.9803824],[0.02801257],[0.02801257]
1711148973038627671,[0.97437654],[0.03201466],[0.03201466]
1711148973040697022,[0.97437608],[0.03201495],[0.03201495]
1711148973042013251,[0.98038147],[0.02801323],[0.02801323]
1711148973325360908,0,[0.7081595],[0.7081595]
1711148973327370354,[0.9743918],[0.03200512],[0.03200512]
1711148973328195295,[0.97439845],[0.03200097],[0.03200097]
1711148973329853783,[0.96759807],[0.03600107],[0.03600107]
1711148973339334852,[0.97440082],[0.03199949],[0.03199949]
1711148973342044829,[0.98560105],[0.02399912],[0.02399912]
1711148973344663509,[0.96760406],[0.03599774],[0.03599774]
1711148973345806814,[0.97440763],[0.03199523],[0.03199523]
1711148973348248553,[0.97440914],[0.03199429],[0.03199429]
1711148973526985405,0,[0.47570064],[0.47570064]
1711148973529384101,[0.96767106],[0.0359605],[0.0359605]
1711148973530767640,[0.97446281],[0.03196072],[0.03196072]
1711148973533897055,[0.98044941],[0.02796469],[0.02796469]
1711148973535711745,[0.96011045],[0.03994474],[0.03994474]
1711148973537442924,[0.98564161],[0.0239653],[0.0239653]
1711148973701245454,0,[0.29542521],[0.29542521]
1711148973702155850,[0.98567263],[0.0239394],[0.0239394]
1711148973704057427,[0.9427085],[0.04787129],[0.04787129]
1711148973706818556,[0.99005479],[0.01994514],[0.01994514]
1711148973709285192,[0.96779071],[0.03589389],[0.03589389]
1711148973973144991,0,[0.930227],[0.930227]
1711148973975839728,[0.99020001],[0.01979898],[0.01979898]
1711148973978675678,[0.96826038],[0.03563123],[0.03563123]
1711148973987163447,[0.9749407],[0.03166026],[0.03166026]
1711148973989183873,[0.98082382],[0.02769561],[0.02769561]
1711148973991209689,[0.98083492],[0.0276876],[0.0276876]
1711148973993000904,[0.97498251],[0.03163383],[0.03163383]
1711148973995050887,[0.94374952],[0.04743437],[0.04743437]
1711148973997533685,[0.99024072],[0.01975782],[0.01975782]
1711148974001803794,[0.96839763],[0.03555411],[0.03555411]
1711148974003894516,[0.96841982],[0.03554162],[0.03554162]
1711148974005959759,[0.98597112],[0.02368872],[0.02368872]
1711148974007248495,[0.96844997],[0.03552466],[0.03552466]
1711148974009114864,[0.98092802],[0.02762026],[0.02762026]
1711148974010676135,[0.9751008],[0.03155896],[0.03155896]
1711148974011441291,[0.97511391],[0.03155065],[0.03155065]
1711148974012926365,[0.97512757],[0.03154199],[0.03154199]
1711148974433470312,0,[0.91106111],[0.91106111]
1711148974435060358,[0.96795001],[0.03580502],[0.03580502]
1711148974436357416,[0.97460091],[0.03187418],[0.03187418]
1711148974619178476,0,[0.88880698],[0.88880698]
1711148974621015399,[0.97067284],[0.03425035],[0.03425035]
1711148974622800832,[0.97741143],[0.03005899],[0.03005899]
1711148974624543823,[0.97031258],[0.03446008],[0.03446008]
1711148974625929562,[0.97011727],[0.03457324],[0.03457324]
1711148974628030015,[0.96191046],[0.03903309],[0.03903309]
1711148974629743749,[0.9696916],[0.03481862],[0.03481862]
1711148974809725549,0,[0.24707464],[0.24707464]
1711148974812450520,[0.97549432],[0.03130858],[0.03130858]
1711148974815436593,[0.96777647],[0.03590183],[0.03590183]
1711148974817322356,[0.96754269],[0.03603183],[0.03603183]
1711148974988038774,0,[0.40530576],[0.40530576]
1711148974990203752,[0.94448437],[0.04712351],[0.04712351]
1711148974992232456,[0.97258157],[0.03311702],[0.03311702]
1711148974994659494,[0.9724008],[0.03322601],[0.03322601]
1711148974995642806,[0.96369825],[0.03810604],[0.03810604]
1711148975000987947,[0.93075131],[0.05263029],[0.05263029]
1711148975003148856,[0.98558623],[0.02401147],[0.02401147]
1711148975205422230,0,[0.56279551],[0.56279551]
1711148975208960107,[0.95878392],[0.04060349],[0.04060349]
1711148975277566389,[0.96823693],[0.03564439],[0.03564439]
1711148975279511101,[0.94711226],[0.04599467],[0.04599467]
1711148975281819596,[0.97633972],[0.0307638],[0.0307638]
1711148975283864831,[0.94641022],[0.04629893],[0.04629893]
1711148975285810595,[0.96735563],[0.03613551],[0.03613551]
1711148975557343804,0,[1.40155789],[1.40155789]
1711148975559412716,[0.94735789],[0.04588774],[0.04588774]
1711148975560574844,[0.93296242],[0.05178323],[0.05178323]
1711148975562773686,[0.94670858],[0.04616987],[0.04616987]
1711148975565173788,[0.96987366],[0.03471388],[0.03471388]
1711148975567986338,[0.94617786],[0.0463992],[0.0463992]
1711148975569290741,[0.93146755],[0.05235741],[0.05235741]
1711148975571756411,[0.94552917],[0.04667798],[0.04667798]
1711148975733030578,0,[0.81332534],[0.81332534]
1711148975735442323,[0.94000023],[0.0489897],[0.0489897]
1711148975739652206,[0.93969245],[0.04911519],[0.04911519]
1711148975740784526,[0.93938496],[0.04924025],[0.04924025]
1711148975743418361,[0.95337067],[0.04318765],[0.04318765]
1711148975745357331,[0.93881119],[0.04947274],[0.04947274]
1711148975747704511,[0.93850321],[0.04959709],[0.04959709]
1711148975921144993,0,[1.06947324],[1.06947324]
1711148975923279803,[0.91366967],[0.05876405],[0.05876405]
1711148975927569899,[0.91324163],[0.05890955],[0.05890955]
1711148975929779602,[0.94728771],[0.04591831],[0.04591831]
1711148975932100171,[0.94708142],[0.04600808],[0.04600808]
1711148975934384459,[0.91214438],[0.0592809],[0.0592809]
1711148975936909485,[0.93025976],[0.05281675],[0.05281675]
1711148975938392050,[0.94638578],[0.04630949],[0.04630949]
1711148975941414536,[0.89008178],[0.06630783],[0.06630783]
1711148975943502274,[0.96025779],[0.0398709],[0.0398709]
1711148975944371786,[0.92908245],[0.0532607],[0.0532607]
1711148975946628858,[0.88866067],[0.0667351],[0.0667351]
1711148975949384693,[0.94519856],[0.04681941],[0.04681941]
1711148975951510074,[0.88765954],[0.06703446],[0.06703446]
1711148976154547369,[0.95938798],[0.04030485],[0.04030485]
1711148976159537527,[0.94453495],[0.04710204],[0.04710204]
1711148976162552378,[0.88630559],[0.0674372],[0.0674372]
1711148976165672803,[0.95890057],[0.04054599],[0.04054599]
1711148976169352390,[0.92667045],[0.05415886],[0.05415886]
1711148976172292561,[0.90678745],[0.06106146],[0.06106146]
1711148976173898828,[0.90635773],[0.06120205],[0.06120205]
1711148976177019438,[0.9431273],[0.047696],[0.047696]
1711148976358124901,0,[0.82363381],[0.82363381]
1711148976360370244,[0.92096922],[0.05622483],[0.05622483]
1711148976439376651,[0.790273],[0.09159192],[0.09159192]
1711148976442756719,[0.98006569],[0.02823778],[0.02823778]
1711148976443975806,[0.89877374],[0.06363215],[0.06363215]
1711148976446438590,[0.93853882],[0.04958273],[0.04958273]
1711148976452711106,[0.93833424],[0.04966518],[0.04966518]
1711148976455419913,[0.91917926],[0.05685798],[0.05685798]
1711148976649852409,0,[1.52938872],[1.52938872]
1711148976652743521,[0.91106066],[0.0596454],[0.0596454]
1711148976655539779,[0.93170055],[0.05226833],[0.05226833]
1711148976657979618,[0.9105017],[0.05983253],[0.05983253]
1711148976659265340,[0.9312551],[0.0524385],[0.0524385]
1711148976661703375,[0.88600842],[0.06752528],[0.06752528]
1711148976663788728,[0.88556098],[0.06765767],[0.06765767]
1711148976665935991,[0.9489858],[0.04517265],[0.04517265]
1711148976835615119,0,[0.42429094],[0.42429094]
1711148977004692642,0,[1.24646587],[1.24646587]
1711148977007045429,[0.90090799],[0.06295777],[0.06295777]
1711148977008941507,[0.87416744],[0.07094577],[0.07094577]
1711148977010566740,[0.94391986],[0.04736249],[0.04736249]
1711148977011364182,[0.87347167],[0.07114164],[0.07114164]
1711148977012872590,[0.92320955],[0.05542218],[0.05542218]
1711148977014556076,[0.8994296],[0.06342567],[0.06342567]
1711148977016460659,[0.69072435],[0.11122511],[0.11122511]
1711148977017863533,[0.97466756],[0.03183233],[0.03183233]
1711148977019882899,[0.84125695],[0.07968514],[0.07968514]
1711148977022362185,[0.9426814],[0.0478826],[0.0478826]
1711148977024804008,[0.92180304],[0.05592744],[0.05592744]
1711148977027647705,[0.89756761],[0.06401012],[0.06401012]
1711148977028788692,[0.83941387],[0.0801464],[0.0801464]
1711148977031136693,[0.94201744],[0.04815914],[0.04815914]
1711148977293974843,0,[0.58206443],[0.58206443]
1711148977296233412,[0.89390097],[0.06514569],[0.06514569]
1711148977299354949,[0.86529378],[0.07340469],[0.07340469]
1711148977302093286,[0.91829284],[0.05716893],[0.05716893]
1711148977304052556,[0.8929798],[0.06542788],[0.06542788]
1711148977304893583,[0.91783227],[0.05732983],[0.05732983]
1711148977306492456,[0.86380991],[0.07380788],[0.07380788]
1711148977478038497,0,[1.12139832],[1.12139832]
1711148977481237780,[0.85672196],[0.07570417],[0.07570417]
1711148977482498027,[0.91307653],[0.05896557],[0.05896557]
1711148977485450337,[0.88617855],[0.06747487],[0.06747487]
1711148977488239683,[0.85552739],[0.07601911],[0.07601911]
1711148977491113692,[0.85506561],[0.0761405],[0.0761405]
1711148977705821220,0,[1.15623938],[1.15623938]
1711148977709564550,[0.87976151],[0.06935085],[0.06935085]
1711148977711002381,[0.9077052],[0.06076012],[0.06076012]
1711148977713007309,[0.8470365],[0.0782211],[0.0782211]
1711148977715592099,[0.81054629],[0.08705256],[0.08705256]
1711148977718031467,[0.93161399],[0.05230144],[0.05230144]
1711148977720789461,[0.87814032],[0.06981681],[0.06981681]
1711148977721803813,[0.90646229],[0.06116787],[0.06116787]
1711148977911780650,0,[0.91716963],[0.91716963]
1711148977914727658,[0.80188018],[0.08902131],[0.08902131]
1711148977917487728,[0.83902889],[0.08024241],[0.08024241]
1711148977919756262,[0.90235744],[0.06249562],[0.06249562]
1711148977923364080,[0.90214413],[0.06256385],[0.06256385]
1711148977934068706,[0.83779882],[0.08054842],[0.08054842]
1711148977939132224,[0.8714901],[0.07169656],[0.07169656]
1711148977940578150,[0.90137389],[0.06280959],[0.06280959]
1711148978132018035,0,[1.58514693],[1.58514693]
1711148978135193807,[0.90078153],[0.06299793],[0.06299793]
1711148978136816255,[0.87052683],[0.07196476],[0.07196476]
1711148978141627741,[0.65762701],[0.1170253],[0.1170253]
1711148978315897002,0,[1.19105377],[1.19105377]
1711148978317243568,[0.87072397],[0.07190995],[0.07190995]
1711148978319479513,[0.87084312],[0.07187681],[0.07187681]
1711148978321611907,[0.90106467],[0.06290797],[0.06290797]
1711148978323605152,[0.83604765],[0.08098206],[0.08098206]
1711148978325679364,[0.87010577],[0.07208168],[0.07208168]
1711148978326815071,[0.90030578],[0.06314878],[0.06314878]
1711148978516641880,0,[1.24355812],[1.24355812]
1711148978518199813,[0.83516268],[0.08120033],[0.08120033]
1711148978520992065,[0.94900475],[0.04516425],[0.04516425]
1711148978523709691,[0.83474484],[0.08130318],[0.08130318]
1711148978525923583,[0.86954988],[0.07223576],[0.07223576]
1711148978528609206,[0.7536385],[0.09926963],[0.09926963]
1711148978529880656,[0.94915333],[0.04509841],[0.04509841]
1711148978693972451,0,[0.44123076],[0.44123076]
1711148978695230044,[0.90102154],[0.06292169],[0.06292169]
1711148978698142513,[0.870838],[0.07187823],[0.07187823]
1711148978701071449,[0.87096672],[0.0718424],[0.0718424]
1711148978703712888,[0.87108641],[0.07180908],[0.07180908]
1711148978706118502,[0.83671719],[0.08081654],[0.08081654]
1711148978707500803,[0.87064937],[0.0719307],[0.0719307]
1711148978710121024,[0.90074459],[0.06300965],[0.06300965]
1711148978979726170,0,[1.88359851],[1.88359851]
1711148978982292663,[0.9003501],[0.06313475],[0.06313475]
1711148978984705459,[0.90042887],[0.06310979],[0.06310979]
1711148978987116488,[0.83557519],[0.08109866],[0.08109866]
1711148979159682719,0,[1.21756984],[1.21756984]
1711148979165392242,[0.8698412],[0.07215506],[0.07215506]
1711148979167963205,[0.83544368],[0.08113108],[0.08113108]
1711148979169834374,[0.70782382],[0.10810665],[0.10810665]
1711148979171959263,[0.96756782],[0.03601787],[0.03601787]
1711148979174008427,[0.87036665],[0.07200926],[0.07200926]
1711148979350025506,0,[1.15221359],[1.15221359]
1711148979352518848,[0.87074107],[0.0719052],[0.0719052]
1711148979354841932,[0.83600497],[0.0809926],[0.0809926]
1711148979357587191,[0.90057719],[0.06306276],[0.06306276]
1711148979360211938,[0.83525632],[0.08117726],[0.08117726]
1711148979361289082,[0.90011978],[0.06320767],[0.06320767]
1711148979363015221,[0.89990902],[0.06327432],[0.06327432]
1711148979365941364,[0.83447381],[0.08136982],[0.08136982]
1711148979550286168,0,[1.18185325],[1.18185325]
1711148979551314617,[0.92627379],[0.05430514],[0.05430514]
1711148979554883711,[0.8690353],[0.07237809],[0.07237809]
1711148979556390170,[0.83441539],[0.08138418],[0.08138418]
1711148979559223019,[0.86929911],[0.07230516],[0.07230516]
1711148979561958339,[0.92654425],[0.05420544],[0.05420544]
1711148979563522555,[0.90009352],[0.06321597],[0.06321597]
1711148979566992686,[0.83502027],[0.08123539],[0.08123539]
1711148979774254505,0,[1.08072963],[1.08072963]
1711148979776713000,[0.87017522],[0.07206241],[0.07206241]
1711148979778840335,[0.87030186],[0.07202725],[0.07202725]
1711148979779947186,[0.87042895],[0.07199196],[0.07199196]
1711148979787847866,[0.87055269],[0.07195757],[0.07195757]
1711148979790965156,[0.9009158],[0.06295528],[0.06295528]
1711148979793706909,[0.83589545],[0.08101964],[0.08101964]
1711148979796426439,[0.87004464],[0.07209864],[0.07209864]
1711148980002316113,0,[1.57698862],[1.57698862]
1711148980004754069,[0.75531872],[0.09893054],[0.09893054]
1711148980005691221,[0.90086209],[0.06297235],[0.06297235]
1711148980007866495,[0.92704705],[0.05401961],[0.05401961]
1711148980009941789,[0.83555784],[0.08110294],[0.08110294]
1711148980012520237,[0.86979128],[0.07216889],[0.07216889]
1711148980013990958,[0.86952948],[0.07224141],[0.07224141]
1711148980195677068,0,[1.22638835],[1.22638835]
1711148980197522177,[0.90041997],[0.06311261],[0.06311261]
1711148980200721414,[0.60219958],[0.12614284],[0.12614284]
1711148980202027070,[0.9675621],[0.03602105],[0.03602105]
1711148980204491737,[0.90072858],[0.06301473],[0.06301473]
1711148980206978637,[0.87045256],[0.0719854],[0.0719854]
1711148980377988835,0,[0.50372668],[0.50372668]
1711148980380237354,[0.83520987],[0.0811887],[0.0811887]
1711148980384373182,[0.86958689],[0.07222551],[0.07222551]
1711148980386984372,[0.92667308],[0.05415789],[0.05415789]
1711148980390890497,[0.34096365],[0.16236211],[0.16236211]
1711148980393821332,[1.],[0.],[0.]
1711148980395161193,[0.87002116],[0.07210516],[0.07210516]
1711148980398368507,[0.90057938],[0.06306207],[0.06306207]
1711148980638908424,0,[1.513308],[1.513308]
1711148980640026998,[0.87063378],[0.07193503],[0.07193503]
1711148980641986188,[0.90095876],[0.06294164],[0.06294164]
1711148980644039560,[0.87044051],[0.07198875],[0.07198875]
1711148980645592413,[0.79717269],[0.09007271],[0.09007271]
1711148980650556177,[0.9004368],[0.06310727],[0.06310727]
1711148980837382300,0,[1.28858209],[1.28858209]
1711148981018835724,0,[1.52256806],[1.52256806]
1711148981087681285,[0.87047943],[0.07197793],[0.07197793]
1711148981090261877,[0.70893058],[0.1079017],[0.1079017]
1711148981092107747,[0.92731114],[0.05392174],[0.05392174]
1711148981093668365,[0.90111474],[0.06289205],[0.06289205]
1711148981094416111,[0.90103327],[0.06291796],[0.06291796]
1711148981095853832,[0.87054999],[0.07195832],[0.07195832]
1711148981099121292,[0.87035914],[0.07201135],[0.07201135]
1711148981101528668,[0.87016344],[0.07206568],[0.07206568]
1711148981103218306,[0.86996806],[0.07211988],[0.07211988]
1711148981106527346,[0.8697738],[0.07217374],[0.07217374]
1711148981108139985,[0.83513472],[0.08120721],[0.08120721]
1711148981110986912,[0.90036193],[0.063131],[0.063131]
1711148981321474118,0,[1.51313704],[1.51313704]
1711148981322543696,[0.79721842],[0.09006255],[0.09006255]
1711148981323847849,[0.92690687],[0.05407148],[0.05407148]
1711148981325302552,[0.79705702],[0.09009839],[0.09009839]
1711148981326138790,[0.90065081],[0.06303941],[0.06303941]
1711148981327478461,[0.87035541],[0.07201239],[0.07201239]
1711148981329280747,[0.87048003],[0.07197777],[0.07197777]
1711148981335455926,[0.90093028],[0.06295068],[0.06295068]
1711148981496941153,0,[0.50384092],[0.50384092]
1711148981502550751,[0.83527426],[0.08117284],[0.08117284]
1711148981504218957,[0.90023187],[0.06317219],[0.06317219]
1711148981506005563,[0.86960639],[0.07222011],[0.07222011]
1711148981507118296,[0.8351075],[0.08121391],[0.08121391]
1711148981508766423,[0.86984557],[0.07215384],[0.07215384]
1711148981510149769,[0.90044248],[0.06310547],[0.06310547]
1711148981513037043,[0.87007848],[0.07208926],[0.07208926]
1711148981698147964,0,[1.225017],[1.225017]
1711148981701056772,[0.70845559],[0.1079897],[0.1079897]
1711148981703393762,[0.98179334],[0.02698641],[0.02698641]
1711148981704460766,[0.83627056],[0.08092699],[0.08092699]
1711148981706613720,[0.90095559],[0.06294264],[0.06294264]
1711148981708553482,[0.83609554],[0.08097023],[0.08097023]
1711148981888926808,0,[0.95451253],[0.95451253]
1711148981889798013,[0.92716468],[0.05397604],[0.05397604]
1711148981891761410,[0.90077541],[0.06299987],[0.06299987]
1711148981893625786,[0.83582012],[0.08103823],[0.08103823]
1711148981895777087,[0.90057063],[0.06306485],[0.06306485]
1711148982095718211,0,[1.07887438],[1.07887438]
1711148982096893074,[0.83789791],[0.08052381],[0.08052381]
1711148982099757655,[0.90207495],[0.06258596],[0.06258596]
1711148982102472125,[0.87228398],[0.07147476],[0.07147476]
1711148982104663394,[0.83863958],[0.08033939],[0.08033939]
1711148982105809240,[0.90254881],[0.06243435],[0.06243435]
1711148982108377752,[0.83919869],[0.08020008],[0.08020008]
1711148982111955677,[0.87318092],[0.07122333],[0.07122333]
1711148982401914946,0,[2.14899005],[2.14899005]
1711148982403555058,[0.88674268],[0.06730745],[0.06730745]
1711148982405091530,[0.82413597],[0.08387229],[0.08387229]
1711148982407343996,[0.88815922],[0.06688521],[0.06688521]
1711148982408204150,[0.91483696],[0.05836541],[0.05836541]
1711148982410485333,[0.88939543],[0.06651453],[0.06651453]
1711148982603474826,0,[1.03532109],[1.03532109]
1711148982606249997,[0.87500992],[0.07070787],[0.07070787]
1711148982607438582,[0.94480286],[0.04698814],[0.04698814]
1711148982609593410,[0.87660714],[0.07025464],[0.07025464]
1711148982612427576,[0.925882],[0.05444924],[0.05444924]
