Time Step,Health Status,dm,dmdt
1711147921751240418,[1.],[0.],[0.]
1711147921752855661,[1.],[0.],[0.]
1711147921753542121,[1.],[0.],[0.]
1711147921755208444,[0.99999999],[2.04858341e-05],[2.04858341e-05]
1711147921756165402,[0.99999988],[7.01005104e-05],[7.01005104e-05]
1711147921757033327,[0.9999997],[0.00010942],[0.00010942]
1711147921760399592,[0.9999997],[0.0001089],[0.0001089]
1711147921762782478,[0.99999914],[0.00018598],[0.00018598]
1711147921763947152,[0.99999862],[0.00023506],[0.00023506]
1711147921765943679,[0.99999794],[0.00028724],[0.00028724]
1711147921767792147,[0.99999529],[0.00043383],[0.00043383]
1711147921769747865,[0.99999684],[0.00035577],[0.00035577]
1711147921819709851,[0.99999368],[0.0005026],[0.0005026]
1711147921820942407,[0.99999545],[0.00042648],[0.00042648]
1711147921823546411,[0.99999483],[0.00045474],[0.00045474]
1711147921827507796,[0.99999216],[0.00056016],[0.00056016]
1711147921830948589,[0.99999092],[0.00060263],[0.00060263]
1711147921833399553,[0.99998951],[0.0006479],[0.0006479]
1711147921834408653,[0.99998461],[0.00078453],[0.00078453]
1711147921837012827,[0.99998608],[0.00074629],[0.00074629]
1711147921838959697,[0.99998803],[0.0006919],[0.0006919]
1711147922016606905,[0.99997742],[0.00095031],[0.00095031]
1711147922019553327,[0.99997415],[0.00101693],[0.00101693]
1711147922021277298,[0.9999772],[0.00095506],[0.00095506]
1711147922023898695,[0.99998566],[0.0007574],[0.0007574]
1711147922026746905,[0.99992259],[0.00175968],[0.00175968]
1711147922029524346,[0.99999208],[0.00056299],[0.00056299]
1711147922032869767,[0.99996485],[0.00118583],[0.00118583]
1711147922163514397,[0.9999251],[0.00173094],[0.00173094]
1711147922164402661,[0.99998899],[0.00066362],[0.00066362]
1711147922166144681,[0.99994043],[0.00154367],[0.00154367]
1711147922167711730,[0.99996071],[0.00125369],[0.00125369]
1711147922169481294,[0.999928],[0.00169704],[0.00169704]
1711147922170479343,[0.99993759],[0.00158001],[0.00158001]
1711147922172278565,[0.99994848],[0.00143555],[0.00143555]
1711147922174959783,[0.99992672],[0.00171212],[0.00171212]
1711147922282284150,[0.99992038],[0.00178464],[0.00178464]
1711147922283117848,[0.99991432],[0.00185128],[0.00185128]
1711147922284861438,[0.99990677],[0.00193108],[0.00193108]
1711147922286831975,[0.99989943],[0.00200573],[0.00200573]
1711147922289155029,[0.99986269],[0.00234362],[0.00234362]
1711147922291993690,[0.99988296],[0.00216368],[0.00216368]
1711147922293037127,[0.99990417],[0.00195786],[0.00195786]
1711147922444378324,[0.99983065],[0.0026027],[0.0026027]
1711147922446351866,[0.99989064],[0.00209147],[0.00209147]
1711147922448108495,[0.99984757],[0.00246925],[0.00246925]
1711147922450234936,[0.99983838],[0.00254257],[0.00254257]
1711147922451173138,[0.99982719],[0.00262917],[0.00262917]
1711147922453135979,[0.99971145],[0.00339735],[0.00339735]
1711147922456034405,[0.99980258],[0.00281012],[0.00281012]
1711147922460851367,[0.99983996],[0.00253011],[0.00253011]
1711147922464182334,[0.99972139],[0.00333831],[0.00333831]
1711147922609724220,[0.99986868],[0.00229188],[0.00229188]
1711147922612769013,[0.99975675],[0.00311932],[0.00311932]
1711147922614955318,[0.99967274],[0.00361808],[0.00361808]
1711147922620532213,[0.99972696],[0.00330476],[0.00330476]
1711147922623862053,[0.99971278],[0.00338951],[0.00338951]
1711147922625263960,[0.99976967],[0.00303532],[0.00303532]
1711147922628410250,[0.99968467],[0.00355151],[0.00355151]
1711147922631249352,[0.99966901],[0.00363861],[0.00363861]
1711147922761172783,[0.99945422],[0.00467238],[0.00467238]
1711147922763236452,[0.99971857],[0.00335516],[0.00335516]
1711147922764180946,[0.99951356],[0.00441109],[0.00441109]
1711147922766007762,[0.99959616],[0.00401914],[0.00401914]
1711147922768132591,[0.99967719],[0.00359341],[0.00359341]
1711147922770272819,[0.99944256],[0.00472204],[0.00472204]
1711147922773727759,[0.99953784],[0.00429959],[0.00429959]
1711147922775216175,[0.99951633],[0.00439852],[0.00439852]
1711147922777748798,[0.99949382],[0.0044997],[0.0044997]
1711147922937360568,[0.99970394],[0.00344126],[0.00344126]
1711147922940851390,[0.99945115],[0.00468552],[0.00468552]
1711147922944544392,[0.99942401],[0.00479995],[0.00479995]
1711147922946519461,[0.99939524],[0.00491838],[0.00491838]
1711147922949414302,[0.99919129],[0.00568758],[0.00568758]
1711147922952210771,[0.99914496],[0.00584823],[0.00584823]
1711147922954425404,[0.99945381],[0.00467412],[0.00467412]
1711147922956678172,[0.9994293],[0.00477785],[0.00477785]
1711147923139060810,[0.66587393],[0.11560728],[0.11560728]
1711147923143892092,[0.99790255],[0.00915959],[0.00915959]
1711147923148911154,[0.99868899],[0.00724157],[0.00724157]
1711147923150851371,[0.99824421],[0.00838042],[0.00838042]
1711147923154100754,[0.99818676],[0.00851644],[0.00851644]
1711147923157440764,[0.99812267],[0.00866563],[0.00866563]
1711147923160095876,[0.99805369],[0.00882339],[0.00882339]
1711147923162744597,[0.9974608],[0.01007809],[0.01007809]
1711147923164246880,[0.99738758],[0.01022237],[0.01022237]
1711147923332051791,0,[0.20735265],[0.20735265]
1711147923334392210,[0.99738281],[0.0102317],[0.0102317]
1711147923339068462,[0.99650944],[0.01181619],[0.01181619]
1711147923341179811,[0.99646768],[0.01188667],[0.01188667]
1711147923344148566,[0.99543716],[0.01350976],[0.01350976]
1711147923347054679,[0.99717502],[0.01063011],[0.01063011]
1711147923349172422,[0.99523996],[0.0137986],[0.0137986]
1711147923351933342,[0.99517373],[0.01389427],[0.01389427]
1711147923355739142,[0.99611153],[0.01247151],[0.01247151]
1711147923361125332,[0.99695521],[0.01103593],[0.01103593]
1711147923364537543,[0.99596638],[0.01270215],[0.01270215]
1711147923367569451,[0.99687051],[0.01118836],[0.01118836]
1711147923368988170,[0.99474396],[0.01449971],[0.01449971]
1711147923372345184,[0.99676524],[0.01137498],[0.01137498]
1711147923544350636,[0.71013899],[0.10767748],[0.10767748]
1711147923548516583,[0.99516077],[0.01391291],[0.01391291]
1711147923551415512,[0.99509274],[0.01401036],[0.01401036]
1711147923553918909,[0.99502544],[0.01410612],[0.01410612]
1711147923555224187,[0.99361338],[0.01598327],[0.01598327]
1711147923558433932,[0.9948824],[0.01430748],[0.01430748]
1711147923561155014,[0.99603344],[0.01259612],[0.01259612]
1711147923713543456,0,[0.24450381],[0.24450381]
1711147923716462414,[0.99367802],[0.01590217],[0.01590217]
1711147923719618562,[0.99361369],[0.01598288],[0.01598288]
1711147923721098400,[0.99506277],[0.01405309],[0.01405309]
1711147923725371251,[0.99349126],[0.01613535],[0.01613535]
1711147923729216333,[0.99167167],[0.01825194],[0.01825194]
1711147923732180690,[0.99335322],[0.01630556],[0.01630556]
1711147923903867262,0,[0.23413345],[0.23413345]
1711147923905222227,[0.99039556],[0.01960045],[0.01960045]
1711147923908957779,[0.99414386],[0.01530509],[0.01530509]
1711147923913169380,[0.96505007],[0.0373898],[0.0373898]
1711147923915183810,[1.],[0.],[0.]
1711147923916845984,[0.99008276],[0.01991707],[0.01991707]
1711147923920015311,[0.99209742],[0.0177793],[0.0177793]
1711147924078611976,[0.68309225],[0.11258912],[0.11258912]
1711147924082981841,[0.99167365],[0.01824977],[0.01824977]
1711147924085732109,[0.99162285],[0.01830535],[0.01830535]
1711147924087295160,[0.99671039],[0.01147103],[0.01147103]
1711147924089757818,[0.99153075],[0.0184057],[0.0184057]
1711147924092290412,[0.98920049],[0.02078413],[0.02078413]
1711147924094107549,[0.99342056],[0.01622275],[0.01622275]
1711147924095989413,[0.9836446],[0.02557765],[0.02557765]
1711147924099426825,[0.99660233],[0.0116579],[0.0116579]
1711147924345434659,0,[0.42472527],[0.42472527]
1711147924586863072,0,[0.64777488],[0.64777488]
1711147924588589412,[0.98485417],[0.02461368],[0.02461368]
1711147924592082701,[0.99098278],[0.01899181],[0.01899181]
1711147924595060994,[0.98838782],[0.02155196],[0.02155196]
1711147924599334235,[0.95297892],[0.04336869],[0.04336869]
1711147924602069385,[0.98782583],[0.02206732],[0.02206732]
1711147924781417599,0,[0.43501303],[0.43501303]
1711147924786175047,[0.94326405],[0.04763862],[0.04763862]
1711147924787483090,[1.],[0.],[0.]
1711147924790078356,[0.99180255],[0.01810795],[0.01810795]
1711147924791381400,[0.9855703],[0.02402473],[0.02402473]
1711147924795263742,[0.98577323],[0.0238552],[0.0238552]
1711147924798232084,[0.98223536],[0.02665681],[0.02665681]
1711147924801051557,[0.98251641],[0.0264451],[0.0264451]
1711147924954787446,0,[0.33196657],[0.33196657]
1711147924959110866,[0.98061971],[0.02784262],[0.02784262]
1711147924962196940,[0.98804809],[0.02186496],[0.02186496]
1711147924963757336,[0.98409266],[0.02522486],[0.02522486]
1711147924966218831,[0.98763822],[0.02223671],[0.02223671]
1711147924968796092,[0.98399816],[0.02529967],[0.02529967]
1711147924971321121,[0.98000387],[0.02828153],[0.02828153]
1711147925114815769,[0.22645825],[0.17590244],[0.17590244]
1711147925116763655,[0.98810494],[0.0218129],[0.0218129]
1711147925119118834,[0.98784642],[0.02204866],[0.02204866]
1711147925122195870,[0.98385306],[0.02541412],[0.02541412]
1711147925126372234,[0.97933441],[0.02875106],[0.02875106]
1711147925128495096,[0.98747077],[0.02238681],[0.02238681]
1711147925302332877,0,[0.47073905],[0.47073905]
1711147925385183884,[0.98635641],[0.02336116],[0.02336116]
1711147925386385266,[0.97742723],[0.03004848],[0.03004848]
1711147925390688642,[0.98211692],[0.02674553],[0.02674553]
1711147925395644833,[0.9771555],[0.0302288],[0.0302288]
1711147925398245362,[0.981892],[0.02691319],[0.02691319]
1711147925400290754,[0.9860791],[0.02359737],[0.02359737]
1711147925401657688,[0.97687265],[0.03041536],[0.03041536]
1711147925554131479,0,[0.40648506],[0.40648506]
1711147925559535028,[0.98022006],[0.02812824],[0.02812824]
1711147925562434137,[0.97482894],[0.03173078],[0.03173078]
1711147925564814900,[0.98000426],[0.02828126],[0.02828126]
1711147925565958210,[0.97990326],[0.02835259],[0.02835259]
1711147925568318513,[0.97980162],[0.0284242],[0.0284242]
1711147925571196692,[0.97969896],[0.02849635],[0.02849635]
1711147925575559075,[0.97959527],[0.02856903],[0.02856903]
1711147925742888539,0,[0.53010515],[0.53010515]
1711147925746527396,[0.97759205],[0.02993857],[0.02993857]
1711147925749808097,[0.98734324],[0.02250046],[0.02250046]
1711147925752846556,[0.97139566],[0.03382564],[0.03382564]
1711147925755521430,[0.97124298],[0.03391579],[0.03391579]
1711147925760902277,[0.93961056],[0.04914853],[0.04914853]
1711147925762540127,[0.99676887],[0.01136861],[0.01136861]
1711147925765856415,[0.98704149],[0.02276709],[0.02276709]
1711147925925297169,0,[0.40473301],[0.40473301]
1711147925927899422,[0.98121671],[0.02741043],[0.02741043]
1711147925930573715,[0.9688125],[0.03531997],[0.03531997]
1711147925933313044,[0.9686573],[0.03540774],[0.03540774]
1711147925935996144,[0.98095577],[0.02760017],[0.02760017]
1711147925937063777,[0.97502278],[0.03160837],[0.03160837]
1711147925940114865,[0.96823982],[0.03564277],[0.03564277]
1711147926098898120,0,[0.50540906],[0.50540906]
1711147926102760834,[0.96725038],[0.03619371],[0.03619371]
1711147926105490294,[0.98019894],[0.02814325],[0.02814325]
1711147926110061109,[0.96728592],[0.03617407],[0.03617407]
1711147926112003350,[0.97416766],[0.03214488],[0.03214488]
1711147926116324668,[0.95119469],[0.04418385],[0.04418385]
1711147926370821544,0,[0.85859065],[0.85859065]
1711147926375180052,[0.98030498],[0.02806779],[0.02806779]
1711147926378609048,[0.96747784],[0.0360678],[0.0360678]
1711147926379997343,[0.93225173],[0.052057],[0.052057]
1711147926382070018,[0.9983982],[0.00800449],[0.00800449]
1711147926384431012,[0.96758777],[0.03600679],[0.03600679]
1711147926387914785,[0.97442416],[0.03198489],[0.03198489]
1711147926391364253,[0.97445463],[0.03196584],[0.03196584]
1711147926394919065,[0.97448511],[0.03194676],[0.03194676]
1711147926396774498,[0.97450816],[0.03193233],[0.03193233]
1711147926398607187,[0.95164294],[0.04398048],[0.04398048]
1711147926401133920,[0.99358258],[0.01602176],[0.01602176]
1711147926405729596,[0.97425757],[0.03208889],[0.03208889]
1711147926603157004,0,[0.31750001],[0.31750001]
1711147926606273768,[0.97431171],[0.03205513],[0.03205513]
1711147926607898954,[0.96753595],[0.03603556],[0.03603556]
1711147926611016908,[0.98038458],[0.02801101],[0.02801101]
1711147926614167475,[0.9743891],[0.03200681],[0.03200681]
1711147926617455198,[0.9743067],[0.03205826],[0.03205826]
1711147926621685251,[0.95968841],[0.04015549],[0.04015549]
1711147926623877727,[0.98543463],[0.02413741],[0.02413741]
1711147926804364970,0,[0.43435345],[0.43435345]
1711147926806237576,[0.9800788],[0.02822849],[0.02822849]
1711147926810865852,[0.95919012],[0.04040291],[0.04040291]
1711147926812287943,[0.99631677],[0.01213793],[0.01213793]
1711147926814978948,[0.96676529],[0.03646078],[0.03646078]
1711147926816333779,[0.97982637],[0.02840678],[0.02840678]
1711147926819577277,[0.9665392],[0.03658459],[0.03658459]
1711147926981381475,0,[0.58596679],[0.58596679]
1711147926982983265,[0.99825009],[0.00836638],[0.00836638]
1711147926985635506,[0.97195133],[0.03349548],[0.03349548]
1711147926989534623,[0.97846819],[0.02934744],[0.02934744]
1711147926993440917,[0.95592617],[0.04198754],[0.04198754]
1711147926994822660,[0.97834246],[0.029433],[0.029433]
1711147926997375286,[0.97163868],[0.03368164],[0.03368164]
1711147927000342527,[0.9782288],[0.02951013],[0.02951013]
1711147927166961704,0,[0.44671023],[0.44671023]
1711147927171290819,[0.96270085],[0.03862597],[0.03862597]
1711147927173834075,[0.97045245],[0.0343788],[0.0343788]
1711147927177781390,[0.9773281],[0.03011438],[0.03011438]
1711147927181535990,[0.97032312],[0.03445396],[0.03445396]
1711147927186089601,[0.96234787],[0.03880831],[0.03880831]
1711147927190589578,[0.97017722],[0.03453854],[0.03453854]
1711147927193247499,[0.97711735],[0.03025402],[0.03025402]
1711147927353095156,0,[0.25619687],[0.25619687]
1711147927354897295,[0.99238957],[0.01744756],[0.01744756]
1711147927356150568,[0.96140038],[0.03929357],[0.03929357]
1711147927358807988,[0.97659776],[0.03059558],[0.03059558]
1711147927360869461,[0.96122037],[0.03938509],[0.03938509]
1711147927364621266,[0.96112184],[0.03943509],[0.03943509]
1711147927366565989,[0.97642285],[0.0307097],[0.0307097]
1711147927370646301,[0.96093722],[0.03952861],[0.03952861]
1711147927521726862,0,[0.46104132],[0.46104132]
1711147927523008049,[0.97542074],[0.03135555],[0.03135555]
1711147927526950638,[0.96779051],[0.035894],[0.035894]
1711147927529310641,[0.97525351],[0.03146203],[0.03146203]
1711147927536001372,[0.95893196],[0.0405305],[0.0405305]
1711147927539098175,[0.96741878],[0.03610054],[0.03610054]
1711147927542326063,[0.97496069],[0.03164763],[0.03164763]
1711147927716460620,0,[0.62819285],[0.62819285]
1711147927719889523,[0.95467973],[0.04257712],[0.04257712]
1711147927723214199,[0.96397407],[0.03796099],[0.03796099]
1711147927725888938,[0.97226781],[0.03330597],[0.03330597]
1711147927730855291,[0.95388826],[0.04294729],[0.04294729]
1711147927908276168,0,[0.62726238],[0.62726238]
1711147927909780849,[1.],[0.],[0.]
1711147927911112986,[0.96896295],[0.03523467],[0.03523467]
1711147927913927601,[0.95922218],[0.04038704],[0.04038704]
1711147927916540745,[0.9480263],[0.04559548],[0.04559548]
1711147927919194027,[0.96835456],[0.03557833],[0.03557833]
1711147927921695785,[0.95841319],[0.04078569],[0.04078569]
1711147927922854525,[0.95814141],[0.04091874],[0.04091874]
1711147928084582228,0,[0.29545984],[0.29545984]
1711147928086666074,[0.95584848],[0.04202452],[0.04202452]
1711147928089145768,[0.95555812],[0.04216249],[0.04216249]
1711147928091599102,[0.95526727],[0.04230023],[0.04230023]
1711147928094868991,[0.95497221],[0.0424395],[0.0424395]
1711147928098246900,[0.95467764],[0.0425781],[0.0425781]
1711147928101166809,[0.9422428],[0.04806546],[0.04806546]
1711147928102662784,[0.95404955],[0.04287211],[0.04287211]
1711147928277527826,0,[1.35142832],[1.35142832]
1711147928279863911,[0.95733836],[0.04130939],[0.04130939]
1711147928282019677,[0.94396895],[0.04734176],[0.04734176]
1711147928284337638,[0.9118756],[0.05937151],[0.05937151]
1711147928447973492,[0.95655021],[0.04168922],[0.04168922]
1711147928450610051,[0.96792912],[0.03581669],[0.03581669]
1711147928453442214,[0.94269405],[0.04787732],[0.04787732]
1711147928456865752,[0.92703475],[0.05402416],[0.05402416]
1711147928461432298,[0.94199862],[0.04816695],[0.04816695]
1711147928462844600,[0.95535988],[0.04225641],[0.04225641]
1711147928465304987,[0.92579429],[0.05448145],[0.05448145]
1711147928468504277,[0.95485918],[0.04249274],[0.04249274]
1711147928472441798,[0.92496991],[0.05478324],[0.05478324]
1711147928473979735,[0.94036991],[0.04883855],[0.04883855]
1711147928477287638,[0.95411493],[0.0428416],[0.0428416]
1711147928480880153,[0.88600496],[0.0675263],[0.0675263]
1711147928482469249,[0.96589307],[0.03693613],[0.03693613]
1711147928485850574,[0.93908075],[0.04936365],[0.04936365]
1711147928489798200,[0.93876086],[0.04949309],[0.04949309]
1711147928491429257,[0.93844329],[0.04962125],[0.04962125]
1711147928494378914,[0.92166238],[0.05597772],[0.05597772]
1711147928682553173,0,[0.38994699],[0.38994699]
1711147928686160207,[0.93534792],[0.05085355],[0.05085355]
1711147928690697786,[0.93503994],[0.05097453],[0.05097453]
1711147928694093198,[0.91737736],[0.05748831],[0.05748831]
1711147928697192195,[0.93439676],[0.05122626],[0.05122626]
1711147928698610288,[0.94955295],[0.04492084],[0.04492084]
1711147928701359306,[0.93382772],[0.05144795],[0.05144795]
1711147928704945813,[0.93352593],[0.05156513],[0.05156513]
1711147928903437811,0,[1.14431723],[1.14431723]
1711147928904959846,[0.93406758],[0.05135462],[0.05135462]
1711147928908356341,[0.91668933],[0.05772718],[0.05772718]
1711147928910066982,[0.96302765],[0.03845639],[0.03845639]
1711147928913356089,[0.9343651],[0.05123862],[0.05123862]
1711147928916053787,[0.9344712],[0.05119719],[0.05119719]
1711147928919164086,[0.93457894],[0.05115508],[0.05115508]
1711147928920782866,[0.93468649],[0.05111302],[0.05111302]
1711147929202945758,0,[1.11206457],[1.11206457]
1711147929205796383,[0.90285353],[0.06233666],[0.06233666]
1711147929209612379,[0.95252741],[0.04357641],[0.04357641]
1711147929212744741,[0.92170765],[0.05596154],[0.05596154]
1711147929214465563,[0.93836078],[0.0496545],[0.0496545]
1711147929219096382,[0.95293044],[0.04339104],[0.04339104]
1711147929222148588,[0.88408501],[0.06809258],[0.06809258]
1711147929427749549,0,[1.05062982],[1.05062982]
1711147929430444191,[0.94344174],[0.04756396],[0.04756396]
1711147929433853972,[0.94367633],[0.04746522],[0.04746522]
1711147929437035039,[0.91240949],[0.05919139],[0.05919139]
1711147929439891175,[0.95726654],[0.04134415],[0.04134415]
1711147929441479479,[0.96871098],[0.0353774],[0.0353774]
1711147929445515730,[0.91348298],[0.05882755],[0.05882755]
1711147929451364962,[0.95780127],[0.04108466],[0.04108466]
1711147929626295456,0,[0.73140564],[0.73140564]
1711147929632593405,[0.82104358],[0.08460648],[0.08460648]
1711147929634317362,[0.99920822],[0.00562772],[0.00562772]
1711147929638114255,[0.93607814],[0.05056554],[0.05056554]
1711147929642507188,[0.96151535],[0.03923501],[0.03923501]
1711147929644233750,[0.93669508],[0.05032094],[0.05032094]
1711147929647883363,[0.95023777],[0.0446149],[0.0446149]
1711147929828185384,0,[0.69372707],[0.69372707]
1711147929831277804,[0.94207369],[0.04813577],[0.04813577]
1711147929834208056,[0.95447003],[0.04267551],[0.04267551]
1711147929835535554,[0.95469514],[0.04256988],[0.04256988]
1711147929838035748,[0.94296095],[0.0477657],[0.0477657]
1711147929842862641,[0.97476817],[0.03176906],[0.03176906]
1711147929847497140,[0.93025894],[0.05281706],[0.05281706]
1711147930035437291,0,[0.65676749],[0.65676749]
1711147930039077562,[0.96854876],[0.03546899],[0.03546899]
1711147930041914312,[0.94826499],[0.04549066],[0.04549066]
1711147930046513192,[0.95933156],[0.04033283],[0.04033283]
1711147930051545255,[0.96900288],[0.035212],[0.035212]
1711147930055350137,[0.9490089],[0.04516242],[0.04516242]
1711147930226904263,0,[1.20403534],[1.20403534]
1711147930233027282,[0.98037158],[0.02802029],[0.02802029]
1711147930236898170,[0.95601071],[0.04194725],[0.04194725]
1711147930241020725,[0.97349752],[0.03255916],[0.03255916]
1711147930243651233,[0.95637475],[0.04177332],[0.04177332]
1711147930246824317,[0.9565736],[0.04167801],[0.04167801]
1711147930250396153,[0.97384022],[0.03234797],[0.03234797]
1711147930253208073,[0.95693026],[0.0415065],[0.0415065]
1711147930255814795,[0.96611838],[0.03681392],[0.03681392]
1711147930258674608,[0.97416005],[0.03214962],[0.03214962]
1711147930415583906,[0.96637704],[0.03667313],[0.03667313]
1711147930417376898,[0.96651322],[0.03659879],[0.03659879]
1711147930421659160,[0.96664835],[0.03652487],[0.03652487]
1711147930426059451,[0.95796757],[0.04100362],[0.04100362]
1711147930429160552,[0.97467711],[0.03182634],[0.03182634]
1711147930432430301,[0.95830251],[0.04083993],[0.04083993]
1711147930434219284,[0.98153738],[0.02717545],[0.02717545]
1711147930439618438,[0.94891658],[0.04520328],[0.04520328]
1711147930626052682,0,[0.28226815],[0.28226815]
1711147930629259929,[0.97581389],[0.03110377],[0.03110377]
1711147930633045415,[0.96017195],[0.03991393],[0.03991393]
1711147930636829111,[0.96033479],[0.03983225],[0.03983225]
1711147930641957807,[0.96878343],[0.03533643],[0.03533643]
1711147930644112077,[0.97618346],[0.03086522],[0.03086522]
1711147930646829498,[0.9515802],[0.044009],[0.044009]
1711147930649436209,[0.98263201],[0.02635753],[0.02635753]
1711147930793913559,0,[0.27895322],[0.27895322]
1711147930797583976,[0.97008077],[0.03459435],[0.03459435]
1711147930802547543,[0.96227122],[0.0388478],[0.0388478]
1711147930805114878,[0.97030008],[0.03446733],[0.03446733]
1711147930810447152,[0.98334426],[0.02581142],[0.02581142]
1711147930813553058,[0.96264636],[0.03865418],[0.03865418]
1711147930816342505,[0.95406893],[0.04286307],[0.04286307]
1711147930817940808,[0.98855289],[0.02139824],[0.02139824]
1711147930995566580,0,[0.57357006],[0.57357006]
1711147930997824544,[0.96500374],[0.03741458],[0.03741458]
1711147930999824007,[0.97243806],[0.03320358],[0.03320358]
1711147931001727242,[0.95708241],[0.04143312],[0.04143312]
1711147931005018322,[0.95724541],[0.04135436],[0.04135436]
1711147931006876216,[0.98934066],[0.02064882],[0.02064882]
1711147931178749141,0,[0.51811191],[0.51811191]
1711147931180221630,[0.97399386],[0.03225284],[0.03225284]
1711147931183733299,[0.96717993],[0.03623262],[0.03623262]
1711147931187767322,[0.98545099],[0.02412385],[0.02412385]
1711147931194781729,[0.95969535],[0.04015203],[0.04015203]
1711147931196390764,[0.98030822],[0.02806548],[0.02806548]
1711147931370530228,0,[0.54463172],[0.54463172]
1711147931376275853,[0.98016332],[0.02816855],[0.02816855]
1711147931380806964,[0.97415255],[0.03215428],[0.03215428]
1711147931382536122,[0.96738984],[0.03611657],[0.03611657]
1711147931385271383,[0.98032742],[0.02805179],[0.02805179]
1711147931388490133,[0.97435766],[0.03202645],[0.03202645]
1711147931394428668,[0.96762046],[0.03598863],[0.03598863]
1711147931585118994,0,[0.51332896],[0.51332896]
1711147931587190669,[0.98036947],[0.0280218],[0.0280218]
1711147931591294265,[0.97425019],[0.03209349],[0.03209349]
1711147931594444076,[0.96731461],[0.0361582],[0.0361582]
1711147931772123158,0,[0.55034831],[0.55034831]
1711147931773697825,[0.98023697],[0.02811621],[0.02811621]
1711147931778538069,[0.9673958],[0.03611327],[0.03611327]
1711147931784704635,[0.9598541],[0.04007289],[0.04007289]
1711147931788912005,[0.98037629],[0.02801693],[0.02801693]
1711147931792231410,[0.9856081],[0.02399325],[0.02399325]
1711147931793849502,[0.98044543],[0.02796753],[0.02796753]
1711147931796420233,[0.96774449],[0.03591964],[0.03591964]
1711147931981115075,0,[0.53974751],[0.53974751]
1711147931984650796,[0.95229307],[0.04368383],[0.04368383]
1711147931988241647,[0.98575315],[0.02387203],[0.02387203]
1711147931991010002,[0.97462081],[0.0318617],[0.0318617]
1711147931994162764,[0.97454446],[0.03190958],[0.03190958]
1711147931996998590,[0.96766096],[0.03596612],[0.03596612]
1711147931998610038,[0.97434465],[0.03203457],[0.03203457]
1711147932001698529,[0.98031274],[0.02806226],[0.02806226]
1711147932478349812,0,[1.32368059],[1.32368059]
1711147932481185598,[0.99000354],[0.01999646],[0.01999646]
1711147932484122163,[0.95995776],[0.04002111],[0.04002111]
1711147932486392621,[0.98997535],[0.02002463],[0.02002463]
1711147932487274263,[0.95139919],[0.04409118],[0.04409118]
1711147932490972909,[0.98994492],[0.020055],[0.020055]
1711147932494115691,[0.97422884],[0.0321068],[0.0321068]
1711147932497463101,[0.97424865],[0.03209446],[0.03209446]
1711147932499841659,[0.96747285],[0.03607057],[0.03607057]
1711147932502194598,[0.97435619],[0.03202737],[0.03202737]
1711147932504382611,[0.96002388],[0.03998806],[0.03998806]
1711147932506581934,[0.98045485],[0.02796079],[0.02796079]
1711147932508467845,[0.98047697],[0.02794497],[0.02794497]
1711147932509571408,[0.97448235],[0.03194849],[0.03194849]
1711147932510460535,[0.98044022],[0.02797126],[0.02797126]
1711147932511973472,[0.96762003],[0.03598887],[0.03598887]
1711147932514562484,[0.98038908],[0.0280078],[0.0280078]
1711147932516954018,[0.96753753],[0.03603469],[0.03603469]
1711147932696081706,0,[0.47616198],[0.47616198]
1711147932697842585,[0.96752629],[0.03604093],[0.03604093]
1711147932704796216,[0.97439312],[0.0320043],[0.0320043]
1711147932712914455,[0.97444262],[0.03197335],[0.03197335]
1711147932716796642,[0.97449232],[0.03194225],[0.03194225]
1711147932720849656,[0.97453602],[0.03191487],[0.03191487]
1711147932724304794,[0.98050881],[0.02792217],[0.02792217]
1711147932961733796,0,[0.69950416],[0.69950416]
1711147932962973965,[0.99839881],[0.00800297],[0.00800297]
1711147932965357070,[0.97437458],[0.03201588],[0.03201588]
1711147932972261030,[0.97435956],[0.03202527],[0.03202527]
1711147932974197631,[0.97436018],[0.03202488],[0.03202488]
1711147932977335283,[0.97434689],[0.03203318],[0.03203318]
1711147933180689566,0,[0.44360639],[0.44360639]
1711147933184460156,[0.9600413],[0.03997935],[0.03997935]
1711147933187129136,[0.98041601],[0.02798856],[0.02798856]
1711147933189904980,[0.96761416],[0.03599213],[0.03599213]
1711147933194375472,[0.98040607],[0.02799566],[0.02799566]
1711147933195993987,[0.98039908],[0.02800066],[0.02800066]
1711147933199927972,[0.96759463],[0.03600298],[0.03600298]
1711147933217746100,[0.97438776],[0.03200765],[0.03200765]
1711147933221244222,[0.97438196],[0.03201127],[0.03201127]
1711147933414669619,0,[0.48390122],[0.48390122]
1711147933417417098,[0.98042284],[0.02798368],[0.02798368]
1711147933418765369,[0.97442461],[0.03198462],[0.03198462]
1711147933421429592,[0.96003173],[0.03998413],[0.03998413]
1711147933425097544,[0.9856093],[0.02399225],[0.02399225]
1711147933513490466,[0.98040913],[0.02799347],[0.02799347]
1711147933517415058,[0.95162124],[0.04399035],[0.04399035]
1711147933698807805,0,[0.92270036],[0.92270036]
1711147933701456695,[0.98052162],[0.027913],[0.027913]
1711147933703834044,[0.98051805],[0.02791555],[0.02791555]
1711147933706445252,[0.9677981],[0.03588977],[0.03588977]
1711147933707867135,[0.97455394],[0.03190364],[0.03190364]
1711147933710490776,[0.97455267],[0.03190444],[0.03190444]
1711147933717120809,[0.87115961],[0.07178869],[0.07178869]
1711147933902551715,0,[0.44275027],[0.44275027]
1711147933905237016,[0.98051334],[0.02791892],[0.02791892]
1711147933908276016,[0.97454118],[0.03191164],[0.03191164]
1711147933909598979,[0.98050283],[0.02792645],[0.02792645]
1711147933912324085,[0.96778708],[0.03589592],[0.03589592]
1711147933914937377,[0.97454292],[0.03191055],[0.03191055]
1711147933917437602,[0.95186383],[0.04387992],[0.04387992]
1711147934098452165,0,[0.53429304],[0.53429304]
1711147934101289288,[0.97457364],[0.03189129],[0.03189129]
1711147934105753226,[0.98053918],[0.02790041],[0.02790041]
1711147934109456884,[0.96027496],[0.03986228],[0.03986228]
1711147934111165818,[0.98570607],[0.02391145],[0.02391145]
1711147934114266777,[0.97458292],[0.03188547],[0.03188547]
1711147934117823132,[0.9805343],[0.02790391],[0.02790391]
1711147934289688269,0,[0.68098752],[0.68098752]
1711147934292379142,[0.98574361],[0.02388003],[0.02388003]
1711147934296126777,[0.96792187],[0.03582074],[0.03582074]
1711147934297973756,[0.9746625],[0.03183552],[0.03183552]
1711147934300750813,[0.98060786],[0.02785114],[0.02785114]
1711147934303529513,[0.96793575],[0.03581298],[0.03581298]
1711147934307046014,[0.98061348],[0.02784709],[0.02784709]
1711147934310811322,[0.97467673],[0.03182658],[0.03182658]
1711147934313098687,[0.98061027],[0.0278494],[0.0278494]
1711147934314958471,[0.96796484],[0.03579674],[0.03579674]
1711147934317761208,[0.9806161],[0.02784522],[0.02784522]
1711147934320815497,[0.96045603],[0.03977133],[0.03977133]
1711147934323777563,[0.98063082],[0.02783464],[0.02783464]
1711147934327689062,[0.96797406],[0.03579158],[0.03579158]
1711147934329989102,[0.96799069],[0.03578229],[0.03578229]
1711147934331297717,[0.98577341],[0.02385505],[0.02385505]
1711147934334042579,[0.97471199],[0.03180441],[0.03180441]
1711147934520913954,[0.97471625],[0.03180173],[0.03180173]
1711147934523848553,[0.97472051],[0.03179905],[0.03179905]
1711147934525419648,[0.97472355],[0.03179714],[0.03179714]
1711147934527916927,[0.97472687],[0.03179505],[0.03179505]
1711147934530358620,[0.97473184],[0.03179192],[0.03179192]
1711147934532787638,[0.98065561],[0.02781683],[0.02781683]
1711147934534020858,[0.95225035],[0.04370339],[0.04370339]
1711147934815049246,0,[0.72215111],[0.72215111]
1711147934817679851,[0.98076666],[0.02773686],[0.02773686]
1711147934818974840,[0.96822127],[0.03565318],[0.03565318]
1711147934824152895,[0.98077892],[0.02772802],[0.02772802]
1711147934827572503,[0.97490517],[0.03168269],[0.03168269]
1711147934829328969,[0.9749139],[0.03167719],[0.03167719]
1711147934832526593,[0.97492268],[0.03167164],[0.03167164]
1711147934835210621,[0.97493184],[0.03166585],[0.03166585]
1711147935012486461,0,[0.50968937],[0.50968937]
1711147935016476971,[0.97512272],[0.03154506],[0.03154506]
1711147935019458291,[0.98096103],[0.02759635],[0.02759635]
1711147935022941826,[0.96854964],[0.0354685],[0.0354685]
1711147935026855757,[0.96856474],[0.03545998],[0.03545998]
1711147935028816115,[0.97517885],[0.03150946],[0.03150946]
1711147935032744584,[0.98100827],[0.0275621],[0.0275621]
1711147935036337742,[0.97520551],[0.03149253],[0.03149253]
1711147935039307309,[0.97521991],[0.03148339],[0.03148339]
1711147935200061189,0,[0.40450786],[0.40450786]
1711147935376115723,0,[0.62562818],[0.62562818]
1711147935379308715,[0.96914535],[0.03513098],[0.03513098]
1711147935381962625,[0.91428308],[0.0585549],[0.0585549]
1711147935385022886,[0.99961928],[0.00390241],[0.00390241]
1711147935387706624,[0.97561513],[0.03123131],[0.03123131]
1711147935391521585,[0.97560867],[0.03123544],[0.03123544]
1711147935394462698,[0.98131703],[0.02733713],[0.02733713]
1711147935399068545,[0.96910663],[0.03515302],[0.03515302]
1711147935402360131,[0.98129804],[0.02735102],[0.02735102]
1711147935405932854,[0.96907319],[0.03517204],[0.03517204]
1711147935407699389,[0.96904792],[0.03518641],[0.03518641]
1711147935410068622,[0.98623353],[0.02346612],[0.02346612]
1711147935412572483,[0.9755045],[0.03130208],[0.03130208]
1711147935414499947,[0.96896633],[0.03523275],[0.03523275]
1711147935416514659,[0.97544423],[0.03134056],[0.03134056]
1711147935590893232,0,[0.2477674],[0.2477674]
1711147935597796294,[0.97500357],[0.03162052],[0.03162052]
1711147935601361286,[0.96827096],[0.03562529],[0.03562529]
1711147935604650657,[0.97484334],[0.03172171],[0.03172171]
1711147935606449524,[0.97476268],[0.03177252],[0.03177252]
1711147935610164032,[0.9746796],[0.03182477],[0.03182477]
1711147935612494080,[0.97458836],[0.03188206],[0.03188206]
1711147935616066356,[0.97449665],[0.03193954],[0.03193954]
1711147935801165170,0,[0.52134932],[0.52134932]
1711147935803819053,[0.97871347],[0.02917981],[0.02917981]
1711147935807806081,[0.97203917],[0.03344299],[0.03344299]
1711147935810448029,[0.96438143],[0.03774577],[0.03774577]
1711147935813318295,[0.9716647],[0.03366618],[0.03366618]
1711147935815008783,[0.97148325],[0.03377381],[0.03377381]
1711147935818023427,[0.95511975],[0.04236992],[0.04236992]
1711147935989185478,0,[0.58532113],[0.58532113]
1711147935992021649,[0.96752714],[0.03604045],[0.03604045]
1711147935994894590,[0.9672912],[0.03617115],[0.03617115]
1711147935998029164,[0.96705183],[0.03630326],[0.03630326]
1711147935999424365,[0.96681116],[0.03643561],[0.03643561]
1711147936289964031,0,[0.99594788],[0.99594788]
1711147936293351721,[0.9088509],[0.06038182],[0.06038182]
1711147936295374969,[0.99426352],[0.01514791],[0.01514791]
1711147936299696425,[0.95901746],[0.04048829],[0.04048829]
1711147936301982249,[0.95872558],[0.04063221],[0.04063221]
1711147936305770699,[0.94737234],[0.04588144],[0.04588144]
1711147936309393161,[0.95810159],[0.0409382],[0.0409382]
1711147936485132577,0,[0.42260298],[0.42260298]
1711147936488125488,[0.95476107],[0.04253889],[0.04253889]
1711147936492639763,[0.97439605],[0.03200247],[0.03200247]
1711147936495020568,[0.95424546],[0.04278062],[0.04278062]
1711147936499812650,[0.95392332],[0.04293096],[0.04293096]
1711147936504400587,[0.95361165],[0.04307591],[0.04307591]
1711147936508830674,[0.95331875],[0.04321169],[0.04321169]
1711147936695199313,0,[1.08498348],[1.08498348]
1711147936697987421,[0.94547794],[0.04669992],[0.04669992]
1711147936699156988,[0.94516611],[0.04683328],[0.04683328]
1711147936701368037,[0.95778721],[0.0410915],[0.0410915]
1711147936707435206,[0.82988856],[0.08248914],[0.08248914]
1711147936709822887,[0.99215202],[0.01771776],[0.01771776]
1711147936891035956,0,[0.4795614],[0.4795614]
1711147936894458062,[0.90740174],[0.06085992],[0.06085992]
1711147936896652301,[0.96648783],[0.03661266],[0.03661266]
1711147936900248642,[0.95417336],[0.04281431],[0.04281431]
1711147936901658541,[0.90602141],[0.06131185],[0.06131185]
1711147936990498487,[0.96598302],[0.03688739],[0.03688739]
1711147937160265331,0,[1.60514001],[1.60514001]
1711147937332023480,0,[1.06945836],[1.06945836]
1711147937335275731,[0.92354923],[0.05529947],[0.05529947]
1711147937337526746,[0.94124724],[0.04847794],[0.04847794]
1711147937339502684,[0.90251036],[0.06244666],[0.06244666]
1711147937341484763,[0.92264754],[0.05562462],[0.05562462]
1711147937343606691,[0.92234703],[0.05573257],[0.05573257]
1711147937346822942,[0.94032716],[0.04885605],[0.04885605]
1711147937349551716,[0.85202226],[0.07693575],[0.07693575]
1711147937352569906,[0.95579148],[0.04205164],[0.04205164]
1711147937354660834,[0.93963599],[0.04913818],[0.04913818]
1711147937361595858,[0.89984635],[0.06329412],[0.06329412]
1711147937365364466,[0.93917525],[0.04932535],[0.04932535]
1711147937367546759,[0.92027918],[0.05646975],[0.05646975]
1711147937371266385,[0.91997865],[0.05657609],[0.05657609]
1711147937550669182,[0.87443941],[0.07086906],[0.07086906]
1711147937552048723,[0.95462961],[0.04260065],[0.04260065]
1711147937554785935,[0.89756625],[0.06401055],[0.06401055]
1711147937561393938,[0.91874188],[0.05701162],[0.05701162]
1711147937727784068,0,[0.81638894],[0.81638894]
1711147937731217776,[0.9343467],[0.0512458],[0.0512458]
1711147937735472580,[0.89108051],[0.0660059],[0.0660059]
1711147937738761429,[0.95143666],[0.04407418],[0.04407418]
1711147937741822934,[0.9134045],[0.05885423],[0.05885423]
1711147937745871974,[0.89000719],[0.06633033],[0.06633033]
1711147937749443087,[0.93322491],[0.05168175],[0.05168175]
1711147937751691277,[0.91250967],[0.05915753],[0.05915753]
1711147937757351590,[0.88887407],[0.06667111],[0.06667111]
1711147937941782160,0,[0.89346774],[0.89346774]
1711147937945954788,[0.88281618],[0.06846424],[0.06846424]
1711147937948594448,[0.90708667],[0.06096338],[0.06096338]
1711147937951006493,[0.928643],[0.05342546],[0.05342546]
1711147937951998780,[0.88167595],[0.06879653],[0.06879653]
1711147937954452705,[0.92818271],[0.05359749],[0.05359749]
1711147937958678656,[0.66880119],[0.11509975],[0.11509975]
1711147938138164792,0,[0.87812276],[0.87812276]
1711147938142249412,[0.90108864],[0.06290035],[0.06290035]
1711147938143925944,[0.87441398],[0.07087623],[0.07087623]
1711147938147904235,[0.92378777],[0.05521313],[0.05521313]
1711147938153411437,[0.90017922],[0.06318885],[0.06318885]
1711147938156533757,[0.87326226],[0.07120049],[0.07120049]
1711147938160767222,[0.84296232],[0.07925596],[0.07925596]
1711147938355223244,0,[1.4602927],[1.4602927]
1711147938358756975,[0.89220629],[0.06566391],[0.06566391]
1711147938360383320,[0.89189617],[0.06575829],[0.06575829]
1711147938362934753,[0.86277003],[0.07408913],[0.07408913]
1711147938364956207,[0.89123625],[0.0659587],[0.0659587]
1711147938366905042,[0.89092535],[0.0660529],[0.0660529]
1711147938369673703,[0.8615274],[0.07442381],[0.07442381]
1711147938374607446,[0.91600283],[0.05796453],[0.05796453]
1711147938570305236,0,[1.07043408],[1.07043408]
1711147938574117502,[0.91403157],[0.05864075],[0.05864075]
1711147938578679017,[0.85805879],[0.07535017],[0.07535017]
1711147938582411039,[0.8250053],[0.08366474],[0.08366474]
1711147938584199747,[0.95629807],[0.04181001],[0.04181001]
1711147938587708790,[0.85857395],[0.07521331],[0.07521331]
1711147938591510125,[0.88840704],[0.06681107],[0.06681107]
1711147938594501605,[0.8885541],[0.06676703],[0.06676703]
1711147938873124242,0,[1.38008881],[1.38008881]
1711147938876536199,[0.8936388],[0.06522613],[0.06522613]
1711147938881418369,[0.79968088],[0.08951405],[0.08951405]
1711147938884772225,[0.95874247],[0.0406239],[0.0406239]
1711147938887366069,[0.86671813],[0.07301558],[0.07301558]
1711147938891600867,[0.8361168],[0.08096498],[0.08096498]
1711147938893043369,[0.94120685],[0.0484946],[0.0484946]
1711147938896959820,[0.92020903],[0.05649459],[0.05649459]
1711147939073928068,0,[1.02290474],[1.02290474]
1711147939075376351,[0.87773147],[0.06993383],[0.06993383]
1711147939079398561,[0.90386643],[0.06201083],[0.06201083]
1711147939082969118,[0.90449148],[0.06180891],[0.06180891]
1711147939086739234,[0.92725899],[0.05394108],[0.05394108]
1711147939090626224,[0.90547915],[0.06148849],[0.06148849]
1711147939092436422,[0.92801512],[0.05366],[0.05366]
1711147939096045686,[0.85394088],[0.07643536],[0.07643536]
1711147939100740776,[0.92885937],[0.0533444],[0.0533444]
1711147939368916996,0,[1.86010636],[1.86010636]
1711147939371802441,[0.92664844],[0.05416699],[0.05416699]
1711147939374664621,[0.97152962],[0.03374634],[0.03374634]
1711147939377536941,[0.92758726],[0.05381923],[0.05381923]
1711147939380484208,[0.92815515],[0.05360778],[0.05360778]
1711147939383346479,[0.92872172],[0.05339598],[0.05339598]
1711147939385967335,[0.91054803],[0.05981704],[0.05981704]
1711147939759102220,0,[1.63777773],[1.63777773]
1711147939761671859,[0.94636972],[0.04631643],[0.04631643]
1711147939764145082,[0.94678708],[0.04613585],[0.04613585]
1711147939765415714,[0.95954459],[0.04022706],[0.04022706]
1711147939768595014,[0.93366195],[0.05151235],[0.05151235]
1711147939771466562,[0.91884135],[0.05697671],[0.05697671]
1711147939957546518,0,[0.77571387],[0.77571387]
1711147939960594830,[0.94275232],[0.04785298],[0.04785298]
1711147939963346759,[0.95510259],[0.04237802],[0.04237802]
1711147939966376895,[0.88252254],[0.06854997],[0.06854997]
1711147939967476609,[0.99723755],[0.01051181],[0.01051181]
1711147939971559617,[0.95599104],[0.04195662],[0.04195662]
1711147939974977896,[0.93177009],[0.05224171],[0.05224171]
1711147940137878038,0,[0.23747175],[0.23747175]
1711147940142246323,[0.93490061],[0.05102916],[0.05102916]
1711147940144897037,[0.94767525],[0.04574921],[0.04574921]
1711147940147655407,[0.97688489],[0.03040731],[0.03040731]
1711147940150900113,[0.95913716],[0.04042912],[0.04042912]
1711147940152266989,[0.95939737],[0.04030019],[0.04030019]
1711147940154975955,[0.92380665],[0.05520629],[0.05520629]
1711147940330456607,0,[0.49636819],[0.49636819]
1711147940331933024,[0.95299169],[0.0433628],[0.0433628]
1711147940335807881,[0.96307866],[0.03842985],[0.03842985]
1711147940341296022,[0.97188116],[0.03353734],[0.03353734]
1711147940345062481,[0.95377208],[0.04300136],[0.04300136]
1711147940346601729,[0.97956072],[0.02859321],[0.02859321]
1711147940349777932,[0.95425004],[0.04277848],[0.04277848]
1711147940352315879,[0.97247395],[0.03318195],[0.03318195]
1711147940356821503,[0.96423332],[0.03782416],[0.03782416]
1711147940360895382,[0.95499547],[0.04242854],[0.04242854]
1711147940537349849,0,[0.51311742],[0.51311742]
1711147940542190736,[0.95832988],[0.04082652],[0.04082652]
1711147940545583677,[0.96724137],[0.03619869],[0.03619869]
1711147940546720411,[0.96739804],[0.03611203],[0.03611203]
1711147940549268398,[0.97514873],[0.03152857],[0.03152857]
1711147940551955191,[0.95911653],[0.04043932],[0.04043932]
1711147940554658787,[0.93928232],[0.04928192],[0.04928192]
1711147940556923885,[0.98751537],[0.02234692],[0.02234692]
1711147940562026665,[0.97561182],[0.03123343],[0.03123343]
1711147940765143135,0,[0.83791492],[0.83791492]
1711147940768859667,[0.95526307],[0.04230221],[0.04230221]
1711147940772396153,[0.9888555],[0.0211135],[0.0211135]
1711147940778050200,[0.97156154],[0.03372741],[0.03372741]
1711147940779974351,[0.97167046],[0.03366277],[0.03366277]
1711147940982725437,0,[0.6602601],[0.6602601]
1711147940985127012,[0.95036899],[0.04455604],[0.04455604]
1711147940987618450,[0.97997385],[0.02830276],[0.02830276]
1711147940989310054,[0.98003419],[0.02826008],[0.02826008]
1711147940994554962,[0.98008852],[0.02822161],[0.02822161]
1711147940997231917,[0.974074],[0.03220311],[0.03220311]
1711147941000511887,[0.97415829],[0.03215072],[0.03215072]
1711147941004016372,[0.96740904],[0.03610593],[0.03610593]
1711147941277874582,0,[1.11612193],[1.11612193]
1711147941281743785,[0.97425217],[0.03209226],[0.03209226]
1711147941285226232,[0.97430712],[0.032058],[0.032058]
1711147941288421374,[0.97437737],[0.03201414],[0.03201414]
1711147941292334525,[0.96767016],[0.035961],[0.035961]
1711147941294970522,[0.97452901],[0.03191927],[0.03191927]
1711147941298121408,[0.9745862],[0.03188341],[0.03188341]
1711147941301293206,[0.98055447],[0.02788945],[0.02788945]
1711147941304007296,[0.96776801],[0.03590654],[0.03590654]
1711147941309291148,[0.9744454],[0.03197161],[0.03197161]
1711147941312569465,[0.96754835],[0.03602868],[0.03602868]
1711147941539226977,[0.97429437],[0.03206595],[0.03206595]
1711147941540631901,[0.98026971],[0.02809291],[0.02809291]
1711147941543602555,[0.95123402],[0.04416604],[0.04416604]
1711147941546360686,[0.98994304],[0.02005688],[0.02005688]
1711147941549314328,[0.97430934],[0.03205661],[0.03205661]
1711147941550364236,[0.97437937],[0.03201289],[0.03201289]
1711147941552777046,[0.97444879],[0.03196949],[0.03196949]
1711147941646974156,[0.96775365],[0.03591454],[0.03591454]
1711147941649638359,[0.98569997],[0.02391654],[0.02391654]
1711147941653227609,[0.96786434],[0.03585284],[0.03585284]
1711147941654990886,[0.9805272],[0.02790899],[0.02790899]
1711147942109352647,0,[1.85066519],[1.85066519]
1711147942112090184,[0.96062133],[0.03968812],[0.03968812]
1711147942113769245,[0.98581596],[0.02381936],[0.02381936]
1711147942119274557,[0.93338833],[0.05161847],[0.05161847]
1711147942128497311,[0.99842286],[0.00794264],[0.00794264]
1711147942131924820,[0.96056235],[0.03971783],[0.03971783]
1711147942133259146,[0.98066876],[0.02780736],[0.02780736]
1711147942313018360,0,[0.66796681],[0.66796681]
1711147942316113256,[0.98057804],[0.02787254],[0.02787254]
1711147942319113868,[0.97462979],[0.03185606],[0.03185606]
1711147942322413306,[0.97462695],[0.03185784],[0.03185784]
1711147942326221361,[0.96788391],[0.03584193],[0.03584193]
1711147942329741447,[0.98056991],[0.02787837],[0.02787837]
1711147942333862807,[0.96787818],[0.03584512],[0.03584512]
1711147942338743214,[0.97461811],[0.03186339],[0.03186339]
1711147942343771558,[0.98056597],[0.0278812],[0.0278812]
1711147942347386941,[0.96787278],[0.03584814],[0.03584814]
1711147942351191008,[0.98056423],[0.02788245],[0.02788245]
1711147942354336354,[0.96787057],[0.03584937],[0.03584937]
1711147942550727202,[0.96787003],[0.03584967],[0.03584967]
1711147942553208987,[0.98056325],[0.02788315],[0.02788315]
1711147942555788022,[0.97461336],[0.03186637],[0.03186637]
1711147942561415004,[0.93296296],[0.05178303],[0.05178303]
1711147942564549206,[0.9936531],[0.01593348],[0.01593348]
1711147942566343744,[0.9746118],[0.03186735],[0.03186735]
1711147942780405885,0,[0.60526221],[0.60526221]
1711147942877456195,[0.98055919],[0.02788606],[0.02788606]
1711147942879214912,[0.98055899],[0.02788621],[0.02788621]
1711147942881060310,[0.94286737],[0.04780486],[0.04780486]
1711147942883581582,[0.99008102],[0.01991881],[0.01991881]
1711147942887173650,[0.9746072],[0.03187024],[0.03187024]
1711147943107568980,0,[0.95142277],[0.95142277]
1711147943111548656,[0.97458495],[0.03188419],[0.03188419]
1711147943115096861,[0.96783188],[0.03587094],[0.03587094]
1711147943327622804,0,[0.60188105],[0.60188105]
1711147943330635770,[0.97454283],[0.0319106],[0.0319106]
1711147943332795353,[0.96777764],[0.03590117],[0.03590117]
1711147943334974805,[0.96021431],[0.0398927],[0.0398927]
1711147943337534894,[0.98567558],[0.02393693],[0.02393693]
1711147943341807250,[0.97453221],[0.03191726],[0.03191726]
1711147943343252815,[0.97452973],[0.03191881],[0.03191881]
1711147943557107543,0,[0.70233675],[0.70233675]
1711147943561028887,[0.96769875],[0.0359451],[0.0359451]
1711147943564062173,[0.96769523],[0.03594705],[0.03594705]
1711147943566087984,[0.98045275],[0.0279623],[0.0279623]
1711147943569177661,[0.97447294],[0.03195438],[0.03195438]
1711147943572120442,[0.98563925],[0.02396727],[0.02396727]
1711147943575314553,[0.96768603],[0.03595217],[0.03595217]
1711147943579006440,[0.96768427],[0.03595315],[0.03595315]
1711147943863410594,0,[0.63531007],[0.63531007]
1711147943865475522,[0.98041291],[0.02799078],[0.02799078]
1711147943867288817,[0.97441536],[0.0319904],[0.0319904]
1711147943869199803,[0.96761736],[0.03599036],[0.03599036]
1711147943870700482,[0.96761449],[0.03599195],[0.03599195]
1711147943874268135,[0.97440819],[0.03199488],[0.03199488]
1711147943879931210,[0.98560325],[0.02399729],[0.02399729]
1711147943883217202,[0.9676044],[0.03599756],[0.03599756]
1711147944069245106,0,[0.44404849],[0.44404849]
1711147944073520560,[0.97438455],[0.03200965],[0.03200965]
1711147944075702518,[0.97438299],[0.03201063],[0.03201063]
1711147944079495483,[0.97438085],[0.03201196],[0.03201196]
1711147944082752658,[0.96757278],[0.03601512],[0.03601512]
1711147944085666549,[0.98038197],[0.02801287],[0.02801287]
1711147944088891671,[0.96756795],[0.0360178],[0.0360178]
1711147944091037433,[0.96756579],[0.036019],[0.036019]
1711147944298371982,0,[0.95646197],[0.95646197]
1711147944301339308,[0.97436414],[0.0320224],[0.0320224]
1711147944304414786,[0.94232019],[0.04803324],[0.04803324]
1711147944311707505,[0.99359134],[0.01601082],[0.01601082]
1711147944314490550,[0.9743662],[0.03202112],[0.03202112]
1711147944316611218,[0.9743681],[0.03201993],[0.03201993]
1711147944319488568,[0.97436972],[0.03201892],[0.03201892]
1711147944321415966,[0.98037718],[0.0280163],[0.0280163]
1711147944329117047,[0.96756451],[0.03601971],[0.03601971]
1711147944330978776,[0.96756505],[0.03601941],[0.03601941]
1711147944332823072,[0.8842871],[0.0680332],[0.0680332]
1711147944334528475,[0.98038439],[0.02801115],[0.02801115]
1711147944337299667,[0.98039778],[0.02800159],[0.02800159]
1711147944338866900,[0.97444371],[0.03197267],[0.03197267]
1711147944527449017,[0.97448809],[0.03194489],[0.03194489]
1711147944529478957,[0.98048843],[0.02793676],[0.02793676]
1711147944531292572,[0.97452257],[0.0319233],[0.0319233]
1711147944533069175,[0.95183469],[0.04389319],[0.04389319]
1711147944534600076,[0.98567255],[0.02393947],[0.02393947]
1711147944536874414,[0.97452837],[0.03191967],[0.03191967]
1711147944538857291,[0.96020502],[0.03989736],[0.03989736]
1711147944729338030,0,[0.49847192],[0.49847192]
1711147944732727063,[0.94281521],[0.04782668],[0.04782668]
1711147944734487373,[0.99364851],[0.01593925],[0.01593925]
1711147944738513075,[0.97459287],[0.03187923],[0.03187923]
1711147944742639819,[0.96030883],[0.03984529],[0.03984529]
1711147944747682324,[0.985714],[0.02390481],[0.02390481]
1711147944752251360,[0.96786198],[0.03585416],[0.03585416]
1711147944943825965,0,[0.50936958],[0.50936958]
1711147944946856175,[0.96801476],[0.03576883],[0.03576883]
1711147944950354042,[0.985792],[0.02383947],[0.02383947]
1711147944954347283,[0.89900912],[0.06355812],[0.06355812]
1711147944956187274,[1.],[0.],[0.]
1711147944960689767,[0.96806578],[0.0357403],[0.0357403]
1711147945139092839,0,[0.41226523],[0.41226523]
1711147945142240690,[0.97495388],[0.03165193],[0.03165193]
1711147945145945933,[0.96832339],[0.03559585],[0.03559585]
1711147945149017566,[0.98592796],[0.02372513],[0.02372513]
1711147945150689233,[0.97499734],[0.03162446],[0.03162446]
1711147945439392415,0,[1.03898391],[1.03898391]
1711147945443584928,[0.96141134],[0.03928799],[0.03928799]
1711147945445030872,[0.98610223],[0.02357776],[0.02357776]
1711147945448358185,[0.97528018],[0.03144507],[0.03144507]
1711147945453243762,[0.97526231],[0.03145644],[0.03145644]
1711147945458345898,[0.97523927],[0.03147109],[0.03147109]
1711147945661729121,0,[0.4797658],[0.4797658]
1711147945664086342,[0.97421126],[0.03211775],[0.03211775]
1711147945666166269,[0.97410931],[0.03218117],[0.03218117]
1711147945670275885,[0.86803674],[0.07265349],[0.07265349]
1711147945674749922,[0.97990439],[0.0283518],[0.0283518]
1711147945679273053,[0.97364424],[0.03246891],[0.03246891]
1711147945680803072,[0.97973745],[0.02846932],[0.02846932]
1711147945683717686,[0.96634178],[0.03669235],[0.03669235]
1711147945686853383,[0.97954397],[0.02860491],[0.02860491]
1711147945904069282,0,[0.74269792],[0.74269792]
1711147945906761985,[0.96124402],[0.03937308],[0.03937308]
1711147945910127162,[0.98266461],[0.02633278],[0.02633278]
1711147945912452690,[0.93011681],[0.05287086],[0.05287086]
1711147945914275282,[0.98239281],[0.02653842],[0.02653842]
1711147945917704274,[0.95074815],[0.04438551],[0.04438551]
1711147946193029313,0,[0.80513873],[0.80513873]
1711147946470830729,0,[0.96446043],[0.96446043]
1711147946473034159,[0.95601848],[0.04194354],[0.04194354]
1711147946475739021,[0.966117],[0.03681467],[0.03681467]
1711147946478874668,[0.95546794],[0.04220524],[0.04220524]
1711147946480880871,[0.95518196],[0.04234054],[0.04234054]
1711147946483931065,[0.94287943],[0.04779982],[0.04779982]
1711147946487985409,[0.9652202],[0.03729868],[0.03729868]
1711147946492046744,[0.94214391],[0.04810659],[0.04810659]
1711147946497549183,[0.96477389],[0.03753724],[0.03753724]
1711147946500871146,[0.95371923],[0.04302593],[0.04302593]
1711147946503680763,[0.95342587],[0.04316208],[0.04316208]
1711147946506760384,[0.96412967],[0.03787893],[0.03787893]
1711147947043632106,0,[2.53642866],[2.53642866]
1711147947047368134,[0.95158594],[0.04400639],[0.04400639]
1711147947050139629,[0.9195847],[0.05671518],[0.05671518]
1711147947053093289,[0.93614205],[0.05054026],[0.05054026]
1711147947054957564,[0.91877538],[0.05699987],[0.05699987]
1711147947057977178,[0.91834842],[0.05714948],[0.05714948]
1711147947059006966,[0.97469604],[0.03181444],[0.03181444]
1711147947260422144,0,[1.41754357],[1.41754357]
1711147947266632207,[0.97145819],[0.03378864],[0.03378864]
1711147947271056099,[0.97138511],[0.03383187],[0.03383187]
1711147947274905726,[0.90695666],[0.06100601],[0.06100601]
1711147947280674975,[0.94348692],[0.04754496],[0.04754496]
1711147947282482138,[0.73906227],[0.10216413],[0.10216413]
1711147947285657052,[0.92534486],[0.05464619],[0.05464619]
1711147947288367195,[0.9250468],[0.05475516],[0.05475516]
1711147947291202542,[0.83051524],[0.08233705],[0.08233705]
1711147947293798160,[0.97045172],[0.03437923],[0.03437923]
1711147947296803301,[0.73275095],[0.10339227],[0.10339227]
1711147947300066447,[1.],[0.],[0.]
1711147947303113470,[0.90322886],[0.06221612],[0.06221612]
1711147947305032522,[0.92321745],[0.05541933],[0.05541933]
1711147947308705803,[0.94099959],[0.04858],[0.04858]
1711147947312217033,[0.94079981],[0.04866218],[0.04866218]
1711147947523583317,[0.85317778],[0.07663478],[0.07663478]
1711147947525758501,[0.90124885],[0.06284939],[0.06284939]
1711147947528924156,[0.95595321],[0.04197465],[0.04197465]
1711147947607583222,[0.90053794],[0.06307521],[0.06307521]
1711147947610260830,[0.95563875],[0.04212422],[0.04212422]
1711147947611534788,[0.92087424],[0.0562586],[0.0562586]
1711147947614001463,[0.93920736],[0.04931233],[0.04931233]
1711147947618863383,[0.92031478],[0.05645714],[0.05645714]
1711147947921001480,0,[2.04841401],[2.04841401]
1711147947923781740,[0.88552962],[0.06766694],[0.06766694]
1711147947925495910,[0.94896136],[0.04518347],[0.04518347]
1711147947928651536,[0.79508771],[0.09053448],[0.09053448]
1711147947931313865,[0.94858231],[0.04535094],[0.04535094]
1711147947934248447,[0.94845584],[0.04540668],[0.04540668]
1711147948137170524,0,[0.9973809],[0.9973809]
1711147948138600226,[0.92590783],[0.05443976],[0.05443976]
1711147948142082091,[0.87716539],[0.07009554],[0.07009554]
1711147948145242436,[0.92544515],[0.05460947],[0.05460947]
1711147948148743823,[0.92526074],[0.05467697],[0.05467697]
1711147948151420781,[0.90208564],[0.06258254],[0.06258254]
1711147948152990188,[0.87565825],[0.07052425],[0.07052425]
1711147948155983328,[0.90144179],[0.06278796],[0.06278796]
1711147948360806885,0,[1.34883005],[1.34883005]
1711147948362762057,[0.94078026],[0.04867021],[0.04867021]
1711147948365969003,[0.83501931],[0.08123563],[0.08123563]
1711147948368720937,[0.91889918],[0.05695641],[0.05695641]
1711147948371903536,[0.86557273],[0.07332865],[0.07332865]
1711147948377267628,[0.86510853],[0.07345515],[0.07345515]
1711147948378769944,[0.95827169],[0.04085502],[0.04085502]
1711147948659459158,0,[1.47009692],[1.47009692]
1711147948662406406,[0.85568643],[0.07597725],[0.07597725]
1711147948665198610,[0.9356905],[0.05071863],[0.05071863]
1711147948666547183,[0.88539466],[0.06770682],[0.06770682]
1711147948669668362,[0.88507715],[0.06780055],[0.06780055]
1711147948671990434,[0.85411684],[0.07638931],[0.07638931]
1711147948677303412,[0.91151494],[0.05949288],[0.05949288]
1711147948890186136,0,[1.38815943],[1.38815943]
1711147948892403744,[0.90632488],[0.06121278],[0.06121278]
1711147948893543768,[0.84471931],[0.07881134],[0.07881134]
1711147948896169656,[0.8769658],[0.07015246],[0.07015246]
1711147948898741528,[0.87663726],[0.07024606],[0.07024606]
1711147948902208424,[0.90531952],[0.06154039],[0.06154039]
1711147949111115986,0,[1.29093086],[1.29093086]
1711147949113781431,[0.83540532],[0.08114054],[0.08114054]
1711147949115842651,[0.92666493],[0.0541609],[0.0541609]
1711147949117884213,[0.83473138],[0.08130649],[0.08130649]
1711147949119003778,[0.86952026],[0.07224396],[0.07224396]
1711147949121893180,[0.90020249],[0.06318149],[0.06318149]
1711147949126210694,[0.8697809],[0.07217177],[0.07217177]
1711147949341546068,0,[1.65716441],[1.65716441]
1711147949344055550,[0.83515536],[0.08120213],[0.08120213]
1711147949346879670,[0.83468799],[0.08131716],[0.08131716]
1711147949350335525,[0.92634771],[0.05427791],[0.05427791]
1711147949354590855,[0.79540971],[0.09046332],[0.09046332]
1711147949357678637,[0.79565783],[0.09040844],[0.09040844]
1711147949361161184,[0.96733418],[0.03614738],[0.03614738]
1711147949364673476,[0.79602824],[0.09032647],[0.09032647]
1711147949369651238,[0.90016528],[0.06319326],[0.06319326]
1711147949371132908,[0.86973875],[0.07218345],[0.07218345]
1711147949374200282,[0.79670999],[0.09017539],[0.09017539]
1711147949377202331,[0.90050346],[0.06308614],[0.06308614]
1711147949579474321,0,[0.78296357],[0.78296357]
1711147949581795545,[0.86933502],[0.07229522],[0.07229522]
1711147949585452109,[0.86932381],[0.07229832],[0.07229832]
1711147949587612771,[0.83478324],[0.08129373],[0.08129373]
1711147949590775522,[0.92663679],[0.05417129],[0.05417129]
1711147949594851872,[0.86969397],[0.07219585],[0.07219585]
1711147949601316113,[0.86983127],[0.07215781],[0.07215781]
1711147949803536155,0,[1.16187415],[1.16187415]
1711147949809026461,[0.75442025],[0.09911201],[0.09911201]
1711147949811941198,[0.94930931],[0.04502919],[0.04502919]
1711147949816644936,[0.87034599],[0.072015],[0.072015]
1711147949819912702,[0.87047878],[0.07197811],[0.07197811]
1711147949821639793,[0.90093297],[0.06294983],[0.06294983]
1711147949826461612,[0.8706856],[0.07192062],[0.07192062]
1711147950049270643,0,[1.36906692],[1.36906692]
1711147950053562895,[0.87009798],[0.07208384],[0.07208384]
1711147950055926522,[0.79725747],[0.09005388],[0.09005388]
1711147950057628242,[0.90075791],[0.06300543],[0.06300543]
1711147950059393057,[0.83602665],[0.08098725],[0.08098725]
1711147950067010566,[0.90060071],[0.0630553],[0.0630553]
1711147950070112397,[0.90054687],[0.06307238],[0.06307238]
1711147950280429962,0,[2.24512493],[2.24512493]
1711147950283855116,[0.90015905],[0.06319524],[0.06319524]
1711147950286974511,[0.8697125],[0.07219072],[0.07219072]
1711147950289911922,[0.79665223],[0.0901882],[0.0901882]
1711147950293085625,[0.92686685],[0.05408628],[0.05408628]
1711147950295942107,[0.83559847],[0.08109292],[0.08109292]
1711147950299052085,[0.79727878],[0.09004915],[0.09004915]
1711147950301948555,[0.92709241],[0.05400281],[0.05400281]
1711147950304933608,[0.87049589],[0.07197336],[0.07197336]
1711147950309461837,[0.87054317],[0.07196022],[0.07196022]
1711147950312229504,[0.83580961],[0.08104083],[0.08104083]
1711147950315334873,[0.70722785],[0.10821685],[0.10821685]
1711147950317247737,[0.98166039],[0.02708476],[0.02708476]
1711147950600020579,0,[0.58638544],[0.58638544]
1711147950603574596,[0.87035231],[0.07201324],[0.07201324]
1711147950605188696,[0.87047988],[0.07197781],[0.07197781]
1711147950609201809,[0.83624288],[0.08093383],[0.08093383]
1711147950612581525,[0.90104077],[0.06291557],[0.06291557]
1711147950616607401,[0.92735085],[0.05390701],[0.05390701]
1711147950619981075,[0.79835001],[0.08981091],[0.08981091]
1711147950822398645,0,[1.64875008],[1.64875008]
1711147950827712547,[0.83470418],[0.08131318],[0.08131318]
1711147950831166559,[0.83480188],[0.08128914],[0.08128914]
1711147950834499462,[0.90016364],[0.06319378],[0.06319378]
1711147950836186435,[0.86971121],[0.07219108],[0.07219108]
1711147950839015924,[0.90033521],[0.06313946],[0.06313946]
1711147950843006202,[0.90042829],[0.06310997],[0.06310997]
1711147950845863596,[0.87006208],[0.07209381],[0.07209381]
1711147951078168642,0,[1.16089252],[1.16089252]
1711147951079882958,[0.9007659],[0.06300289],[0.06300289]
1711147951083235209,[0.8356089],[0.08109035],[0.08109035]
1711147951163355993,[0.86983155],[0.07215773],[0.07215773]
1711147951166580775,[0.83489744],[0.08126563],[0.08126563]
1711147951168302345,[0.86944842],[0.07226384],[0.07226384]
1711147951381670330,0,[2.17039578],[2.17039578]
1711147951386479123,[0.92721185],[0.05395856],[0.05395856]
1711147951389488273,[0.90100779],[0.06292605],[0.06292605]
1711147951393629550,[0.83639293],[0.08089674],[0.08089674]
1711147951397417905,[0.90087056],[0.06296966],[0.06296966]
1711147951399092914,[0.87029129],[0.07203019],[0.07203019]
1711147951401892735,[0.79690294],[0.09013258],[0.09013258]
1711147951405312118,[0.90027738],[0.06315778],[0.06315778]
1711147951411795609,[0.86966464],[0.07220398],[0.07220398]
1711147951415252506,[0.83519773],[0.08119169],[0.08119169]
1711147951418819318,[0.90038991],[0.06312213],[0.06312213]
1711147951422401811,[0.83550482],[0.08111601],[0.08111601]
1711147951425121732,[0.92695623],[0.05405322],[0.05405322]
1711147951645815618,0,[1.37811512],[1.37811512]
1711147951648780923,[0.83549989],[0.08111723],[0.08111723]
1711147951651096676,[0.79714002],[0.09007996],[0.09007996]
1711147951652280714,[0.96756989],[0.03601672],[0.03601672]
1711147951654754216,[0.83594694],[0.08100693],[0.08100693]
1711147951660440274,[0.90086029],[0.06297292],[0.06297292]
1711147951663935677,[0.87062415],[0.07193771],[0.07193771]
1711147951854703887,0,[1.0266969],[1.0266969]
1711147951857317142,[0.92719495],[0.05396482],[0.05396482]
1711147951858727663,[0.87052466],[0.07196536],[0.07196536]
1711147951862230921,[0.79731189],[0.09004179],[0.09004179]
1711147951865397610,[0.92691366],[0.05406897],[0.05406897]
1711147951868064861,[0.86987876],[0.07214464],[0.07214464]
1711147951869414823,[0.86966182],[0.07220476],[0.07220476]
1711147952075531986,0,[0.94590987],[0.94590987]
1711147952078735407,[0.90057489],[0.0630635],[0.0630635]
1711147952082728155,[0.83536789],[0.08114977],[0.08114977]
1711147952084952460,[0.86970423],[0.07219301],[0.07219301]
1711147952087683396,[0.86950179],[0.07224907],[0.07224907]
1711147952090396828,[0.83483591],[0.08128077],[0.08128077]
1711147952094270270,[0.92665302],[0.0541653],[0.0541653]
1711147952095791538,[0.8697108],[0.07219119],[0.07219119]
1711147952361981014,0,[2.31467129],[2.31467129]
1711147952364476459,[0.9003146],[0.06314599],[0.06314599]
1711147952365736044,[0.86990615],[0.07213705],[0.07213705]
1711147952368354189,[0.87002919],[0.07210293],[0.07210293]
1711147952371026120,[0.87015508],[0.072068],[0.072068]
1711147952374213805,[0.87028092],[0.07203307],[0.07203307]
1711147952379197100,[0.83598805],[0.08099678],[0.08099678]
1711147952381133200,[0.87054656],[0.07195928],[0.07195928]
1711147952601467157,0,[1.0979921],[1.0979921]
1711147952605192129,[0.94948275],[0.04495208],[0.04495208]
1711147952609755736,[0.83644764],[0.08088322],[0.08088322]
1711147952612919219,[0.79817926],[0.08984893],[0.08984893]
1711147952614666108,[0.94949404],[0.04494706],[0.04494706]
1711147952616958055,[0.79771915],[0.08995129],[0.08995129]
1711147952808329869,0,[1.0715697],[1.0715697]
1711147952811877023,[0.90040064],[0.06311873],[0.06311873]
1711147952814708275,[0.86997231],[0.07211871],[0.07211871]
1711147952816192410,[0.87009096],[0.07208579],[0.07208579]
1711147952819108077,[0.83574196],[0.08105752],[0.08105752]
1711147952821662117,[0.90073571],[0.06301247],[0.06301247]
1711147953038899583,0,[1.80898937],[1.80898937]
1711147953042677163,[0.87035916],[0.07201134],[0.07201134]
1711147953045464019,[0.87048783],[0.0719756],[0.0719756]
1711147953048080550,[0.8706253],[0.07193739],[0.07193739]
1711147953050469577,[0.8707649],[0.07189857],[0.07189857]
1711147953053040781,[0.70961635],[0.10777451],[0.10777451]
1711147953323399036,0,[2.02978601],[2.02978601]
1711147953326265827,[0.90747592],[0.06083554],[0.06083554]
1711147953329445575,[0.87957369],[0.06940499],[0.06940499]
1711147953332615544,[0.84821398],[0.07791945],[0.07791945]
1711147953336075327,[0.88056413],[0.06911899],[0.06911899]
1711147953339084027,[0.90890092],[0.06036525],[0.06036525]
1711147953342465687,[0.90921873],[0.06025986],[0.06025986]
1711147953344699700,[0.8505054],[0.07732906],[0.07732906]
1711147953350576039,[0.91003871],[0.0599871],[0.0599871]
1711147953354274779,[0.88301317],[0.06840668],[0.06840668]
1711147953357400514,[0.85266917],[0.0767674],[0.0767674]
1711147953360292265,[0.88417568],[0.06806594],[0.06806594]
1711147953361815928,[0.88473435],[0.06790159],[0.06790159]
1711147953364382982,[0.54226825],[0.13531175],[0.13531175]
1711147953367128357,[1.],[0.],[0.]
1711147953368234903,[0.85632277],[0.07580956],[0.07580956]
1711147954162585424,0,[4.27354995],[4.27354995]
1711147954165407655,[0.93260078],[0.05192272],[0.05192272]
1711147954169262992,[0.69910045],[0.10970862],[0.10970862]
1711147954171818695,[1.],[0.],[0.]
1711147954174408695,[0.94953686],[0.04492801],[0.04492801]
1711147954358491142,[0.93451762],[0.05117905],[0.05117905]
1711147954360419206,[0.93499951],[0.05099039],[0.05099039]
1711147954362696545,[0.91834879],[0.05714935],[0.05714935]
1711147954365202050,[0.95095618],[0.04429168],[0.04429168]
1711147954366438170,[0.93636835],[0.05045063],[0.05045063]
1711147954368875170,[0.92005205],[0.05655014],[0.05655014]
1711147954371616887,[0.92067437],[0.05632961],[0.05632961]
1711147954375367148,[0.9649681],[0.03743362],[0.03743362]
1711147954377015400,[0.93808122],[0.04976697],[0.04976697]
1711147954379651450,[0.93851869],[0.04959085],[0.04959085]
1711147954582775497,0,[0.75905024],[0.75905024]
1711147954589117798,[0.99227025],[0.0175838],[0.0175838]
