0.016000000000000014,0.9988911735210192
0.016000000000000014,0.9988911638119041
0.02799999999999958,0.9988911638118182
0.02799999999999958,0.9988856364789991
0.041999999999999815,0.9988855839917581
0.06099999999999994,0.9988797357278606
0.08499999999999996,0.9988891536491543
0.08499999999999996,0.9988822469107766
0.11899999999999977,0.9988868906177112
0.1589999999999998,0.998820369924869
0.1589999999999998,0.9988237117985915
0.20699999999999985,0.9985420256842319
0.26400000000000023,0.9988204945151063
0.3309999999999995,0.9988620154159578
0.40700000000000003,0.9964940397815388
0.40700000000000003,0.9986078469890073
0.4950000000000001,0.9979242712457215
0.4950000000000001,0.9985829266444711
0.593,0.9988844325317996
0.593,0.9843235163625015
0.7039999999999997,0.9938073052322496
0.827,0.9757111279249334
0.9629999999999992,0.9906815466953389
1.1099999999999994,0.998872811188484
1.1099999999999994,0.9550817133030214
1.2699999999999996,0.9843045156361755
1.440999999999999,0.790002211878112
1.6210000000000004,0.8457579079237578
1.6210000000000004,0.5558344888165694
1.811,0.7907018202071088
2.01,0.5893939217229246
2.01,0.7364110313364495
2.2089999999999996,0.38967214098114566
2.414999999999999,0.5298321661401757
2.6270000000000007,0.9953134473908776
2.6270000000000007,0.3225632752409952
2.8409999999999993,0.9963167784337424
3.055999999999999,0.2877648923454286
3.2680000000000007,0.23465458139304632
3.4830000000000005,0.2631781355521736
3.4830000000000005,0.22374076539811247
3.6980000000000004,0.22378851037638825
3.9079999999999995,0.15130064506371574
4.119,0.08866511554096358
4.119,0.16168039012202357
4.333,0.20401341728013858
4.545,0.2007425266919377
4.545,0.1932354243218652
4.76,0.17594666594277364
4.974,0.12299391018439687
5.1899999999999995,0.0575121086542787
5.1899999999999995,0.09230148640898152
5.1899999999999995,0.1991468668352395
5.4079999999999995,0.19358814109255193
5.632,0.17098279420480547
5.8580000000000005,0.11886568767271208
6.086,0.05330877649177083
6.317,0.016890878629263712
6.317,0.004725164747962774
6.549999999999999,0.0014224277328338912
6.784000000000001,0.0005771992463388554
7.02,0.0015371809496838819
7.02,0.002169650062545386
7.260999999999999,0.003809398925548978
7.504,0.08698272006579112
7.753,0.032421940873376784
8.007,0.009426852201261852
8.007,0.0026580112806414845
8.266,0.004413695447682066
8.266,0.07216231926139363
8.53,0.024901131374231403
8.796999999999999,0.007071202066584679
8.796999999999999,0.002031921428926451
9.068,0.003619590795403009
9.344,0.0560432366212665
9.629,0.017919311246402468
9.629,0.00501159168812937
9.915000000000001,0.0014940124648618876
10.203999999999999,0.0005945322281271211
10.203999999999999,0.00036849572123865543
10.203999999999999,0.00031164547815231954
10.499999999999998,0.0002976826367682056
10.802000000000001,0.0014496925002737452
11.110000000000001,1.9780069649255847e-07
11.421000000000001,2.430433539500234e-09
11.732000000000001,0.0010844847178732389
11.732000000000001,0.014423227326749197
12.052000000000001,0.0040008563933145586
12.377,0.0012178769673840332
12.705,0.0005222436169263888
13.037,0.0017229428661999066
13.037,0.018796185706281845
13.374999999999998,0.0052196580291405245
13.717,0.0015408128793450025
14.065,0.0006048511291754926
14.065,0.0018288414553034862
14.412,0.022243005169341176
14.412,0.006167034213469626
14.761000000000001,0.0017764085418842724
15.116000000000001,0.0006612410113027108
15.116000000000001,0.00037625645453109256
15.475,0.00030033413699047764
15.837000000000002,0.001453785891820075
16.200000000000003,0.02161595010762239
16.200000000000003,0.005838848603238025
16.567999999999998,0.0016289210023556428
16.933999999999997,0.0006107618077558107
16.933999999999997,0.00036954777231594564
17.302,0.0003101304296848181
17.677,0.0002953877387659054
18.057000000000002,0.0002914729866285212
18.436999999999998,0.001453439433731648
18.820999999999998,0.03537799541916582
18.820999999999998,0.010271076318088157
18.820999999999998,0.002819934569472244
19.209000000000003,0.003752223537438735
19.598,0.004034336304495812
19.990000000000002,0.001228975321970809
20.384999999999998,0.0005230236469445001
20.781,0.00034224771393760533
21.18,0.00029641600861819543
21.18,0.0002844338215532685
21.585,0.000283947575334195
21.990000000000002,0.0014487291318156423
21.990000000000002,0.06839951379101299
22.397,0.022837150019772077
22.805999999999997,0.006334355297035821
22.805999999999997,0.0018052240582997865
23.217,0.0006663745158811482
23.630000000000003,0.00038341550930273563
24.046,0.0015765960506851967
24.046,0.12464082747218456
24.463,0.05869718405263548
24.883000000000003,0.018495406252408638
24.883000000000003,0.0049599755723938495
25.302,0.0014089285228803174
25.724000000000004,0.0005530920645882625
26.148000000000003,0.0003501566781091458
26.148000000000003,0.00030101898059444685
26.572000000000003,0.0002909632636922808
26.998000000000005,0.0014565591088526847
27.424,0.05385908948881138
27.849000000000004,0.016910984269322818
28.276000000000003,0.00465977352603786
28.276000000000003,0.0013130253125036946
28.703000000000003,0.0005099948620930905
29.132000000000005,0.0003347364045827905
29.559000000000005,0.00028889126469706466
29.986000000000004,0.0002778897433759272
29.986000000000004,0.0014422622318398422
30.414,0.1414148883667004
30.842,0.07648432392945219
31.268,0.026256819600699744
31.268,0.007204817466787808
31.268,0.001993865070074739
31.693000000000005,0.0007014823214261378
32.117000000000004,0.0003851872530693215
32.538000000000004,0.0003075078839920231
32.961,0.00028774875159691144
33.38,0.00028469761385508134
33.38,0.00028040427689224226
33.795,0.00028007661458978106
34.21,0.0002828127500369674
34.623000000000005,0.0002887428796219898
35.033,0.00029020747975791277
35.033,0.0002839381845999259
35.438,0.0014519088364198717
35.84,0.9574208786090588
36.239000000000004,0.1978291166688923
36.635000000000005,0.19670379409924657
37.027,0.1931713381848199
37.413000000000004,0.18083118369755255
37.413000000000004,0.14190643352893634
37.796,0.07665447739251462
38.173,0.1353576932080045
38.548,0.19728006174130003
38.548,0.19255102267703075
38.92,0.17409274547820122
39.286,0.12689034165223265
39.286,0.06055010894520646
39.652,0.019745600587575816
40.015,0.005525654210404762
40.375,0.0016214305047416151
40.375,0.000624977677602902
40.735,0.0003749575266491868
41.091,0.00031249263175640835
41.091,0.0002962220075640691
41.443000000000005,0.0014225082863420346
41.791000000000004,0.008720437318879578
42.134,0.002450338648744027
42.469,0.0008316782534561612
42.798,0.0004233630219276962
42.798,0.00032216825080406606
43.122,0.0002979926936317345
43.438,0.00029185793311501795
43.747,0.00029111260690711257
44.045,0.00028980140732509543
44.045,0.0014537801228773225
44.336,0.04543947798124158
44.617000000000004,0.013855027295368971
44.617000000000004,0.0038567746859132813
44.883,0.0011897558625516252
45.143,0.0005137426324610938
45.143,0.0003445989229654049
45.39,0.00030532147814517265
45.626000000000005,0.00029547547331783557
45.626000000000005,0.0014479255886821745
45.852000000000004,0.018730778041420666
46.063,0.005229951271080131
46.262,0.0015479275546136369
46.262,0.0006070734166928086
46.445,0.0003712591011339631
46.611000000000004,0.00031231535915283293
46.611000000000004,0.00029777542717608006
46.764,0.0002940443649950866
46.904,0.0002932006906208467
47.03,0.0005353673122975747
47.143,0.00038820618024388296
47.242000000000004,0.00031671063564734183
47.242000000000004,0.00029877943449832837
47.327,0.0002942821689364856
47.398,0.0002931266786048599
47.453,0.0013872163466323113
47.453,0.005252178305724038
47.494,0.001555350012709383
47.522,0.0006100834586464523
47.535000000000004,0.00037248527564836284
47.537,0.0003130089993054197
47.537,0.0003642154390994669
47.521,0.00031620727266755644
47.496,0.00029892928976395786
47.454,0.00034399671333573895
47.454,0.0003095724544664886
47.401,0.00029723910664236484
47.333,0.0002941430390432538
