Time Step,Health Status,dm,dmdt
1711153633685057967,[1.],[0.],[0.]
1711153633686504763,[1.],[0.],[0.]
1711153633688333799,[1.],[0.],[0.]
1711153633690669163,[0.99999325],[0.00051974],[0.00051974]
1711153633692583443,[0.99998747],[0.0007079],[0.0007079]
1711153633694416207,[0.9999928],[0.00053662],[0.00053662]
1711153633696051733,[0.9999893],[0.00065408],[0.00065408]
1711153633697613658,[0.99998777],[0.00069937],[0.00069937]
1711153633698747425,[0.99998946],[0.00064921],[0.00064921]
1711153633700342865,[0.99998004],[0.00089355],[0.00089355]
1711153633701928646,[0.99998647],[0.0007358],[0.0007358]
1711153633704608758,[0.99997999],[0.00089474],[0.00089474]
1711153633753788465,[0.9999779],[0.00094024],[0.00094024]
1711153633756161230,[0.99997493],[0.00100148],[0.00100148]
1711153633758771580,[0.99995583],[0.00132921],[0.00132921]
1711153633760955975,[0.99997552],[0.00098947],[0.00098947]
1711153633761599786,[0.99996491],[0.00118478],[0.00118478]
1711153633763206016,[0.99996119],[0.00124597],[0.00124597]
1711153633765659671,[0.99996756],[0.00113919],[0.00113919]
1711153633767763784,[0.99994055],[0.00154208],[0.00154208]
1711153633901425434,[0.99996109],[0.00124763],[0.00124763]
1711153633908113762,[0.99992839],[0.0016924],[0.0016924]
1711153633911958667,[0.99993817],[0.00157266],[0.00157266]
1711153633914729875,[0.99994895],[0.001429],[0.001429]
1711153633917549328,[0.99990763],[0.00192222],[0.00192222]
1711153633920226610,[0.99993977],[0.00155216],[0.00155216]
1711153633928824256,[0.99991508],[0.001843],[0.001843]
1711153633931831244,[0.99990828],[0.00191544],[0.00191544]
1711153634053703968,[0.99987373],[0.00224737],[0.00224737]
1711153634055917386,[0.99991842],[0.00180641],[0.00180641]
1711153634056844267,[0.99988574],[0.00213789],[0.00213789]
1711153634058839638,[0.99987729],[0.00221551],[0.00221551]
1711153634061073345,[0.99986892],[0.00228983],[0.00228983]
1711153634063059930,[0.99985994],[0.00236691],[0.00236691]
1711153634064384500,[0.99980954],[0.00276012],[0.00276012]
1711153634066033199,[0.9998394],[0.00253459],[0.00253459]
1711153634067053488,[0.99982949],[0.00261162],[0.00261162]
1711153634178089883,[0.99981885],[0.00269183],[0.00269183]
1711153634179890513,[0.99985377],[0.00241851],[0.00241851]
1711153634182996604,[0.9996132],[0.00393345],[0.00393345]
1711153634184722961,[0.99983434],[0.00257415],[0.00257415]
1711153634185677184,[0.9998246],[0.00264881],[0.00264881]
1711153634188251280,[0.99981703],[0.00270533],[0.00270533]
1711153634190520835,[0.99974877],[0.00317003],[0.00317003]
1711153634300714592,[0.99958302],[0.004084],[0.004084]
1711153634302010006,[0.99978337],[0.00294369],[0.00294369]
1711153634302606566,[0.99962538],[0.00387103],[0.00387103]
1711153634303845011,[0.99968763],[0.00353483],[0.00353483]
1711153634305176093,[0.99967219],[0.00362111],[0.00362111]
1711153634306845692,[0.99973702],[0.00324332],[0.00324332]
1711153634308928411,[0.99964209],[0.00378371],[0.00378371]
1711153634309858467,[0.99952445],[0.00436143],[0.00436143]
1711153634311841846,[0.99969843],[0.00347315],[0.00347315]
1711153634427589998,[0.99947934],[0.0045636],[0.0045636]
1711153634429280828,[0.99967014],[0.00363242],[0.00363242]
1711153634430791673,[0.99955099],[0.00423795],[0.00423795]
1711153634431529022,[0.99953079],[0.00433223],[0.00433223]
1711153634433638882,[0.99950961],[0.00442896],[0.00442896]
1711153634435466142,[0.99960922],[0.00395361],[0.00395361]
1711153634437946953,[0.9994678],[0.00461388],[0.00461388]
1711153634439225726,[0.99929133],[0.00532416],[0.00532416]
1711153634441694271,[0.99955159],[0.00423513],[0.00423513]
1711153634546742042,[0.99903549],[0.00621133],[0.00621133]
1711153634548844598,[0.99950157],[0.00446512],[0.00446512]
1711153634550279819,[0.99931876],[0.0052201],[0.0052201]
1711153634552010786,[0.99908983],[0.00603381],[0.00603381]
1711153634552671548,[0.99942008],[0.00481629],[0.00481629]
1711153634553924300,[0.99899194],[0.00634998],[0.00634998]
1711153634555774114,[0.99935718],[0.00507078],[0.00507078]
1711153634682181144,[0.99932928],[0.00517966],[0.00517966]
1711153634683279261,[0.99908125],[0.00606218],[0.00606218]
1711153634685301564,[0.99903514],[0.00621245],[0.00621245]
1711153634687405793,[0.99898784],[0.00636288],[0.00636288]
1711153634691918955,[0.99865322],[0.0073397],[0.0073397]
1711153634693637777,[0.9991487],[0.0058354],[0.0058354]
1711153634696430822,[0.99817837],[0.00853611],[0.00853611]
1711153634826411316,[0.99931566],[0.00523197],[0.00523197]
1711153634828339841,[0.99873822],[0.0071043],[0.0071043]
1711153634831362034,[0.99832842],[0.008177],[0.008177]
1711153634832540155,[0.99861882],[0.00743286],[0.00743286]
1711153634834900644,[0.9989117],[0.00659789],[0.00659789]
1711153634838073573,[0.99769218],[0.00960795],[0.00960795]
1711153634840681560,[0.99845479],[0.00786183],[0.00786183]
1711153634842963668,[0.99839194],[0.00802012],[0.00802012]
1711153634846265292,[0.99834033],[0.00814782],[0.00814782]
1711153634990272672,[0.99869506],[0.00722479],[0.00722479]
1711153634993110637,[0.99777039],[0.00944375],[0.00944375]
1711153634995818248,[0.99816877],[0.00855858],[0.00855858]
1711153634997723107,[0.99810398],[0.00870867],[0.00870867]
1711153634998521221,[0.99890702],[0.00661206],[0.00661206]
1711153635000748443,[0.99801286],[0.00891546],[0.00891546]
1711153635002433161,[0.99740708],[0.01018415],[0.01018415]
1711153635004049609,[0.99838151],[0.00804608],[0.00804608]
1711153635005905214,[0.9972289],[0.01052824],[0.01052824]
1711153635155580581,[0.22168276],[0.17644458],[0.17644458]
1711153635158558679,[0.99578888],[0.01297863],[0.01297863]
1711153635161813206,[0.99659182],[0.01167592],[0.01167592]
1711153635165430967,[0.99653663],[0.01177008],[0.01177008]
1711153635168323371,[0.98391847],[0.02536259],[0.02536259]
1711153635170579821,[0.99718591],[0.0106096],[0.0106096]
1711153635172839427,[0.99713616],[0.01070298],[0.01070298]
1711153635299196102,[0.6522481],[0.11794099],[0.11794099]
1711153635300790337,[0.99662486],[0.01161919],[0.01161919]
1711153635303260581,[0.99552899],[0.01337313],[0.01337313]
1711153635305408077,[0.99545994],[0.01347599],[0.01347599]
1711153635306901156,[0.99647858],[0.01186832],[0.01186832]
1711153635309555717,[0.99408857],[0.01537717],[0.01537717]
1711153635311429276,[0.99399678],[0.01549609],[0.01549609]
1711153635446767575,[0.69685615],[0.110117],[0.110117]
1711153635449758548,[0.99463267],[0.01465241],[0.01465241]
1711153635452110090,[0.99308191],[0.01663501],[0.01663501]
1711153635453616287,[0.99577266],[0.0130036],[0.0130036]
1711153635454969091,[0.99440943],[0.01495402],[0.01495402]
1711153635457699876,[0.99284387],[0.01691878],[0.01691878]
1711153635461942701,[0.99562322],[0.01323145],[0.01323145]
1711153635464196687,[0.99420465],[0.01522544],[0.01522544]
1711153635613870225,[0.38326436],[0.15706504],[0.15706504]
1711153635615678288,[0.98778774],[0.02210182],[0.02210182]
1711153635618758272,[0.9963141],[0.01214233],[0.01214233]
1711153635619746520,[0.99493431],[0.01423474],[0.01423474]
1711153635755337906,0,[0.23603789],[0.23603789]
1711153635758110403,[0.98813253],[0.02178759],[0.02178759]
1711153635761909845,[0.99233417],[0.01751094],[0.01751094]
1711153635764512136,[0.99408609],[0.01538039],[0.01538039]
1711153635767029564,[0.99221724],[0.01764399],[0.01764399]
1711153635768165474,[0.99215485],[0.01771458],[0.01771458]
1711153635771508237,[0.98763264],[0.02224173],[0.02224173]
1711153635993897504,0,[0.29154485],[0.29154485]
1711153635995888537,[0.99316145],[0.0165391],[0.0165391]
1711153635997795720,[0.98862209],[0.02133346],[0.02133346]
1711153635999691431,[0.96809074],[0.03572632],[0.03572632]
1711153636000459688,[1.],[0.],[0.]
1711153636002187078,[0.98840406],[0.02153689],[0.02153689]
1711153636004254797,[0.99077741],[0.01920686],[0.01920686]
1711153636063800054,[0.99072085],[0.01926567],[0.01926567]
1711153636199544508,0,[0.68197517],[0.68197517]
1711153636201470197,[0.98247959],[0.02647293],[0.02647293]
1711153636203423708,[0.98871864],[0.02124275],[0.02124275]
1711153636205176246,[0.99362419],[0.01596974],[0.01596974]
1711153636208037912,[0.9886115],[0.02134338],[0.02134338]
1711153636210022282,[0.97833064],[0.02944103],[0.02944103]
1711153636212927882,[0.99352232],[0.01609681],[0.01609681]
1711153636214559007,[0.9911454],[0.01881978],[0.01881978]
1711153636215386668,[0.98527427],[0.02426992],[0.02426992]
1711153636217250708,[0.98828386],[0.02164823],[0.02164823]
1711153636219115821,[0.98507084],[0.02443699],[0.02443699]
1711153636220991334,[0.97752943],[0.02998037],[0.02998037]
1711153636354996725,[0.99832031],[0.00819681],[0.00819681]
1711153636357740977,[0.98482028],[0.0246412],[0.0246412]
1711153636360989844,[0.9879356],[0.02196762],[0.02196762]
1711153636362448560,[0.99071908],[0.01926751],[0.01926751]
1711153636364728805,[0.98780781],[0.02208365],[0.02208365]
1711153636493038063,[0.98772962],[0.02215435],[0.02215435]
1711153636495710847,[0.98437471],[0.02500023],[0.02500023]
1711153636498212195,[0.99048724],[0.01950667],[0.01950667]
1711153636499007253,[0.98751136],[0.02235052],[0.02235052]
1711153636500599995,[0.98038598],[0.02801001],[0.02801001]
1711153636502112153,[0.99034011],[0.01965694],[0.01965694]
1711153636503461631,[0.9873504],[0.02249409],[0.02249409]
1711153636505193379,[0.98750118],[0.02235963],[0.02235963]
1711153636643518851,0,[0.20227293],[0.20227293]
1711153636645530162,[0.98688601],[0.02290326],[0.02290326]
1711153636646788717,[0.98687801],[0.02291025],[0.02291025]
1711153636648932457,[0.98329589],[0.02584887],[0.02584887]
1711153636650537382,[0.98981727],[0.02018191],[0.02018191]
1711153636652721103,[0.98653482],[0.02320791],[0.02320791]
1711153636654435307,[0.98268367],[0.02631831],[0.02631831]
1711153636655458493,[0.9892632],[0.0207237],[0.0207237]
1711153636796566527,0,[0.21926249],[0.21926249]
1711153636800275583,[0.99193422],[0.01796193],[0.01796193]
1711153636802581377,[0.96733277],[0.03614815],[0.03614815]
1711153636804625181,[0.99429856],[0.01510157],[0.01510157]
1711153636805889617,[0.98880633],[0.02116003],[0.02116003]
1711153636810994847,[0.9259783],[0.05441386],[0.05441386]
1711153636812109206,[0.99177089],[0.01814289],[0.01814289]
1711153636933092832,0,[0.22698299],[0.22698299]
1711153636935569924,[0.98461703],[0.02480562],[0.02480562]
1711153636937164310,[0.98479949],[0.02465807],[0.02465807]
1711153636939782433,[0.98497336],[0.02451664],[0.02451664]
1711153636942413543,[0.98111359],[0.02748557],[0.02748557]
1711153636945086099,[0.98854],[0.02141028],[0.02141028]
1711153636948488678,[0.98071675],[0.02777283],[0.02777283]
1711153637079143216,0,[0.2226919],[0.2226919]
1711153637080971782,[0.97434676],[0.03203326],[0.03203326]
1711153637082525815,[0.96888282],[0.03528012],[0.03528012]
1711153637083607320,[0.99768655],[0.00961967],[0.00961967]
1711153637085950235,[0.97425593],[0.03208992],[0.03208992]
1711153637088540513,[0.98347526],[0.02570972],[0.02570972]
1711153637091718875,[0.98733351],[0.0225091],[0.0225091]
1711153637093124810,[0.98340692],[0.02576282],[0.02576282]
1711153637242739028,0,[0.44631124],[0.44631124]
1711153637245796889,[0.89895146],[0.06357627],[0.06357627]
1711153637247024342,[0.98984575],[0.02015366],[0.02015366]
1711153637249788661,[0.97709202],[0.03027077],[0.03027077]
1711153637252419944,[0.98605367],[0.02361892],[0.02361892]
1711153637254831881,[0.98599953],[0.02366472],[0.02366472]
1711153637380458166,0,[0.25044927],[0.25044927]
1711153637382325292,[0.97543686],[0.03134526],[0.03134526]
1711153637384249688,[0.98506441],[0.02444225],[0.02444225]
1711153637385235812,[0.98040183],[0.02799869],[0.02799869]
1711153637387104491,[0.9803029],[0.02806927],[0.02806927]
1711153637389301076,[0.97492516],[0.03167007],[0.03167007]
1711153637532280077,[0.044703],[0.19547859],[0.19547859]
1711153637533526417,[0.98434185],[0.02502651],[0.02502651]
1711153637535593536,[0.9740202],[0.0322365],[0.0322365]
1711153637538054710,[0.97936865],[0.02872723],[0.02872723]
1711153637539339013,[0.97925138],[0.02880876],[0.02880876]
1711153637542145753,[0.97913074],[0.0288924],[0.0288924]
1711153637544671758,[0.97344349],[0.03259234],[0.03259234]
1711153637547652432,[0.97890016],[0.02905157],[0.02905157]
1711153637549763123,[0.97879799],[0.02912182],[0.02912182]
1711153637550794573,[0.98369485],[0.02553833],[0.02553833]
1711153637706912953,0,[0.47680281],[0.47680281]
1711153637709811111,[0.97067691],[0.03424797],[0.03424797]
1711153637711090144,[0.98217463],[0.02670234],[0.02670234]
1711153637713271992,[0.97661178],[0.03058641],[0.03058641]
1711153637715173794,[0.97649905],[0.03066004],[0.03066004]
1711153637717755755,[0.97638718],[0.03073292],[0.03073292]
1711153637720672818,[0.96290958],[0.03851775],[0.03851775]
1711153637723514155,[0.95484415],[0.04249981],[0.04249981]
1711153637724753984,[0.99400265],[0.01548852],[0.01548852]
1711153637858066832,0,[0.21086728],[0.21086728]
1711153637860613215,[0.96116555],[0.03941292],[0.03941292]
1711153637861597596,[0.98087796],[0.02765649],[0.02765649]
1711153637864207095,[0.98080115],[0.02771198],[0.02771198]
1711153637866354527,[0.9681178],[0.03571118],[0.03571118]
1711153637868640137,[0.96795381],[0.0358029],[0.0358029]
1711153637871148971,[0.98052574],[0.02791004],[0.02791004]
1711153638022595738,0,[0.57795653],[0.57795653]
1711153638024376409,[0.98030378],[0.02806865],[0.02806865]
1711153638026079733,[0.96745709],[0.03607931],[0.03607931]
1711153638027010130,[0.97430036],[0.03206222],[0.03206222]
1711153638029119860,[0.98033764],[0.02804451],[0.02804451]
1711153638031263154,[0.96751249],[0.03604858],[0.03604858]
1711153638033595369,[0.97434496],[0.03203438],[0.03203438]
1711153638034918416,[0.98037044],[0.0280211],[0.0280211]
1711153638235762395,0,[0.90240129],[0.90240129]
1711153638237910237,[0.97433645],[0.0320397],[0.0320397]
1711153638239982826,[0.97436533],[0.03202166],[0.03202166]
1711153638243086745,[0.98039618],[0.02800273],[0.02800273]
1711153638244260397,[0.96758754],[0.03600692],[0.03600692]
1711153638246551463,[0.97429847],[0.0320634],[0.0320634]
1711153638249049745,[0.98025416],[0.02810398],[0.02810398]
1711153638416467480,[0.96723241],[0.03620364],[0.03620364]
1711153638418859793,[0.97402702],[0.03223227],[0.03223227]
1711153638421438239,[0.97404257],[0.03222262],[0.03222262]
1711153638424112001,[0.98015062],[0.02817756],[0.02817756]
1711153638426513688,[0.96722221],[0.03620928],[0.03620928]
1711153638427803421,[0.98019829],[0.02814371],[0.02814371]
1711153638429728458,[0.9596369],[0.04018114],[0.04018114]
1711153638431469103,[0.98548717],[0.02409384],[0.02409384]
1711153638433472749,[0.97422769],[0.03210752],[0.03210752]
1711153638434547242,[0.9674239],[0.0360977],[0.0360977]
1711153638438145954,[0.95984714],[0.04007635],[0.04007635]
1711153638579329890,0,[0.21236881],[0.21236881]
1711153638580556903,[0.95957939],[0.04020976],[0.04020976]
1711153638584077528,[0.96731027],[0.0361606],[0.0361606]
1711153638588570380,[0.98992154],[0.0200783],[0.0200783]
1711153638591586121,[0.97413984],[0.03216219],[0.03216219]
1711153638778385037,0,[0.62549577],[0.62549577]
1711153638784104450,[0.96506643],[0.03738105],[0.03738105]
1711153638789200848,[0.98443014],[0.02495585],[0.02495585]
1711153638790707967,[0.96486935],[0.03748634],[0.03748634]
1711153638793914800,[0.97215848],[0.03337156],[0.03337156]
1711153638798698920,[0.97207892],[0.0334192],[0.0334192]
1711153638802004894,[0.9719999],[0.03346646],[0.03346646]
1711153638976334276,0,[0.50744622],[0.50744622]
1711153638979192625,[0.97079054],[0.03418155],[0.03418155]
1711153638980509511,[0.9707174],[0.03422432],[0.03422432]
1711153638983559267,[0.97064512],[0.03426653],[0.03426653]
1711153638986300725,[0.97057192],[0.03430923],[0.03430923]
1711153638989110532,[0.97741677],[0.03005543],[0.03005543]
1711153638990637458,[0.97043393],[0.03438957],[0.03438957]
1711153638992743441,[0.97036033],[0.03443235],[0.03443235]
1711153638994663608,[0.96238733],[0.03878797],[0.03878797]
1711153639149941140,0,[0.31233429],[0.31233429]
1711153639152344511,[0.96136822],[0.03930994],[0.03930994]
1711153639154816062,[0.97655738],[0.03062197],[0.03062197]
1711153639157872340,[0.96113375],[0.03942905],[0.03942905]
1711153639159249681,[0.98267281],[0.02632656],[0.02632656]
1711153639162139427,[0.9517088],[0.04395052],[0.04395052]
1711153639414519009,0,[0.78470745],[0.78470745]
1711153639417938000,[0.90861851],[0.06045874],[0.06045874]
1711153639420542605,[0.99510548],[0.01399216],[0.01399216]
1711153639423239947,[0.95574202],[0.04207516],[0.04207516]
1711153639425513430,[0.96480665],[0.03751978],[0.03751978]
1711153639428000080,[0.95516161],[0.04235015],[0.04235015]
1711153639430239670,[0.97995362],[0.02831705],[0.02831705]
1711153639432655623,[0.87364812],[0.07109202],[0.07109202]
1711153639435191467,[0.99943463],[0.0047555],[0.0047555]
1711153639436366411,[0.96369658],[0.03810691],[0.03810691]
1711153639440071425,[0.95373217],[0.04301992],[0.04301992]
1711153639442258813,[0.95339045],[0.04317849],[0.04317849]
1711153639444014156,[0.97161981],[0.03369284],[0.03369284]
1711153639444697811,[0.97145573],[0.0337901],[0.0337901]
1711153639716208224,0,[0.92520263],[0.92520263]
1711153639717167145,[0.95609969],[0.0419048],[0.0419048]
1711153639718973346,[0.93088969],[0.05257768],[0.05257768]
1711153639720835127,[0.9658888],[0.03693844],[0.03693844]
1711153639723069335,[0.95516964],[0.04234636],[0.04234636]
1711153639725146372,[0.96545757],[0.03717119],[0.03717119]
1711153639726409254,[0.95460057],[0.04261428],[0.04261428]
1711153639728861914,[0.94214019],[0.04810813],[0.04810813]
1711153639888798927,0,[0.74828785],[0.74828785]
1711153639890219170,[0.96085397],[0.03957071],[0.03957071]
1711153639892978501,[0.91962856],[0.05669971],[0.05669971]
1711153639895514455,[0.94823514],[0.04550378],[0.04550378]
1711153639897682536,[0.9479416],[0.04563262],[0.04563262]
1711153639900046132,[0.94765016],[0.04576018],[0.04576018]
1711153640105884454,0,[0.79691858],[0.79691858]
1711153640109848999,[0.9559903],[0.04195698],[0.04195698]
1711153640112519307,[0.95580133],[0.04204696],[0.04204696]
1711153640115039881,[0.92658315],[0.05419109],[0.05419109]
1711153640116586041,[0.92618592],[0.05433749],[0.05433749]
1711153640119817173,[0.95513783],[0.04236138],[0.04236138]
1711153640272800860,0,[0.34197453],[0.34197453]
1711153640274990863,[0.92310469],[0.05546001],[0.05546001]
1711153640276015801,[0.93896054],[0.04941233],[0.04941233]
1711153640278230191,[0.95307862],[0.04332268],[0.04332268]
1711153640412936041,0,[0.65300116],[0.65300116]
1711153640415248197,[0.93511598],[0.05094468],[0.05094468]
1711153640417755183,[0.93485762],[0.05104601],[0.05104601]
1711153640420318730,[0.9499419],[0.04474734],[0.04474734]
1711153640422200283,[0.87585741],[0.07046775],[0.07046775]
1711153640425438288,[0.94950514],[0.04494212],[0.04494212]
1711153640427281805,[0.94934044],[0.04501536],[0.04501536]
1711153640575402084,0,[0.93940404],[0.93940404]
1711153640577946253,[0.87399983],[0.070993],[0.070993]
1711153640580302103,[0.94905427],[0.04514232],[0.04514232]
1711153640581193215,[0.98337925],[0.0257843],[0.0257843]
1711153640583362629,[0.89624598],[0.06442174],[0.06442174]
1711153640585198164,[0.9492353],[0.04506205],[0.04506205]
1711153640588635640,[0.91620204],[0.05789576],[0.05789576]
1711153640591002812,[0.9338896],[0.05142389],[0.05142389]
1711153640753409290,0,[0.76012042],[0.76012042]
1711153640756417466,[0.87834628],[0.06975779],[0.06975779]
1711153640757641815,[0.98394339],[0.02534294],[0.02534294]
1711153640759576209,[0.91884958],[0.05697383],[0.05697383]
1711153640761223155,[0.93602337],[0.0505872],[0.0505872]
1711153640761898104,[0.95111685],[0.04421907],[0.04421907]
1711153640763327404,[0.93628293],[0.05048448],[0.05048448]
1711153640904625203,0,[0.41427684],[0.41427684]
1711153640905661071,[0.95227321],[0.04369292],[0.04369292]
1711153640908975762,[0.93781479],[0.04987392],[0.04987392]
1711153640911567823,[0.90311719],[0.06225201],[0.06225201]
1711153640913986643,[0.97584293],[0.03108509],[0.03108509]
1711153640915093317,[0.90360797],[0.06209413],[0.06209413]
1711153640917585447,[0.93849868],[0.04959892],[0.04959892]
1711153640920203688,[0.95303619],[0.04334227],[0.04334227]
1711153641076135111,0,[0.48526251],[0.48526251]
1711153641077636749,[0.92489723],[0.05480977],[0.05480977]
1711153641080255069,[0.95471545],[0.04256033],[0.04256033]
1711153641082717854,[0.92540308],[0.05462487],[0.05462487]
1711153641084831261,[0.92569145],[0.05451919],[0.05451919]
1711153641087514546,[0.95520408],[0.0423301],[0.0423301]
1711153641225462941,0,[0.80844752],[0.80844752]
1711153641228736599,[0.94553945],[0.04667357],[0.04667357]
1711153641231009039,[0.89757274],[0.06400852],[0.06400852]
1711153641233700578,[0.97893125],[0.02903016],[0.02903016]
1711153641236381168,[0.94626082],[0.04636342],[0.04636342]
1711153641239012444,[0.95902977],[0.04048221],[0.04048221]
1711153641240396818,[0.9325754],[0.05193249],[0.05193249]
1711153641242528149,[0.95940409],[0.04029685],[0.04029685]
1711153641244047642,[0.94719938],[0.04595677],[0.04595677]
1711153641245856397,[0.91792503],[0.05729746],[0.05729746]
1711153641248699365,[0.94774484],[0.04571878],[0.04571878]
1711153641250850802,[0.94798649],[0.04561294],[0.04561294]
1711153641252356233,[0.96034792],[0.03982566],[0.03982566]
1711153641392143014,[0.94844347],[0.04541213],[0.04541213]
1711153641394945316,[0.94868134],[0.04530724],[0.04530724]
1711153641396984952,[0.94892242],[0.0452007],[0.0452007]
1711153641398460146,[0.94916438],[0.04509351],[0.04509351]
1711153641399495473,[0.94940355],[0.04498731],[0.04498731]
1711153641401577140,[0.96143812],[0.03927436],[0.03927436]
1711153641403477209,[0.94985707],[0.04478524],[0.04478524]
1711153641405682341,[0.92207411],[0.05583042],[0.05583042]
1711153641566547194,0,[0.73728022],[0.73728022]
1711153641568750844,[0.89736178],[0.0640744],[0.0640744]
1711153641569830105,[0.98227352],[0.02662816],[0.02662816]
1711153641647855962,[0.9653814],[0.03721215],[0.03721215]
1711153641650363511,[0.96553553],[0.03712922],[0.03712922]
1711153641653371026,[0.94330176],[0.04762278],[0.04762278]
1711153641654650060,[0.96586925],[0.03694902],[0.03694902]
1711153641830708087,0,[0.78825001],[0.78825001]
1711153641832173977,[0.9689997],[0.0352138],[0.0352138]
1711153641833992852,[0.93704667],[0.05018101],[0.05018101]
1711153641835798040,[0.96930498],[0.03503999],[0.03503999]
1711153641838984125,[0.96008277],[0.0399586],[0.0399586]
1711153641841640118,[0.96026617],[0.03986669],[0.03986669]
1711153641842821404,[0.96971347],[0.03480605],[0.03480605]
1711153641845001108,[0.95016179],[0.04464895],[0.04464895]
1711153641996746493,0,[0.35307981],[0.35307981]
1711153641999533229,[0.96238179],[0.03879083],[0.03879083]
1711153642001591911,[0.97131911],[0.03387087],[0.03387087]
1711153642003687344,[0.85110014],[0.07717509],[0.07717509]
1711153642005641827,[1.],[0.],[0.]
1711153642006714707,[0.95321564],[0.04325938],[0.04325938]
1711153642009172892,[0.96320402],[0.03836455],[0.03836455]
1711153642145224331,0,[0.30392588],[0.30392588]
1711153642147596219,[0.9552147],[0.04232508],[0.04232508]
1711153642150048662,[0.96477218],[0.03753815],[0.03753815]
1711153642153078186,[0.9452178],[0.0468112],[0.0468112]
1711153642154037612,[0.99126702],[0.01869008],[0.01869008]
1711153642155714104,[0.94561684],[0.04664039],[0.04664039]
1711153642304294558,0,[0.59119386],[0.59119386]
1711153642306197281,[0.98729622],[0.02254221],[0.02254221]
1711153642308781133,[0.96757903],[0.03601165],[0.03601165]
1711153642309716394,[0.95913266],[0.04043134],[0.04043134]
1711153642312121964,[0.97537189],[0.03138669],[0.03138669]
1711153642314870357,[0.94993963],[0.04474835],[0.04474835]
1711153642317456280,[0.98204609],[0.02679844],[0.02679844]
1711153642460167073,0,[0.26595803],[0.26595803]
1711153642461709710,[0.99225446],[0.01760175],[0.01760175]
1711153642462436554,[0.96089039],[0.0395523],[0.0395523]
1711153642602797259,0,[0.38703339],[0.38703339]
1711153642604000470,[0.9703469],[0.03444015],[0.03444015]
1711153642606853480,[0.983368],[0.02579302],[0.02579302]
1711153642610743025,[0.95394967],[0.04291868],[0.04291868]
1711153642613078702,[0.9706349],[0.03427249],[0.03427249]
1711153642614497333,[0.98352913],[0.02566778],[0.02566778]
1711153642616883958,[0.9630532],[0.0384431],[0.0384431]
1711153642618848578,[0.97090619],[0.03411382],[0.03411382]
1711153642620920653,[0.97100233],[0.03405741],[0.03405741]
1711153642780819388,0,[0.54189448],[0.54189448]
1711153642781764528,[0.98451335],[0.02488908],[0.02488908]
1711153642845085276,[0.97253857],[0.03314298],[0.03314298]
1711153642847011424,[0.96535046],[0.03722877],[0.03722877]
1711153642849133865,[0.97270639],[0.03304156],[0.03304156]
1711153642851218471,[0.96555867],[0.03711675],[0.03711675]
1711153642852957812,[0.97922849],[0.02882465],[0.02882465]
1711153642857300472,[0.97293939],[0.03290022],[0.03290022]
1711153643009753417,0,[0.48804407],[0.48804407]
1711153643011983677,[0.9672117],[0.03621508],[0.03621508]
1711153643012994712,[0.98546254],[0.02411428],[0.02411428]
1711153643015000962,[0.97421358],[0.0321163],[0.0321163]
1711153643019264877,[0.97427897],[0.03207556],[0.03207556]
1711153643021528708,[0.95151723],[0.04403761],[0.04403761]
1711153643023158892,[0.99000816],[0.01999184],[0.01999184]
1711153643287055281,0,[0.77040838],[0.77040838]
1711153643289883087,[0.96684211],[0.03641862],[0.03641862]
1711153643293431853,[0.97998032],[0.02829818],[0.02829818]
1711153643295783588,[0.96698324],[0.03634103],[0.03634103]
1711153643297933864,[0.98007344],[0.02823229],[0.02823229]
1711153643300478960,[0.97402972],[0.03223059],[0.03223059]
1711153643302579199,[0.96721082],[0.03621557],[0.03621557]
1711153643304807893,[0.96729419],[0.0361695],[0.0361695]
1711153643307098845,[0.98025978],[0.02809998],[0.02809998]
1711153643310086019,[0.96744199],[0.03608768],[0.03608768]
1711153643311934673,[0.97433699],[0.03203936],[0.03203936]
1711153643313420351,[0.98559332],[0.02400557],[0.02400557]
1711153643314216697,[0.96765031],[0.03597204],[0.03597204]
1711153643315746981,[0.97450516],[0.03193421],[0.03193421]
1711153643317111088,[0.9678061],[0.03588532],[0.03588532]
1711153643467674185,0,[0.21944454],[0.21944454]
1711153643470380923,[0.9741917],[0.03212993],[0.03212993]
1711153643472773543,[0.96734702],[0.03614027],[0.03614027]
1711153643478904258,[0.98551377],[0.02407175],[0.02407175]
1711153643481024274,[0.96747237],[0.03607084],[0.03607084]
1711153643481893699,[0.98036548],[0.02802465],[0.02802465]
1711153643650347201,0,[0.45584546],[0.45584546]
1711153643651563347,[0.97439096],[0.03200565],[0.03200565]
1711153643653814009,[0.98043054],[0.02797818],[0.02797818]
1711153643656711837,[0.95178609],[0.04391533],[0.04391533]
1711153643661494994,[0.9327833],[0.05185237],[0.05185237]
1711153643663071936,[1.],[0.],[0.]
1711153643664356993,[0.97447545],[0.03195281],[0.03195281]
1711153643813038589,0,[0.22477282],[0.22477282]
1711153643814479963,[0.97413574],[0.03216474],[0.03216474]
1711153643816820129,[0.97418831],[0.03213203],[0.03213203]
1711153643818910649,[0.96740247],[0.03610957],[0.03610957]
1711153643820917360,[0.97429916],[0.03206296],[0.03206296]
1711153643821877949,[0.98556848],[0.02402625],[0.02402625]
1711153643826687796,[0.97438877],[0.03200702],[0.03200702]
1711153643829427653,[0.96765182],[0.0359712],[0.0359712]
1711153643990121937,0,[0.48336031],[0.48336031]
1711153643991625189,[0.98566376],[0.02394681],[0.02394681]
1711153643993291000,[0.96780328],[0.03588689],[0.03588689]
1711153643995693255,[0.96787068],[0.03584931],[0.03584931]
1711153643998672227,[0.974625],[0.03185906],[0.03185906]
1711153644000216398,[0.98053975],[0.0279],[0.0279]
1711153644003087234,[0.97454772],[0.03190754],[0.03190754]
1711153644005561766,[0.97450374],[0.0319351],[0.0319351]
1711153644175644982,0,[1.02305018],[1.02305018]
1711153644177885578,[0.96786082],[0.03585481],[0.03585481]
1711153644179724730,[0.98056295],[0.02788336],[0.02788336]
1711153644181116720,[0.97459388],[0.0318786],[0.0318786]
1711153644182545079,[0.9678172],[0.03587913],[0.03587913]
1711153644183915408,[0.98051628],[0.02791682],[0.02791682]
1711153644185292911,[0.97453322],[0.03191663],[0.03191663]
1711153644187181467,[0.97451343],[0.03192903],[0.03192903]
1711153644189080383,[0.9677203],[0.0359331],[0.0359331]
1711153644191158099,[0.98564407],[0.02396325],[0.02396325]
1711153644193579219,[0.96768018],[0.03595543],[0.03595543]
1711153644195660442,[0.97444551],[0.03197154],[0.03197154]
1711153644196704560,[0.97442933],[0.03198166],[0.03198166]
1711153644360655054,[0.97441374],[0.03199141],[0.03199141]
1711153644364014922,[0.97439922],[0.03200049],[0.03200049]
1711153644367399485,[0.97438114],[0.03201178],[0.03201178]
1711153644370128930,[0.88423025],[0.06804991],[0.06804991]
1711153644372843083,[0.98557804],[0.02401829],[0.02401829]
1711153644375970057,[0.9676009],[0.0359995],[0.0359995]
1711153644377215869,[0.96766928],[0.03596149],[0.03596149]
1711153644529822095,[0.97450587],[0.03193376],[0.03193376]
1711153644532069514,[0.96779759],[0.03589006],[0.03589006]
1711153644533700199,[0.99007514],[0.01992472],[0.01992472]
1711153644534537056,[0.96784771],[0.03586212],[0.03586212]
1711153644536539579,[0.97458021],[0.03188717],[0.03188717]
1711153644538934488,[0.97456731],[0.03189526],[0.03189526]
1711153644541274616,[0.96779484],[0.03589159],[0.03589159]
1711153644543039056,[0.97453873],[0.03191318],[0.03191318]
1711153644718399215,0,[0.44739225],[0.44739225]
1711153644720345600,[0.97439556],[0.03200278],[0.03200278]
1711153644721504787,[0.98039189],[0.02800579],[0.02800579]
1711153644724446276,[0.9743826],[0.03201087],[0.03201087]
1711153644730188664,[0.97437604],[0.03201497],[0.03201497]
1711153644733122179,[0.97436698],[0.03202063],[0.03202063]
1711153644736267049,[0.97436524],[0.03202171],[0.03202171]
1711153644737482676,[0.9743541],[0.03202868],[0.03202868]
1711153644871153083,0,[0.28389343],[0.28389343]
1711153644873169172,[0.97446947],[0.03195655],[0.03195655]
1711153644875285725,[0.96768188],[0.03595448],[0.03595448]
1711153644877668361,[0.98044539],[0.02796756],[0.02796756]
1711153644880085493,[0.942521],[0.04794956],[0.04794956]
1711153644881322288,[0.99361207],[0.0159849],[0.0159849]
1711153645025215552,0,[0.53174071],[0.53174071]
1711153645028418458,[0.99359832],[0.0160021],[0.0160021]
1711153645032703678,[0.97439095],[0.03200566],[0.03200566]
1711153645034864470,[0.97439017],[0.03200614],[0.03200614]
1711153645037573638,[0.98039021],[0.02800699],[0.02800699]
1711153645040527609,[0.97438817],[0.03200739],[0.03200739]
1711153645043839272,[0.97438868],[0.03200707],[0.03200707]
1711153645189656610,0,[0.77020977],[0.77020977]
1711153645191824929,[0.97456142],[0.03189896],[0.03189896]
1711153645194441971,[0.96024179],[0.03987892],[0.03987892]
1711153645196971327,[0.98569753],[0.02391859],[0.02391859]
1711153645199378178,[0.98052278],[0.02791216],[0.02791216]
1711153645201421729,[0.96780594],[0.03588541],[0.03588541]
1711153645202954227,[0.97456417],[0.03189723],[0.03189723]
1711153645204316731,[0.97455217],[0.03190475],[0.03190475]
1711153645206920278,[0.9745712],[0.03189282],[0.03189282]
1711153645209279961,[0.96025576],[0.03987192],[0.03987192]
1711153645210279975,[0.9805288],[0.02790785],[0.02790785]
1711153645343138569,[0.98052087],[0.02791353],[0.02791353]
1711153645345611698,[0.97457017],[0.03189347],[0.03189347]
1711153645348491880,[0.96781181],[0.03588214],[0.03588214]
1711153645351663788,[0.98052651],[0.02790949],[0.02790949]
1711153645353623669,[0.98052567],[0.02791009],[0.02791009]
1711153645355411473,[0.96780912],[0.03588364],[0.03588364]
1711153645522316807,[0.96025819],[0.03987069],[0.03987069]
1711153645525244789,[0.98568899],[0.02392573],[0.02392573]
1711153645527102406,[0.98053406],[0.02790408],[0.02790408]
1711153645528865714,[0.96780092],[0.0358882],[0.0358882]
1711153645529757782,[0.96782276],[0.03587603],[0.03587603]
1711153645531428654,[0.97456853],[0.0318945],[0.0318945]
1711153645533571765,[0.96026756],[0.03986599],[0.03986599]
1711153645535233719,[0.9936437],[0.01594529],[0.01594529]
1711153645782555992,0,[0.60576816],[0.60576816]
1711153645785064216,[0.96785709],[0.03585689],[0.03585689]
1711153645786282073,[0.97459527],[0.03187772],[0.03187772]
1711153645788921847,[0.9745999],[0.03187482],[0.03187482]
1711153645791765523,[0.9805532],[0.02789036],[0.02789036]
1711153645794140389,[0.96785368],[0.03585879],[0.03585879]
1711153645795594477,[0.97460111],[0.03187406],[0.03187406]
1711153645939349722,0,[0.31866252],[0.31866252]
1711153645940393516,[0.97461896],[0.03186286],[0.03186286]
1711153645942999525,[0.96787859],[0.0358449],[0.0358449]
1711153645945458855,[0.97462256],[0.03186059],[0.03186059]
1711153645948195243,[0.98057201],[0.02787686],[0.02787686]
1711153645950835638,[0.97462505],[0.03185904],[0.03185904]
1711153645952005594,[0.96788789],[0.0358397],[0.0358397]
1711153645954155892,[0.98057424],[0.02787526],[0.02787526]
1711153646100423189,0,[0.47765978],[0.47765978]
1711153646103114050,[0.96041518],[0.03979187],[0.03979187]
1711153646104613384,[0.98060573],[0.02785266],[0.02785266]
1711153646107321699,[0.97466825],[0.0318319],[0.0318319]
1711153646111534527,[0.98061166],[0.0278484],[0.0278484]
1711153646113742867,[0.9806089],[0.02785039],[0.02785039]
1711153646116259787,[0.96043857],[0.03978011],[0.03978011]
1711153646288098927,0,[0.29827218],[0.29827218]
1711153646290868569,[0.99367691],[0.01590357],[0.01590357]
1711153646292046640,[0.98063819],[0.02782935],[0.02782935]
1711153646295096749,[0.97471363],[0.03180338],[0.03180338]
1711153646297472348,[0.97471771],[0.03180081],[0.03180081]
1711153646299760190,[0.943124],[0.04769738],[0.04769738]
1711153646302428831,[0.99012683],[0.01987277],[0.01987277]
1711153646370856135,[0.97472887],[0.03179379],[0.03179379]
1711153646373408489,[0.98065366],[0.02781823],[0.02781823]
1711153646535709943,0,[0.57181804],[0.57181804]
1711153646539878850,[0.96811984],[0.03571003],[0.03571003]
1711153646541242436,[0.96812876],[0.03570504],[0.03570504]
1711153646543532683,[0.974827],[0.031732],[0.031732]
1711153646545391645,[0.98072952],[0.02776363],[0.02776363]
1711153646548170423,[0.98073482],[0.02775981],[0.02775981]
1711153646705809732,0,[0.5108778],[0.5108778]
1711153646708582246,[0.96834257],[0.03558507],[0.03558507]
1711153646710843917,[0.97499796],[0.03162406],[0.03162406]
1711153646712949400,[0.98086776],[0.02766387],[0.02766387]
1711153646714875310,[0.98087241],[0.0276605],[0.0276605]
1711153646716045626,[0.9750302],[0.03160367],[0.03160367]
1711153646718734083,[0.97504326],[0.03159541],[0.03159541]
1711153646721193082,[0.96842872],[0.03553662],[0.03553662]
1711153646867387747,0,[0.22087666],[0.22087666]
1711153646869978830,[0.96856696],[0.03545873],[0.03545873]
1711153646872753151,[0.98603743],[0.02363266],[0.02363266]
1711153646875832175,[0.92404192],[0.05512099],[0.05512099]
1711153646878995700,[0.99845059],[0.00787252],[0.00787252]
1711153646882608974,[0.94425618],[0.04722026],[0.04722026]
1711153646884764732,[0.99381025],[0.01573499],[0.01573499]
1711153646888564134,[0.97525149],[0.03146332],[0.03146332]
1711153647061886042,0,[0.47075915],[0.47075915]
1711153647063640885,[0.95368383],[0.04304238],[0.04304238]
1711153647064384757,[0.99043459],[0.01956058],[0.01956058]
1711153647066035220,[0.96902596],[0.03519888],[0.03519888]
1711153647067600361,[0.93542235],[0.05082427],[0.05082427]
1711153647233093560,0,[0.70259311],[0.70259311]
1711153647235123119,[0.98626376],[0.02344034],[0.02344034]
1711153647236875998,[0.96181392],[0.03908252],[0.03908252]
1711153647239412575,[0.96903645],[0.03519292],[0.03519292]
1711153647242356520,[0.98622279],[0.02347527],[0.02347527]
1711153647244958882,[0.97548221],[0.03131632],[0.03131632]
1711153647247539013,[0.97544953],[0.03133718],[0.03133718]
1711153647249687037,[0.98117652],[0.02743974],[0.02743974]
1711153647251403347,[0.9615262],[0.03922948],[0.03922948]
1711153647253012572,[0.98612506],[0.02355839],[0.02355839]
1711153647254456482,[0.96872057],[0.03537198],[0.03537198]
1711153647255385567,[0.97522344],[0.03148114],[0.03148114]
1711153647257604156,[0.96855288],[0.03546667],[0.03546667]
1711153647261738516,[0.96846016],[0.03551892],[0.03551892]
1711153647263915055,[0.99023922],[0.01975933],[0.01975933]
1711153647441382966,[0.96829232],[0.0356133],[0.0356133]
1711153647444073134,[0.96817623],[0.03567843],[0.03567843]
1711153647445111819,[0.98581315],[0.02382171],[0.02382171]
1711153647447618109,[0.97469997],[0.03181197],[0.03181197]
1711153647450443238,[0.96029727],[0.03985109],[0.03985109]
1711153647451533401,[0.98565039],[0.02395797],[0.02395797]
1711153647453591263,[0.96759168],[0.03600462],[0.03600462]
1711153647710037254,0,[0.79361433],[0.79361433]
1711153647712974704,[0.95388097],[0.04295068],[0.04295068]
1711153647714032235,[0.98328437],[0.02585779],[0.02585779]
1711153647715655237,[0.97010694],[0.03457922],[0.03457922]
1711153647717773855,[0.96990145],[0.03469787],[0.03469787]
1711153647720371559,[0.9696937],[0.03481741],[0.03481741]
1711153647721523170,[0.96948415],[0.03493757],[0.03493757]
1711153647723913798,[0.96927059],[0.03505961],[0.03505961]
1711153647881526349,0,[0.30304155],[0.30304155]
1711153647882552249,[0.99538769],[0.0135828],[0.0135828]
1711153647884684165,[0.95826939],[0.04085614],[0.04085614]
1711153647887625999,[0.9579237],[0.04102502],[0.04102502]
1711153647891420176,[0.94760652],[0.04577924],[0.04577924]
1711153647892656899,[0.98100047],[0.02756776],[0.02756776]
1711153647894879676,[0.95696057],[0.0414919],[0.0414919]
1711153648057105908,0,[0.59424218],[0.59424218]
1711153648060966745,[0.95138592],[0.0440972],[0.0440972]
1711153648062411595,[0.96129551],[0.03934691],[0.03934691]
1711153648065144207,[0.95064126],[0.04443365],[0.04443365]
1711153648072373330,[0.97791782],[0.02972015],[0.02972015]
1711153648075133769,[0.93822479],[0.04970924],[0.04970924]
1711153648078762848,[0.96014762],[0.03992612],[0.03992612]
1711153648324172897,0,[1.04399418],[1.04399418]
1711153648326240778,[0.93987196],[0.04904204],[0.04904204]
1711153648328202718,[0.97311645],[0.03279241],[0.03279241]
1711153648330189103,[0.95194183],[0.04384435],[0.04384435]
1711153648332146584,[0.95163809],[0.04398268],[0.04398268]
1711153648334025444,[0.93838317],[0.04964548],[0.04964548]
1711153648336169672,[0.97245433],[0.03319378],[0.03319378]
1711153648338435351,[0.93766091],[0.04993559],[0.04993559]
1711153648342203391,[0.95042099],[0.04453269],[0.04453269]
1711153648344214954,[0.96182264],[0.03907805],[0.03907805]
1711153648346338943,[0.94985041],[0.04478821],[0.04478821]
1711153648546859886,0,[0.46107628],[0.46107628]
1711153648547857903,[0.95901909],[0.04048748],[0.04048748]
1711153648551177146,[0.93186648],[0.0522048],[0.0522048]
1711153648553833261,[0.95855143],[0.04071785],[0.04071785]
1711153648556526561,[0.93109008],[0.0525014],[0.0525014]
1711153648559310190,[0.94522836],[0.04680668],[0.04680668]
1711153648561829002,[0.95784571],[0.04106302],[0.04106302]
1711153648564263404,[0.94464858],[0.04705376],[0.04705376]
1711153648742173472,0,[0.67837886],[0.67837886]
1711153648743346083,[0.88647547],[0.0673868],[0.0673868]
1711153648746045882,[0.96604148],[0.03685568],[0.03685568]
1711153648748802549,[0.93936219],[0.04924949],[0.04924949]
1711153648751484434,[0.9533546],[0.04319509],[0.04319509]
1711153648752890911,[0.92250496],[0.05567586],[0.05567586]
1711153648755963393,[0.93844467],[0.04962069],[0.04962069]
1711153648759682740,[0.95265485],[0.04351788],[0.04351788]
1711153648945999487,0,[0.76040301],[0.76040301]
1711153648948246361,[0.91559182],[0.05810617],[0.05810617]
1711153648949154226,[0.94870733],[0.04529577],[0.04529577]
1711153648950901385,[0.93272253],[0.0518758],[0.0518758]
1711153648953537672,[0.91444695],[0.05849891],[0.05849891]
1711153648957516613,[0.93208218],[0.0521221],[0.0521221]
1711153648961344808,[0.94778372],[0.04570177],[0.04570177]
1711153648962224348,[0.94758198],[0.04578996],[0.04578996]
1711153649108836461,0,[0.75120185],[0.75120185]
1711153649110187082,[0.94414282],[0.04726825],[0.04726825]
1711153649112424798,[0.92676087],[0.05412546],[0.05412546]
1711153649114430020,[0.88503597],[0.06781269],[0.06781269]
1711153649115978288,[0.95844595],[0.04076962],[0.04076962]
1711153649117641887,[0.90615061],[0.0612697],[0.0612697]
1711153649280515966,0,[1.16150001],[1.16150001]
1711153649284297191,[0.89792609],[0.06389802],[0.06389802]
1711153649286686557,[0.91903309],[0.05690937],[0.05690937]
1711153649460920850,[0.91873809],[0.05701295],[0.05701295]
1711153649462964325,[0.91844272],[0.05711647],[0.05711647]
1711153649465250283,[0.93734387],[0.05006241],[0.05006241]
1711153649467722717,[0.89605825],[0.06448],[0.06448]
1711153649469784096,[0.91755763],[0.05742556],[0.05742556]
1711153649471669419,[0.91726262],[0.05752821],[0.05752821]
1711153649472788477,[0.89488557],[0.06484271],[0.06484271]
1711153649473950036,[0.57703256],[0.13007189],[0.13007189]
1711153649476201659,[0.9527545],[0.04347206],[0.04347206]
1711153649477290850,[0.93551286],[0.05078864],[0.05078864]
1711153649479687088,[0.91549304],[0.05814016],[0.05814016]
1711153649481883766,[0.93508465],[0.05095698],[0.05095698]
1711153649483971796,[0.91493612],[0.05833143],[0.05833143]
1711153649497519679,[0.89194525],[0.06574336],[0.06574336]
1711153649672708029,0,[0.88113497],[0.88113497]
1711153649674723310,[0.90994132],[0.06001956],[0.06001956]
1711153649677140479,[0.88562209],[0.06763961],[0.06763961]
1711153649680358416,[0.90931674],[0.06022732],[0.06022732]
1711153649682700962,[0.93036144],[0.05277824],[0.05277824]
1711153649685628489,[0.85738628],[0.07552846],[0.07552846]
1711153649688210417,[0.90839564],[0.06053242],[0.06053242]
1711153649689333979,[0.94832731],[0.04546326],[0.04546326]
1711153649691337287,[0.9078794],[0.06070275],[0.06070275]
1711153649855597028,0,[0.85999728],[0.85999728]
1711153649858560212,[0.84905971],[0.07770207],[0.07770207]
1711153649862659172,[0.90306564],[0.06226857],[0.06226857]
1711153649863917978,[0.90276973],[0.06236354],[0.06236354]
1711153649866243982,[0.92534542],[0.05464598],[0.05464598]
1711153649868828140,[0.87621651],[0.07036576],[0.07036576]
1711153649871317357,[0.90188074],[0.06264799],[0.06264799]
1711153649874665600,[0.92466467],[0.05489456],[0.05489456]
1711153650043004297,0,[0.89611862],[0.89611862]
1711153650045094822,[0.86977277],[0.07217402],[0.07217402]
1711153650046038600,[0.94196269],[0.04818187],[0.04818187]
1711153650047629903,[0.86905635],[0.07237227],[0.07237227]
1711153650049497663,[0.89622281],[0.06442894],[0.06442894]
1711153650051975687,[0.94147786],[0.0483827],[0.0483827]
1711153650054717455,[0.83696867],[0.08075428],[0.08075428]
1711153650055865102,[0.91987295],[0.05661344],[0.05661344]
1711153650203709479,0,[0.53728244],[0.53728244]
1711153650206024682,[0.95805923],[0.04095889],[0.04095889]
1711153650208795187,[0.86376995],[0.07381871],[0.07381871]
1711153650209928948,[0.89203431],[0.06571627],[0.06571627]
1711153650212172865,[0.89173939],[0.06580596],[0.06580596]
1711153650214669551,[0.86256775],[0.07414371],[0.07414371]
1711153650446322728,0,[1.52245602],[1.52245602]
1711153650448832040,[0.88989547],[0.06636401],[0.06636401]
1711153650451323308,[0.91583193],[0.05802347],[0.05802347]
1711153650453343738,[0.86106105],[0.07454903],[0.07454903]
1711153650454299871,[0.86129687],[0.07448574],[0.07448574]
1711153650456360728,[0.9162673],[0.05787321],[0.05787321]
1711153650620007483,0,[0.66606318],[0.66606318]
1711153650621287333,[0.86482327],[0.07353278],[0.07353278]
1711153650623560836,[0.95835607],[0.04081369],[0.04081369]
1711153650625818299,[0.86543954],[0.07336497],[0.07336497]
1711153650627090462,[0.91879036],[0.05699461],[0.05699461]
1711153650798681792,0,[1.16183793],[1.16183793]
1711153650802033871,[0.90107341],[0.0629052],[0.0629052]
1711153650805108168,[0.84621125],[0.07843182],[0.07843182]
1711153650809830881,[0.94488934],[0.04695132],[0.04695132]
1711153650811121722,[0.92527821],[0.05467057],[0.05467057]
1711153650813631145,[0.90285519],[0.06233613],[0.06233613]
1711153650815973710,[0.87769855],[0.06994325],[0.06994325]
1711153650989596111,0,[0.9642353],[0.9642353]
1711153650992502210,[0.88907403],[0.0666111],[0.0666111]
1711153650994773028,[0.91295189],[0.05900783],[0.05900783]
1711153650998455002,[0.93375529],[0.0514761],[0.0514761]
1711153651000569102,[0.73729586],[0.10250934],[0.10250934]
1711153651001497541,[0.98802277],[0.02188811],[0.02188811]
1711153651003374308,[0.9152203],[0.05823391],[0.05823391]
1711153651180202393,0,[1.76048016],[1.76048016]
1711153651182707728,[0.93409191],[0.05134514],[0.05134514]
1711153651185604472,[0.93461983],[0.05113909],[0.05113909]
1711153651187771302,[0.96348227],[0.03821923],[0.03821923]
1711153651189838492,[0.93553693],[0.05077916],[0.05077916]
1711153651193437712,[0.9360545],[0.0505749],[0.0505749]
1711153651198088281,[0.91976266],[0.05665239],[0.05665239]
1711153651207890954,[0.93714222],[0.05014291],[0.05014291]
1711153651211739040,[0.92112392],[0.05616977],[0.05616977]
1711153651213641055,[0.93821025],[0.04971509],[0.04971509]
1711153651215337739,[0.9530479],[0.04333687],[0.04333687]
1711153651216633211,[0.95337405],[0.04318608],[0.04318608]
1711153651218608205,[0.9235439],[0.05530139],[0.05530139]
1711153651220952844,[0.95411477],[0.04284167],[0.04284167]
1711153651371291297,[0.92475522],[0.05486156],[0.05486156]
1711153651373473705,[0.95483997],[0.04250178],[0.04250178]
1711153651375364218,[0.92594003],[0.05442792],[0.05442792]
1711153651377234212,[0.94197292],[0.04817762],[0.04817762]
1711153651379072856,[0.94242867],[0.04798805],[0.04798805]
1711153651380182601,[0.95624375],[0.04183599],[0.04183599]
1711153651564033065,0,[0.37597002],[0.37597002]
1711153651567800596,[0.93254066],[0.05194587],[0.05194587]
1711153651569020872,[0.959501],[0.04024873],[0.04024873]
1711153651572234359,[0.93356727],[0.05154909],[0.05154909]
1711153651576227916,[0.94793072],[0.04563739],[0.04563739]
1711153651578819395,[0.9483252],[0.04546418],[0.04546418]
1711153651580326277,[0.94871409],[0.04529279],[0.04529279]
1711153651582954176,[0.93560762],[0.05075131],[0.05075131]
1711153651585297382,[0.96134109],[0.03932374],[0.03932374]
1711153651742840812,0,[0.30455927],[0.30455927]
1711153651744228527,[0.93970198],[0.04911131],[0.04911131]
1711153651748024367,[0.9527177],[0.04348899],[0.04348899]
1711153651750667976,[0.94061181],[0.04873939],[0.04873939]
1711153651752496782,[0.97378265],[0.03238354],[0.03238354]
1711153651753471700,[0.95368003],[0.04304415],[0.04304415]
1711153651755385548,[0.95400509],[0.04289285],[0.04289285]
1711153651924643831,0,[0.63107557],[0.63107557]
1711153651927484014,[0.96840038],[0.03555256],[0.03555256]
1711153651929694407,[0.94809757],[0.04556421],[0.04556421]
1711153651932184263,[0.94846232],[0.04540383],[0.04540383]
1711153651933216641,[0.95954955],[0.04022459],[0.04022459]
1711153651935293569,[0.94914335],[0.04510284],[0.04510284]
1711153652090233141,0,[0.6491372],[0.6491372]
1711153652091465019,[0.96376404],[0.03807149],[0.03807149]
1711153652094025379,[0.95440656],[0.04270524],[0.04270524]
1711153652096537138,[0.97256672],[0.03312599],[0.03312599]
1711153652098177334,[0.96435048],[0.03776216],[0.03776216]
1711153652099597831,[0.96454182],[0.03766069],[0.03766069]
1711153652335271438,0,[0.55799113],[0.55799113]
1711153652336400870,[0.97494821],[0.03165552],[0.03165552]
1711153652339038007,[0.95878222],[0.04060432],[0.04060432]
1711153652341669332,[0.95899211],[0.04050081],[0.04050081]
1711153652343889143,[0.97530832],[0.03142717],[0.03142717]
1711153652346216918,[0.95936431],[0.04031659],[0.04031659]
1711153652508837361,0,[0.61455801],[0.61455801]
1711153652509941395,[0.9958234],[0.01292532],[0.01292532]
1711153652511440121,[0.95373714],[0.04301761],[0.04301761]
1711153652512122612,[0.98340959],[0.02576075],[0.02576075]
1711153652514849834,[0.97061124],[0.0342863],[0.0342863]
1711153652517780915,[0.97758118],[0.02994583],[0.02994583]
1711153652519757001,[0.95442455],[0.04269681],[0.04269681]
1711153652677068871,0,[0.23296723],[0.23296723]
1711153652680218043,[0.97171031],[0.03363908],[0.03363908]
1711153652683376023,[0.97180985],[0.03357984],[0.03357984]
1711153652686063996,[0.96445752],[0.03770543],[0.03770543]
1711153652688566866,[0.94712974],[0.04598707],[0.04598707]
1711153652689996480,[0.996081],[0.01252038],[0.01252038]
1711153652693343985,[0.9648268],[0.03750904],[0.03750904]
1711153652696999893,[0.96494451],[0.03744622],[0.03744622]
1711153652849794499,0,[0.55295806],[0.55295806]
1711153652850750250,[0.98003316],[0.02826081],[0.02826081]
1711153652853052007,[0.97399712],[0.03225082],[0.03225082]
1711153652855415081,[0.95951509],[0.04024172],[0.04024172]
1711153652858980525,[0.97418122],[0.03213645],[0.03213645]
1711153652859887073,[0.98551687],[0.02406917],[0.02406917]
1711153652861924306,[0.97432208],[0.03204866],[0.03204866]
1711153652864092369,[0.9744014],[0.03199913],[0.03199913]
1711153653007810474,0,[0.23156497],[0.23156497]
1711153653010908701,[0.98019568],[0.02814557],[0.02814557]
1711153653013516480,[0.96711206],[0.03627006],[0.03627006]
1711153653016483424,[0.97388322],[0.03232137],[0.03232137]
1711153653019029227,[0.97996057],[0.02831214],[0.02831214]
1711153653021151071,[0.93105985],[0.05251291],[0.05251291]
1711153653021966826,[0.99837227],[0.00806903],[0.00806903]
1711153653024493612,[0.97400422],[0.03224641],[0.03224641]
1711153653288334545,0,[1.0626785],[1.0626785]
1711153653291499954,[0.97437855],[0.0320134],[0.0320134]
1711153653293323096,[0.96768124],[0.03595484],[0.03595484]
1711153653294900869,[0.98049802],[0.0279299],[0.0279299]
1711153653297209097,[0.97458012],[0.03188723],[0.03188723]
1711153653299772223,[0.9746308],[0.03185542],[0.03185542]
1711153653301440028,[0.97457268],[0.03189189],[0.03189189]
1711153653303354956,[0.98049128],[0.02793473],[0.02793473]
1711153653305523889,[0.96766134],[0.03596591],[0.03596591]
1711153653309322636,[0.96756201],[0.0360211],[0.0360211]
1711153653312769866,[0.80519202],[0.08827411],[0.08827411]
1711153653315775446,[1.],[0.],[0.]
1711153653643428202,0,[0.79967339],[0.79967339]
1711153653645144410,[0.96776988],[0.0359055],[0.0359055]
1711153653647754491,[0.98048536],[0.02793896],[0.02793896]
1711153653650308358,[0.96770038],[0.03594419],[0.03594419]
1711153653652652736,[0.9744433],[0.03197293],[0.03197293]
1711153653653598312,[0.9804104],[0.02799257],[0.02799257]
1711153653655287778,[0.96756198],[0.03602111],[0.03602111]
1711153653819781752,[0.11752067],[0.18788074],[0.18788074]
1711153653824605445,[0.96012337],[0.03993827],[0.03993827]
1711153653828572812,[0.98044367],[0.02796879],[0.02796879]
1711153653830112423,[0.97443345],[0.03197909],[0.03197909]
1711153653832797431,[0.97441843],[0.03198848],[0.03198848]
1711153653835140004,[0.95158806],[0.04400543],[0.04400543]
1711153654013918598,0,[0.56249321],[0.56249321]
1711153654016959566,[0.9678143],[0.03588074],[0.03588074]
1711153654019044307,[0.98051795],[0.02791562],[0.02791562]
1711153654020994620,[0.98050749],[0.02792312],[0.02792312]
1711153654023058757,[0.96775863],[0.03591176],[0.03591176]
1711153654024181882,[0.98048464],[0.02793948],[0.02793948]
1711153654280730804,0,[0.77076711],[0.77076711]
1711153654283112763,[0.96784543],[0.03586339],[0.03586339]
1711153654285141268,[0.98054475],[0.02789641],[0.02789641]
1711153654287774858,[0.96783371],[0.03586993],[0.03586993]
1711153654289712779,[0.97457984],[0.0318874],[0.0318874]
1711153654292013814,[0.97457489],[0.03189051],[0.03189051]
1711153654294340328,[0.98569593],[0.02391992],[0.02391992]
1711153654296251137,[0.96780989],[0.0358832],[0.0358832]
1711153654298895677,[0.97456038],[0.0318996],[0.0318996]
1711153654301045282,[0.98051935],[0.02791462],[0.02791462]
1711153654302891879,[0.96779142],[0.0358935],[0.0358935]
1711153654304337860,[0.967785],[0.03589708],[0.03589708]
1711153654307032246,[0.97454147],[0.03191146],[0.03191146]
1711153654309833756,[0.9805052],[0.02792476],[0.02792476]
1711153654311073814,[0.97453366],[0.03191635],[0.03191635]
1711153654480915966,[0.93274043],[0.0518689],[0.0518689]
1711153654542715843,[0.99840783],[0.00798041],[0.00798041]
1711153654544202813,[0.97452299],[0.03192304],[0.03192304]
1711153654544891118,[0.97451938],[0.0319253],[0.0319253]
1711153654547795295,[0.96774612],[0.03591873],[0.03591873]
1711153654548751792,[0.98048558],[0.02793881],[0.02793881]
1711153654550852013,[0.97450826],[0.03193227],[0.03193227]
1711153654743931540,0,[0.67476018],[0.67476018]
1711153654746676362,[0.98042576],[0.0279816],[0.0279816]
1711153654749096325,[0.96004768],[0.03997615],[0.03997615]
1711153654750158724,[0.9856157],[0.02398691],[0.02398691]
1711153654752635793,[0.96003968],[0.03998016],[0.03998016]
1711153654755931432,[0.98561265],[0.02398946],[0.02398946]
1711153654758966486,[0.96002998],[0.03998501],[0.03998501]
1711153654760014227,[0.98041166],[0.02799167],[0.02799167]
1711153654922593279,0,[0.41599371],[0.41599371]
1711153654924295651,[0.98037678],[0.02801658],[0.02801658]
1711153654927673883,[0.8702224],[0.07204932],[0.07204932]
1711153654929317732,[0.98557735],[0.02401887],[0.02401887]
1711153654930959818,[0.95993124],[0.04003436],[0.04003436]
1711153655101049329,0,[0.50345559],[0.50345559]
1711153655104021296,[0.97444516],[0.03197176],[0.03197176]
1711153655106615151,[0.97444126],[0.0319742],[0.0319742]
1711153655110445075,[0.96005735],[0.03997131],[0.03997131]
1711153655113663381,[0.9804247],[0.02798235],[0.02798235]
1711153655115391922,[0.98042203],[0.02798426],[0.02798426]
1711153655118408273,[0.97442545],[0.03198409],[0.03198409]
1711153655273063214,0,[0.25992862],[0.25992862]
1711153655276074428,[0.97440386],[0.03199759],[0.03199759]
1711153655278705002,[0.97440152],[0.03199905],[0.03199905]
1711153655280905345,[0.97439813],[0.03200117],[0.03200117]
1711153655283527513,[0.98039428],[0.02800408],[0.02800408]
1711153655469012967,0,[0.48015463],[0.48015463]
1711153655476381273,[0.95992259],[0.04003869],[0.04003869]
1711153655478855467,[0.98556999],[0.02402499],[0.02402499]
1711153655481704588,[0.97434124],[0.0320367],[0.0320367]
1711153655487553709,[0.96753134],[0.03603813],[0.03603813]
1711153655490056862,[0.98037063],[0.02802097],[0.02802097]
1711153655493289225,[0.97439623],[0.03200236],[0.03200236]
1711153655495952422,[0.97443857],[0.03197588],[0.03197588]
1711153655677997076,0,[0.52242561],[0.52242561]
1711153655680339069,[0.98567612],[0.02393648],[0.02393648]
1711153655749043674,[0.98050319],[0.02792619],[0.02792619]
1711153655751374816,[0.97453204],[0.03191737],[0.03191737]
1711153655753575629,[0.95184393],[0.04388898],[0.04388898]
1711153655754551533,[0.99004942],[0.01995052],[0.01995052]
1711153655757013124,[0.96775721],[0.03591256],[0.03591256]
1711153655932745210,0,[0.64658355],[0.64658355]
1711153655935393919,[0.98046862],[0.02795094],[0.02795094]
1711153655936746419,[0.98046798],[0.0279514],[0.0279514]
1711153655940010140,[0.97448846],[0.03194466],[0.03194466]
1711153655942892845,[0.98046736],[0.02795184],[0.02795184]
1711153655945862136,[0.9677116],[0.03593794],[0.03593794]
1711153655949303438,[0.9804675],[0.02795174],[0.02795174]
1711153655950594183,[0.9677103],[0.03593867],[0.03593867]
1711153656204002720,0,[0.6707715],[0.6707715]
1711153656206604649,[0.9426128],[0.04791125],[0.04791125]
1711153656209205416,[0.98565411],[0.02395487],[0.02395487]
1711153656211499287,[0.99003743],[0.01996254],[0.01996254]
1711153656213808087,[0.96014898],[0.03992544],[0.03992544]
1711153656216831178,[0.97450168],[0.03193639],[0.03193639]
1711153656219296639,[0.98565421],[0.02395478],[0.02395478]
1711153656221714595,[0.95179596],[0.04391084],[0.04391084]
1711153656222737739,[0.98047857],[0.02794382],[0.02794382]
1711153656224050546,[0.98565965],[0.02395024],[0.02395024]
1711153656226232363,[0.97450816],[0.03193233],[0.03193233]
1711153656228225479,[0.96773816],[0.03592316],[0.03592316]
1711153656410015727,0,[0.2713413],[0.2713413]
1711153656411737144,[0.99363476],[0.01595649],[0.01595649]
1711153656413146325,[0.97453776],[0.03191378],[0.03191378]
1711153656413887190,[0.97454336],[0.03191027],[0.03191027]
1711153656415241907,[0.96778296],[0.03589821],[0.03589821]
1711153656417208814,[0.98051484],[0.02791785],[0.02791785]
1711153656419064828,[0.97455345],[0.03190395],[0.03190395]
1711153656575982217,0,[0.54196737],[0.54196737]
1711153656577461302,[0.96789168],[0.03583759],[0.03583759]
1711153656579996175,[0.97463934],[0.03185006],[0.03185006]
1711153656582576833,[0.98573691],[0.02388564],[0.02388564]
1711153656583695379,[0.96791338],[0.03582547],[0.03582547]
1711153656587104578,[0.96792047],[0.03582152],[0.03582152]
1711153656590619634,[0.98060016],[0.02785667],[0.02785667]
1711153656593075725,[0.97466782],[0.03183217],[0.03183217]
1711153656594212987,[0.97467439],[0.03182804],[0.03182804]
1711153656765460860,0,[0.5402346],[0.5402346]
1711153656767961606,[0.98073925],[0.02775662],[0.02775662]
1711153656770391567,[0.96818223],[0.03567507],[0.03567507]
1711153656772927344,[0.97486902],[0.03170551],[0.03170551]
1711153656774806673,[0.98077038],[0.02773418],[0.02773418]
1711153656778682681,[0.96823],[0.03564828],[0.03564828]
1711153656841467921,[0.96824444],[0.03564018],[0.03564018]
1711153657004164728,0,[0.47015804],[0.47015804]
1711153657007040370,[0.98096352],[0.02759455],[0.02759455]
1711153657009938454,[0.96855541],[0.03546525],[0.03546525]
1711153657011156901,[0.98098708],[0.02757747],[0.02757747]
1711153657013384736,[0.96122144],[0.03938454],[0.03938454]
1711153657015407690,[0.98604839],[0.02362339],[0.02362339]
1711153657194141594,0,[0.53854136],[0.53854136]
1711153657195322399,[0.97530127],[0.03143166],[0.03143166]
1711153657197663711,[0.97529617],[0.0314349],[0.0314349]
1711153657200024248,[0.96872046],[0.03537205],[0.03537205]
1711153657202157852,[0.97527601],[0.03144773],[0.03144773]
1711153657204139597,[0.98608609],[0.02359145],[0.02359145]
1711153657205138084,[0.9613196],[0.03933466],[0.03933466]
1711153657362724490,0,[0.50715446],[0.50715446]
1711153657364679623,[0.9803278],[0.02805153],[0.02805153]
1711153657366914657,[0.97421067],[0.03211811],[0.03211811]
1711153657370297931,[0.95100059],[0.04427162],[0.04427162]
1711153657371734658,[0.98983467],[0.02016465],[0.02016465]
1711153657374629477,[0.973879],[0.03232399],[0.03232399]
1711153657555005395,0,[0.53720163],[0.53720163]
1711153657557813809,[0.98879413],[0.02117155],[0.02117155]
1711153657559180790,[0.97116639],[0.03396093],[0.03396093]
1711153657561456516,[0.97097841],[0.03407145],[0.03407145]
1711153657564197777,[0.97078475],[0.03418494],[0.03418494]
1711153657568215207,[0.96276238],[0.0385941],[0.0385941]
1711153657569817245,[0.97036733],[0.03442828],[0.03442828]
1711153657868498667,0,[0.8586758],[0.8586758]
1711153657870704219,[0.95525568],[0.04230571],[0.04230571]
1711153657872901752,[0.90571195],[0.06141272],[0.06141272]
1711153657875621351,[0.99494206],[0.01422384],[0.01422384]
1711153657876793630,[0.97233808],[0.03326375],[0.03326375]
1711153657879095236,[0.96362292],[0.03814555],[0.03814555]
1711153658061008814,0,[0.75119464],[0.75119464]
1711153658062167687,[0.95810179],[0.04093811],[0.04093811]
1711153658064311201,[0.95781547],[0.04107775],[0.04107775]
1711153658065677320,[0.94622442],[0.04637912],[0.04637912]
1711153658068124220,[0.95720489],[0.04137396],[0.04137396]
1711153658069133407,[0.95691709],[0.04151285],[0.04151285]
1711153658071093401,[0.95663092],[0.04165049],[0.04165049]
1711153658073195235,[0.96658879],[0.03655747],[0.03655747]
1711153658232057842,0,[1.00349864],[1.00349864]
1711153658234600886,[0.96128901],[0.03935022],[0.03935022]
1711153658237292742,[0.93565078],[0.0507343],[0.0507343]
1711153658239557858,[0.96084793],[0.03957377],[0.03957377]
1711153658242017586,[0.93490921],[0.05102579],[0.05102579]
1711153658244090505,[0.96040206],[0.03979846],[0.03979846]
1711153658246947962,[0.93417331],[0.05131342],[0.05131342]
1711153658249409573,[0.94767776],[0.04574811],[0.04574811]
1711153658252229879,[0.91773514],[0.0573637],[0.0573637]
1711153658254453015,[0.97932629],[0.02875671],[0.02875671]
1711153658256684407,[0.91687566],[0.05766258],[0.05766258]
1711153658259131079,[0.95902974],[0.04048222],[0.04048222]
1711153658260317766,[0.94621677],[0.04638242],[0.04638242]
1711153658262412226,[0.93153354],[0.05233219],[0.05233219]
1711153658265611191,[0.93111921],[0.0524903],[0.0524903]
1711153658267419243,[0.97863793],[0.02923154],[0.02923154]
1711153658270283954,[0.93046658],[0.05273838],[0.05273838]
1711153658445764300,[0.95770652],[0.04113076],[0.04113076]
1711153658448446563,[0.92971178],[0.05302385],[0.05302385]
1711153658449623380,[0.94414985],[0.04726527],[0.04726527]
1711153658452579799,[0.95702742],[0.04145966],[0.04145966]
1711153658454666283,[0.92858967],[0.05344542],[0.05344542]
1711153658457229987,[0.95657459],[0.04167753],[0.04167753]
1711153658623108782,0,[0.39759306],[0.39759306]
1711153658626184635,[0.95451289],[0.04265541],[0.04265541]
1711153658627280388,[0.92442988],[0.05498004],[0.05498004]
1711153658629489277,[0.95405809],[0.04286813],[0.04286813]
1711153658631536466,[0.86419895],[0.07370239],[0.07370239]
1711153658633655844,[0.99147357],[0.01846774],[0.01846774]
1711153658816842746,0,[0.35406324],[0.35406324]
1711153658819304107,[0.95182966],[0.04389549],[0.04389549]
1711153658821941614,[0.919998],[0.05656925],[0.05656925]
1711153658824438711,[0.93647244],[0.05040935],[0.05040935]
1711153658825739215,[0.93618644],[0.05052269],[0.05052269]
1711153658828446766,[0.91883119],[0.05698028],[0.05698028]
1711153658830487002,[0.95067129],[0.04442014],[0.04442014]
1711153658991710370,0,[0.93331561],[0.93331561]
1711153658995336406,[0.91133346],[0.05955385],[0.05955385]
1711153658998408039,[0.92962744],[0.05305566],[0.05305566]
1711153659000975231,[0.96026974],[0.0398649],[0.0398649]
1711153659002703442,[0.88917873],[0.06657966],[0.06657966]
1711153659003714753,[0.95993796],[0.04003101],[0.04003101]
1711153659006468733,[0.90950477],[0.06016485],[0.06016485]
1711153659009284450,[0.92818266],[0.05359752],[0.05359752]
1711153659178646009,0,[0.86548475],[0.86548475]
1711153659181288536,[0.87993865],[0.06929974],[0.06929974]
1711153659182558782,[0.92282904],[0.05555932],[0.05555932]
1711153659185131418,[0.94070688],[0.04870036],[0.04870036]
1711153659187257198,[0.90160583],[0.06273569],[0.06273569]
1711153659189047287,[0.94025571],[0.04888529],[0.04888529]
1711153659192989166,[0.92168796],[0.05596858],[0.05596858]
1711153659194374852,[0.93982904],[0.04905954],[0.04905954]
1711153659356494700,0,[0.79568998],[0.79568998]
1711153659357564423,[0.99482173],[0.01439205],[0.01439205]
1711153659358644735,[0.9169648],[0.05763166],[0.05763166]
1711153659360964426,[0.93622032],[0.05050928],[0.05050928]
1711153659362930010,[0.93601509],[0.05059048],[0.05059048]
1711153659365354230,[0.89387155],[0.06515472],[0.06515472]
1711153659367097808,[0.89344301],[0.06528614],[0.06528614]
1711153659368458196,[0.95248952],[0.0435938],[0.0435938]
1711153659646839399,0,[1.43965043],[1.43965043]
1711153659648635309,[0.90817365],[0.06060573],[0.06060573]
1711153659650356266,[0.92948864],[0.05310795],[0.05310795]
1711153659652111568,[0.71675319],[0.10644187],[0.10644187]
1711153659653834639,[0.99420105],[0.01523017],[0.01523017]
1711153659655743604,[0.85468224],[0.07624113],[0.07624113]
1711153659658783742,[0.92855059],[0.05346004],[0.05346004]
1711153659846729351,0,[1.06886573],[1.06886573]
1711153659848293238,[0.96147209],[0.03925705],[0.03925705]
1711153659850707548,[0.90111868],[0.0628908],[0.0628908]
1711153659852850852,[0.92407602],[0.05510861],[0.05510861]
1711153659855016788,[0.84456881],[0.07884953],[0.07884953]
1711153659855959579,[0.9236014],[0.0552806],[0.0552806]
1711153659858612706,[0.92339245],[0.05535614],[0.05535614]
1711153660054026939,0,[1.09780238],[1.09780238]
1711153660055384570,[0.91926369],[0.05682827],[0.05682827]
1711153660060685746,[0.86617062],[0.0731654],[0.0731654]
1711153660063441178,[0.91880179],[0.0569906],[0.0569906]
1711153660066233812,[0.86540634],[0.07337402],[0.07337402]
1711153660067869976,[0.91833912],[0.05715274],[0.05715274]
1711153660308007282,0,[1.53598498],[1.53598498]
1711153660310600795,[0.88600013],[0.06752773],[0.06752773]
1711153660312321992,[0.88569112],[0.06761919],[0.06761919]
1711153660313217473,[0.85490543],[0.07618256],[0.07618256]
1711153660315806146,[0.88503338],[0.06781346],[0.06781346]
1711153660317275032,[0.8540848],[0.0763977],[0.0763977]
1711153660319069519,[0.93498219],[0.05099718],[0.05099718]
1711153660320769406,[0.88414083],[0.06807618],[0.06807618]
1711153660322576979,[0.85294085],[0.07669658],[0.07669658]
1711153660324221069,[0.93447899],[0.05119415],[0.05119415]
1711153660326471497,[0.81750991],[0.08543772],[0.08543772]
1711153660328149993,[0.91033091],[0.05988959],[0.05988959]
1711153660748803362,0,[1.87354862],[1.87354862]
1711153660749967705,[0.87402636],[0.07098553],[0.07098553]
1711153660752849949,[0.80259575],[0.0888604],[0.0888604]
1711153660755567792,[0.90301279],[0.06228554],[0.06228554]
1711153660758743497,[0.87301084],[0.07127108],[0.07127108]
1711153660761680566,[0.8388343],[0.0802909],[0.0802909]
1711153660763868234,[0.90226427],[0.06252543],[0.06252543]
1711153660764628446,[0.90203476],[0.0625988],[0.0625988]
1711153661094851245,0,[2.4533573],[2.4533573]
1711153661097657255,[0.83541337],[0.08113856],[0.08113856]
1711153661099098227,[0.90053228],[0.06307701],[0.06307701]
1711153661101770852,[0.87021361],[0.07205176],[0.07205176]
1711153661347427057,0,[0.80188788],[0.80188788]
1711153661349198900,[0.86980442],[0.07216525],[0.07216525]
1711153661352631395,[0.83539751],[0.08114247],[0.08114247]
1711153661355099178,[0.87008925],[0.07208627],[0.07208627]
1711153661357752095,[0.75469112],[0.09905733],[0.09905733]
1711153661360204789,[0.96759275],[0.03600403],[0.03600403]
1711153661362488550,[0.79763533],[0.08996992],[0.08996992]
1711153661364746953,[0.92722249],[0.05395461],[0.05395461]
1711153661367161329,[0.901019],[0.06292249],[0.06292249]
1711153661369602552,[0.87080742],[0.07188674],[0.07188674]
1711153661370751696,[0.75522621],[0.09894924],[0.09894924]
1711153661374151504,[0.90059731],[0.06305638],[0.06305638]
1711153661375999433,[0.90039552],[0.06312035],[0.06312035]
1711153661378528974,[0.86981201],[0.07216314],[0.07216314]
1711153661380359741,[0.86992525],[0.07213175],[0.07213175]
1711153661382292802,[0.9004956],[0.06308864],[0.06308864]
1711153661553315385,0,[0.7553883],[0.7553883]
1711153661556492528,[0.94926369],[0.04504945],[0.04504945]
1711153661558844657,[0.8698467],[0.07215353],[0.07215353]
1711153661562491286,[0.79627956],[0.0902708],[0.0902708]
1711153661797857543,0,[1.99207806],[1.99207806]
1711153661801443154,[0.53962931],[0.13570124],[0.13570124]
1711153661802565658,[0.99794977],[0.0090559],[0.0090559]
1711153661804781219,[0.75215262],[0.09956855],[0.09956855]
1711153661805986471,[0.94883429],[0.04523968],[0.04523968]
1711153661974171219,0,[1.24429579],[1.24429579]
1711153661976842270,[0.86922043],[0.07232692],[0.07232692]
1711153661978007746,[0.89986803],[0.06328727],[0.06328727]
1711153661980261049,[0.86932153],[0.07229895],[0.07229895]
1711153661982225631,[0.86944231],[0.07226554],[0.07226554]
1711153661984397168,[0.83492881],[0.08125791],[0.08125791]
1711153662169840729,0,[1.14437434],[1.14437434]
1711153662171683549,[0.8997367],[0.06332876],[0.06332876]
1711153662179529512,[0.18282113],[0.18079589],[0.18079589]
1711153662182209479,[0.94900561],[0.04516388],[0.04516388]
1711153662184432765,[0.90011583],[0.06320891],[0.06320891]
1711153662185742917,[0.86966449],[0.07220402],[0.07220402]
1711153662188100861,[0.83522068],[0.08118604],[0.08118604]
1711153662368885186,0,[0.7199899],[0.7199899]
1711153662370102211,[0.83554541],[0.081106],[0.081106]
1711153662372746431,[0.86976037],[0.07217746],[0.07217746]
1711153662376148177,[0.92660752],[0.05418209],[0.05418209]
1711153662381564901,[0.86955676],[0.07223385],[0.07223385]
1711153662383357124,[0.86967457],[0.07220123],[0.07220123]
1711153662386858071,[0.79657896],[0.09020444],[0.09020444]
1711153662389674660,[0.9004297],[0.06310952],[0.06310952]
1711153662392810699,[0.87006448],[0.07209314],[0.07209314]
1711153662583057452,0,[1.07108929],[1.07108929]
1711153662585669069,[0.87072864],[0.07190865],[0.07190865]
1711153662588470319,[0.83624724],[0.08093275],[0.08093275]
1711153662591420202,[0.87031907],[0.07202248],[0.07202248]
1711153662594168280,[0.83550467],[0.08111605],[0.08111605]
1711153662595198288,[0.86974226],[0.07218247],[0.07218247]
1711153662596859781,[0.86946839],[0.07225832],[0.07225832]
1711153662598793474,[0.89987053],[0.06328648],[0.06328648]
1711153662765680732,0,[1.01887324],[1.01887324]
1711153662767959394,[0.75423004],[0.09915038],[0.09915038]
1711153662768760564,[0.9674386],[0.03608956],[0.03608956]
1711153662771065095,[0.86969734],[0.07219492],[0.07219492]
1711153662773756145,[0.86981169],[0.07216324],[0.07216324]
1711153662776523847,[0.90040558],[0.06311717],[0.06311717]
1711153662778797920,[0.87003756],[0.07210061],[0.07210061]
1711153662779859518,[0.83569122],[0.08107004],[0.08107004]
1711153663028887846,0,[1.44211013],[1.44211013]
1711153663030939764,[0.87027626],[0.07203436],[0.07203436]
1711153663032872987,[0.87040199],[0.07199945],[0.07199945]
1711153663034774869,[0.87052761],[0.07196454],[0.07196454]
1711153663035761243,[0.87065315],[0.07192965],[0.07192965]
1711153663037595045,[0.90105528],[0.06291096],[0.06291096]
1711153663039344215,[0.7982874],[0.08982485],[0.08982485]
1711153663041692510,[0.8368057],[0.08079463],[0.08079463]
1711153663044151075,[0.90136134],[0.06281359],[0.06281359]
1711153663217831397,0,[1.64848371],[1.64848371]
1711153663220212465,[0.90095938],[0.06294144],[0.06294144]
1711153663221975182,[0.70835143],[0.10800899],[0.10800899]
1711153663224437134,[0.94927456],[0.04504462],[0.04504462]
1711153663226824734,[0.79674647],[0.0901673],[0.0901673]
1711153663228653196,[0.92674798],[0.05413022],[0.05413022]
1711153663230206793,[0.86987275],[0.07214631],[0.07214631]
1711153663232916583,[0.835462],[0.08112657],[0.08112657]
1711153663235662006,[0.92693854],[0.05405977],[0.05405977]
1711153663238363726,[0.870223],[0.07204915],[0.07204915]
1711153663240888085,[0.83592566],[0.08101218],[0.08101218]
1711153663242032902,[0.90083479],[0.06298102],[0.06298102]
1711153663244086403,[0.87059959],[0.07194454],[0.07194454]
1711153663425705570,[0.83632563],[0.08091338],[0.08091338]
1711153663428929684,[0.83605903],[0.08097925],[0.08097925]
1711153663431646612,[0.90067016],[0.06303327],[0.06303327]
1711153663433046806,[0.87005314],[0.07209628],[0.07209628]
1711153663434832938,[0.86983315],[0.07215729],[0.07215729]
1711153663598283729,0,[0.72986821],[0.72986821]
1711153663600552051,[0.87068106],[0.07192189],[0.07192189]
1711153663602527103,[0.92716451],[0.0539761],[0.0539761]
1711153663603265223,[0.87033664],[0.0720176],[0.0720176]
1711153663606200970,[0.70767634],[0.10813393],[0.10813393]
1711153663607641111,[0.96746694],[0.03607385],[0.03607385]
1711153663610036525,[0.79669409],[0.09017891],[0.09017891]
1711153663784088730,0,[1.35089561],[1.35089561]
1711153663793339229,[0.79691399],[0.09013013],[0.09013013]
1711153663796068962,[0.90059406],[0.06305741],[0.06305741]
1711153663797126833,[0.87027626],[0.07203436],[0.07203436]
1711153663799174484,[0.83598174],[0.08099834],[0.08099834]
1711153663801428639,[0.92717101],[0.05397369],[0.05397369]
1711153663803905108,[0.79789213],[0.08991282],[0.08991282]
1711153663967088645,0,[1.06365396],[1.06365396]
1711153663969062038,[0.87028904],[0.07203081],[0.07203081]
1711153663972648423,[0.83600719],[0.08099205],[0.08099205]
1711153663975949708,[0.87055397],[0.07195722],[0.07195722]
1711153664127429186,0,[0.56760119],[0.56760119]
1711153664129635459,[0.83544735],[0.08113018],[0.08113018]
1711153664130758233,[0.87011041],[0.0720804],[0.0720804]
1711153664133207751,[0.87023622],[0.07204548],[0.07204548]
1711153664135752991,[0.87036183],[0.0720106],[0.0720106]
1711153664139935684,[0.90082966],[0.06298265],[0.06298265]
