0.0019999999999997797,0.0,0.0,0.0,0.025,0.05,0.1
0.0019999999999997797,0.0,-0.004351128148092717,-0.00027610968615628985,0.049723890313843715,0.09972389031384371,0.19972389031384372
0.0009999999999994458,0.0,-0.0026680430792844884,-0.0003303534429599485,0.07466964655704006,0.14966964655704007,0.2996696465570401
0.0009999999999994458,0.0,-0.0005000435664808779,-0.0003728992913566945,0.0996271007086433,0.1996271007086433,0.3996271007086433
0.0009999999999994458,0.0,0.0020915626302077267,-9.556501184540256e-05,0.1249044349881546,0.2499044349881546,0.4999044349881546
0.0030000000000001137,0.0019999999999988916,-0.0003144989289434842,0.0004985050670152422,0.15049850506701523,0.30049850506701525,0.6004985050670152
0.004999999999999893,0.0019999999999988916,0.003540572244704926,0.0006734074990816707,0.17567340749908167,0.35067340749908166,0.7006734074990816
0.004999999999999893,0.0019999999999988916,0.008250838592885432,0.0005569311598879312,0.2005569311598879,0.4005569311598879,0.8005569311598879
0.009999999999999787,0.0019999999999988916,0.013661988574018265,0.0006181039391777745,0.22561810393917775,0.4506181039391777,0.9006181039391777
0.016000000000000014,0.0,0.01591646952216335,-0.0005900195527158576,0.2494099804472841,0.4994099804472841,0.999409980447284
0.016000000000000014,0.0,0.022981703853103736,-8.963002708854515e-05,0.2749103699729114,0.5499103699729114,1.0999103699729114
0.016000000000000014,0.0,0.03109615852465569,0.0005187042103594159,0.3005187042103594,0.6005187042103594,1.2005187042103593
0.02799999999999958,-0.0019999999999988916,0.040282951023824586,0.0012016153421060786,0.32620161534210607,0.6512016153421061,1.3012016153421062
0.02799999999999958,-0.0019999999999988916,0.047888197743320336,-0.0001484122643493972,0.3498515877356506,0.6998515877356507,1.3998515877356508
0.02799999999999958,-0.0019999999999988916,0.059764527684111494,0.0005167246033171263,0.3755167246033172,0.7505167246033172,1.5005167246033173
0.041999999999999815,-0.0030000000000001137,0.07338206561453813,0.0012275126805236858,0.40122751268052376,0.8012275126805238,1.601227512680524
0.06099999999999994,-0.004999999999999005,0.08865383477377833,0.002089299922141672,0.4270892999221418,0.8520892999221419,1.702089299922142
0.08499999999999996,-0.0070000000000014495,0.10014542077964837,-0.002536012649174792,0.4474639873508253,0.8974639873508254,1.7974639873508258
0.08499999999999996,-0.0070000000000014495,0.11907733803547899,-0.0012039178868324559,0.4737960821131677,0.9487960821131678,1.8987960821131682
0.08499999999999996,-0.0070000000000014495,0.14003360301370582,0.0003949815703389568,0.500394981570339,1.0003949815703392,2.0003949815703392
0.11899999999999977,-0.012000000000000455,0.16302521677725523,0.0020921198921374593,0.5270921198921376,1.0520921198921378,2.102092119892138
0.11899999999999977,-0.012000000000000455,0.18212419749601272,0.006841003738604703,0.5568410037386049,1.106841003738605,2.2068410037386053
0.1589999999999998,-0.013000000000001677,0.20933604908832046,0.008588758474655874,0.5835887584746561,1.1585887584746561,2.3085887584746567
0.1589999999999998,-0.013000000000001677,0.23885027368180242,0.010482645973395606,0.6104826459733959,1.210482645973396,2.4104826459733966
0.20699999999999985,-0.019999999999999574,0.2707883886607416,0.0125880747577155,0.6375880747577157,1.2625880747577158,2.5125880747577165
0.20699999999999985,-0.019999999999999574,0.30788243517493824,0.011509476957970948,0.6615094769579712,1.3115094769579714,2.611509476957972
0.26400000000000023,-0.030000000000001137,0.3449626828988614,0.013538765266947321,0.6885387652669476,1.363538765266948,2.7135387652669483
0.26400000000000023,-0.030000000000001137,0.38476779670362155,0.015604969248894804,0.715604969248895,1.4156049692488955,2.815604969248896
0.3309999999999995,-0.04100000000000037,0.4272871287643081,0.01752080462840328,0.7425208046284036,1.4675208046284038,2.9175208046284045
0.40700000000000003,-0.05600000000000094,0.4706744996658358,0.017668615718443977,0.7676686157184444,1.5176686157184447,3.017668615718445
0.40700000000000003,-0.05600000000000094,0.5187581461230184,0.019665815437424437,0.7946658154374248,1.5696658154374252,3.119665815437426
0.4950000000000001,-0.07199999999999918,0.5699964526716852,0.021941559484769557,0.8219415594847699,1.6219415594847704,3.221941559484771
0.4950000000000001,-0.07199999999999918,0.6243473269314639,0.024174556252230292,0.8491745562522307,1.674174556252231,3.324174556252232
0.4950000000000001,-0.07199999999999918,0.673145616199553,0.02461228614946818,0.8746122861494686,1.724612286149469,3.4246122861494697
0.593,-0.09199999999999875,0.7341019520129709,0.02539350041356296,0.9003935004135634,1.775393500413564,3.5253935004135646
0.593,-0.09199999999999875,0.7984163937211214,0.02545142993017732,0.9254514299301778,1.8254514299301783,3.625451429930179
0.593,-0.09199999999999875,0.8658287281558289,0.024947981349850535,0.949947981349851,1.8749479813498515,3.7249479813498523
0.7039999999999997,-0.11599999999999966,0.9313718749995465,0.02399390121156865,0.9739939012115691,1.9239939012115697,3.823993901211571
0.827,-0.14700000000000202,1.0056330773698248,0.022243956046971124,0.9972439560469717,1.9722439560469722,3.922243956046973
0.827,-0.14700000000000202,1.0828517308980368,0.019407900016672943,1.0194079000166734,2.019407900016674,4.019407900016675
0.9629999999999992,-0.18599999999999994,1.1636721346576966,0.01567737164363728,1.0406773716436377,2.065677371643638,4.115677371643638
1.1099999999999994,-0.2289999999999992,1.2408055037160202,0.009951890577382091,1.0599518905773824,2.1099518905773826,4.209951890577383
1.1099999999999994,-0.2289999999999992,1.3280963590805663,0.004605770676093444,1.0796057706760935,2.1546057706760937,4.304605770676094
1.1099999999999994,-0.2289999999999992,1.4181031929337955,-0.0019939626677912665,1.098006037332209,2.198006037332209,4.398006037332209
1.1099999999999994,-0.2289999999999992,1.5113905201510367,-0.010334016490772,1.114665983509228,2.239665983509228,4.489665983509228
1.2699999999999996,-0.2789999999999999,1.6042757293308507,-0.023616028929360527,1.1263839710706394,2.2763839710706395,4.576383971070639
1.440999999999999,-0.3360000000000021,1.7034857277494535,-0.035103672192498846,1.139896327807501,2.3148963278075008,4.664896327807501
1.6210000000000004,-0.4039999999999999,1.8046018401112682,-0.04841698955957117,1.1515830104404285,2.3515830104404283,4.751583010440428
1.6210000000000004,-0.4039999999999999,1.9085723599010496,-0.06405809767834611,1.1609419023216536,2.3859419023216533,4.835941902321652
1.6210000000000004,-0.4039999999999999,2.006043468802104,-0.08669912080936741,1.163300879190632,2.413300879190632,4.913300879190631
1.811,-0.48100000000000165,2.114030895153038,-0.10787125388490357,1.1671287461150959,2.4421287461150953,4.992128746115094
2.01,-0.5710000000000015,2.223338375199911,-0.13071471245415517,1.1692852875458442,2.4692852875458438,5.069285287545842
2.01,-0.5710000000000015,2.3350086478342718,-0.15520635320010304,1.1697936467998962,2.4947936467998955,5.1447936467998945
2.01,-0.5710000000000015,2.44229721598302,-0.18858301417652093,1.1614169858234782,2.5114169858234776,5.211416985823476
2.2089999999999996,-0.6700000000000017,2.5572246176648328,-0.2172529088513367,1.1577470911486625,2.5327470911486616,5.28274709114866
2.2089999999999996,-0.6700000000000017,2.67341252852631,-0.24822814794159642,1.1517718520584026,2.5517718520584016,5.3517718520584
2.414999999999999,-0.7789999999999999,2.790933489397901,-0.281413477497032,1.1435865225029669,2.568586522502966,5.418586522502964
2.6270000000000007,-0.8919999999999995,2.9007281128772515,-0.31778668714351316,1.1322133128564857,2.5822133128564846,5.482213312856482
2.6270000000000007,-0.8919999999999995,3.0195963075758194,-0.35555386005736767,1.1194461399426312,2.59444613994263,5.544446139942627
2.6270000000000007,-0.8919999999999995,3.138966617858301,-0.3958356108950813,1.1041643891049173,2.604164389104916,5.6041643891049135
2.8409999999999993,-1.0150000000000006,3.2587267193629676,-0.4385555831601578,1.0864444168398408,2.611444416839839,5.661444416839837
3.055999999999999,-1.1460000000000008,3.3788862279238874,-0.48770593083248864,1.0622940691675098,2.6122940691675085,5.7122940691675055
3.055999999999999,-1.1460000000000008,3.4993161152836905,-0.5353446782391296,1.0396553217608688,2.6146553217608672,5.7646553217608645
3.055999999999999,-1.1460000000000008,3.6201588680363757,-0.5851911394260921,1.0148088605739063,2.6148088605739046,5.814808860573901
3.2680000000000007,-1.2860000000000014,3.741160748641309,-0.6376116494624426,0.9873883505375556,2.612388350537554,5.86238835053755
3.2680000000000007,-1.2860000000000014,3.856651139862966,-0.6886698418361573,0.9613301581638408,2.611330158163839,5.911330158163835
3.4830000000000005,-1.434000000000001,3.9765307574776005,-0.7474038461013649,0.9275961538986331,2.6025961538986313,5.952596153898627
3.6980000000000004,-1.5919999999999987,4.09599640807918,-0.8086071034105905,0.8913928965894075,2.5913928965894053,5.991392896589401
3.6980000000000004,-1.5919999999999987,4.215496753405766,-0.8718326643340572,0.8531673356659407,2.5781673356659387,6.028167335665934
3.6980000000000004,-1.5919999999999987,4.330923383397822,-0.9468205304798253,0.8031794695201725,2.5531794695201704,6.053179469520166
3.9079999999999995,-1.7579999999999991,4.450762111749476,-1.014040890594851,0.7609591094051467,2.5359591094051446,6.08595910940514
4.119,-1.9299999999999997,4.570408011377476,-1.083484063270668,0.7165159367293297,2.516515936729327,6.116515936729322
4.119,-1.9299999999999997,4.690103324404044,-1.1552822663015019,0.6697177336984956,2.494717733698493,6.144717733698489
4.119,-1.9299999999999997,4.803705460693965,-1.2349862250536285,0.6150137749463689,2.4650137749463665,6.165013774946361
4.333,-2.1050000000000004,4.923231186760379,-1.3109184672451126,0.5640815327548847,2.439081532754882,6.1890815327548765
4.545,-2.2860000000000014,5.042552665662827,-1.3886289780420533,0.5113710219579439,2.411371021957941,6.211371021957936
4.545,-2.2860000000000014,5.16191356094906,-1.4686615617621155,0.45633843823788167,2.381338438237879,6.231338438237874
4.545,-2.2860000000000014,5.272500623145132,-1.5555851727983458,0.3944148272016512,2.344414827201648,6.244414827201642
4.76,-2.469999999999999,5.391429554512494,-1.6403728358116378,0.33462716418835914,2.309627164188356,6.25962716418835
4.76,-2.469999999999999,5.510436165640033,-1.7269825240821395,0.2730174759178574,2.2730174759178543,6.2730174759178485
4.974,-2.6640000000000015,5.6296804391550825,-1.8150773600696302,0.20992263993036664,2.2349226399303634,6.2849226399303575
4.974,-2.6640000000000015,5.74794395897526,-1.9076479337049435,0.14235206629505326,2.19235206629505,6.292352066295043
5.1899999999999995,-2.8580000000000005,5.867291986297831,-1.9992174448750424,0.07578255512495424,2.150782555124951,6.300782555124944
5.1899999999999995,-2.8580000000000005,5.986725922201573,-2.092553502781421,0.007446497218575487,2.107446497218572,6.3074464972185655
5.1899999999999995,-2.8580000000000005,6.106329811405235,-2.1874640433309125,-0.06246404333091604,2.0625359566690804,6.312535956669073
5.4079999999999995,-3.058,6.224630854797412,-2.2833700143863043,-0.1333700143863079,2.0166299856136884,6.316629985613681
5.632,-3.2600000000000016,6.344619013284904,-2.381252689616706,-0.20625268961670962,1.9687473103832867,6.318747310383279
5.632,-3.2600000000000016,6.464870333740303,-2.480351593863364,-0.28035159386336783,1.9196484061366283,6.31964840613662
5.8580000000000005,-3.468,6.5857416490295195,-2.580633047934618,-0.3556330479346217,1.8693669520653744,6.319366952065367
5.8580000000000005,-3.468,6.697954391695133,-2.686396078895933,-0.4363960788959371,1.8136039211040589,6.31360392110405
6.086,-3.6769999999999996,6.819203465432345,-2.7891028455152833,-0.5141028455152874,1.7608971544847085,6.3108971544847
6.317,-3.8889999999999993,6.940588276559849,-2.8929923412307454,-0.5929923412307496,1.7070076587692462,6.307007658769238
6.317,-3.8889999999999993,7.06244664798933,-2.9980330045357224,-0.6730330045357267,1.651966995464269,6.3019669954642605
6.317,-3.8889999999999993,7.177163301289182,-3.104155816350946,-0.7541558163509503,1.5958441836490453,6.295844183649036
6.549999999999999,-4.106999999999999,7.299593432197943,-3.21156413252873,-0.8365641325287343,1.5384358674712613,6.288435867471252
6.784000000000001,-4.327999999999999,7.4223738912051145,-3.3202551723415334,-0.920255172341538,1.4797448276584575,6.279744827658448
6.784000000000001,-4.327999999999999,7.545803329167383,-3.429345537867687,-1.0043455378676915,1.4206544621323038,6.270654462132295
6.784000000000001,-4.327999999999999,7.65936100410792,-3.541883818099038,-1.091883818099043,1.3581161819009524,6.258116181900943
7.02,-4.553000000000001,7.7843192365454446,-3.6530406168235854,-1.1780406168235902,1.296959383176405,6.246959383176396
7.02,-4.553000000000001,7.909628880217889,-3.7650641892085903,-1.2650641892085952,1.2349358107914,6.23493581079139
7.260999999999999,-4.780999999999999,8.035566248315737,-3.878111805600803,-1.353111805600808,1.171888194399187,6.2218881943991775
7.260999999999999,-4.780999999999999,8.15297004999427,-3.99912874290704,-1.4491287429070452,1.1008712570929498,6.20087125709294
7.504,-5.007999999999999,8.28027315817267,-4.113926828453476,-1.538926828453481,1.036073171546514,6.186073171546504
7.504,-5.007999999999999,8.408386936054466,-4.229494480607468,-1.6294944806074736,0.9705055193925212,6.170505519392511
7.753,-5.240000000000002,8.537739396236773,-4.3459030454697105,-1.7209030454697158,0.9040969545302788,6.154096954530268
8.007,-5.471,8.662397562573583,-4.466500544443247,-1.8165005444432523,0.8334994555567423,6.1334994555567315
8.007,-5.471,8.793974065499134,-4.583678098300944,-1.9086780983009497,0.7663219016990448,6.116321901699034
8.266,-5.705000000000002,8.925940191590701,-4.70217986770051,-2.0021798677005154,0.697820132299479,6.097820132299468
8.266,-5.705000000000002,9.058388402365633,-4.82184715388562,-2.0968471538856255,0.6281528461143688,6.0781528461143575
8.266,-5.705000000000002,9.180883372175416,-4.9456924212419064,-2.195692421241912,0.554307578758082,6.0543075787580705
8.53,-5.939,9.315397539870967,-5.066450195876341,-2.2914501958763465,0.4835498041236477,6.033549804123636
8.53,-5.939,9.451072109259314,-5.187700094982149,-2.3877000949821547,0.4122999050178393,6.012299905017827
8.796999999999999,-6.177,9.587756616444334,-5.309570741342852,-2.484570741342858,0.340429258657136,5.990429258657124
8.796999999999999,-6.177,9.722894866290464,-5.4311326556278114,-2.5811326556278176,0.2688673443721763,5.968867344372164
8.796999999999999,-6.177,9.861961834084886,-5.554006247407466,-2.6790062474074725,0.19599375259252128,5.945993752592509
9.068,-6.4190000000000005,10.00235876794444,-5.677329788441958,-2.7773297884419645,0.12267021155802915,5.9226702115580165
9.344,-6.66,10.144022467776923,-5.801060554905599,-2.8760605549056057,0.04893944509438786,5.898939445094375
9.344,-6.66,10.280719391744702,-5.928362760837319,-2.9783627608373258,-0.028362760837332246,5.871637239162655
9.629,-6.904,10.424448978417876,-6.0528385596719545,-3.077838559671961,-0.10283855967196764,5.847161440328019
9.629,-6.904,10.56942258880043,-6.1776350864519145,-3.177635086451921,-0.17763508645192783,5.822364913548059
9.915000000000001,-7.148,10.715823739124929,-6.30246599972844,-3.277465999728447,-0.25246599972845374,5.797534000271533
9.915000000000001,-7.148,10.859028799755325,-6.435184531585981,-3.385184531585988,-0.3351845315859947,5.764815468413992
10.203999999999999,-7.393000000000001,11.007443067816522,-6.56113005834512,-3.486130058345127,-0.41113005834513405,5.738869941654852
10.203999999999999,-7.393000000000001,11.156988063262196,-6.687306035833224,-3.587306035833231,-0.48730603583323795,5.712693964166748
10.203999999999999,-7.393000000000001,11.308029575630966,-6.813532720871344,-3.6885327208713514,-0.5635327208713585,5.686467279128627
10.802000000000001,-7.890000000000001,11.45047799421664,-6.944413010831984,-3.7944130108319913,-0.6444130108319985,5.655586989167987
10.802000000000001,-7.890000000000001,11.603834972819659,-7.0708091671139695,-3.8958091671139767,-0.720809167113984,5.629190832886001
10.802000000000001,-7.890000000000001,11.757690551900204,-7.197855521233496,-3.9978555212335034,-0.7978555212335108,5.6021444787664745
11.110000000000001,-8.136,11.912339903126405,-7.325234678167964,-4.100234678167971,-0.8752346781679785,5.574765321832007
11.110000000000001,-8.136,12.064199418189254,-7.455094522615973,-4.20509452261598,-0.9550945226159877,5.544905477383997
11.421000000000001,-8.387,12.221351666052719,-7.582277999329889,-4.307277999329897,-1.0322779993299047,5.51772200067008
11.732000000000001,-8.635000000000002,12.37986689475361,-7.709559516388566,-4.409559516388574,-1.1095595163885816,5.490440483611403
11.732000000000001,-8.635000000000002,12.53930178883362,-7.836668728823562,-4.51166872882357,-1.1866687288235775,5.463331271176407
11.732000000000001,-8.635000000000002,12.686452153426714,-7.96513059580863,-4.615130595808639,-1.265130595808646,5.434869404191338
12.052000000000001,-8.884,12.847987165899443,-8.09204188894461,-4.717041888944618,-1.3420418889446264,5.407958111055358
12.052000000000001,-8.884,13.010879126931401,-8.218722210055072,-4.81872221005508,-1.4187222100550878,5.381277789944896
12.377,-9.132000000000001,13.17445832674659,-8.345262167166645,-4.920262167166653,-1.4952621671666613,5.354737832833322
12.377,-9.132000000000001,13.333191234192231,-8.479472814212263,-5.029472814212271,-1.5794728142122798,5.320527185787704
12.705,-9.379999999999999,13.498355993202408,-8.605879234790226,-5.1308792347902346,-1.655879234790243,5.29412076520974
12.705,-9.379999999999999,13.664704879262336,-8.73173481839148,-5.231734818391489,-1.7317348183914971,5.268265181608486
13.037,-9.626000000000001,13.832178015122906,-8.856882411446303,-5.331882411446312,-1.8068824114463204,5.2431175885536625
13.374999999999998,-9.870000000000001,13.989109888115962,-8.983655916370775,-5.433655916370784,-1.8836559163707927,5.21634408362919
13.374999999999998,-9.870000000000001,14.158350916803002,-9.10816655373002,-5.533166553730029,-1.9581665537300381,5.1918334462699445
13.374999999999998,-9.870000000000001,14.328122576747157,-9.23249640656567,-5.632496406565679,-2.032496406565687,5.167503593434295
13.717,-10.112000000000002,14.498427600573518,-9.356178097870615,-5.7311780978706235,-2.1061780978706324,5.14382190212935
14.065,-10.352,14.661006742681103,-9.481047996291025,-5.8310479962910335,-2.181047996291043,5.118952003708939
14.065,-10.352,14.83272721751244,-9.602795836231254,-5.927795836231263,-2.2527958362312717,5.09720416376871
14.065,-10.352,15.00535181195452,-9.723459976778255,-6.023459976778264,-2.323459976778273,5.076540023221709
14.412,-10.59,15.178797972131868,-9.843097642023984,-6.118097642023994,-2.393097642024003,5.056902357975979
14.412,-10.59,15.34568678484278,-9.964185796776135,-6.214185796776144,-2.464185796776154,5.035814203223827
14.761000000000001,-10.818999999999999,15.520190595589373,-10.082395983395763,-6.3073959833957725,-2.532395983395782,5.017604016604199
14.761000000000001,-10.818999999999999,15.695303188464983,-10.199740947628449,-6.399740947628459,-2.599740947628468,5.000259052371513
15.116000000000001,-11.044,15.871223457254498,-10.316055463223545,-6.491055463223555,-2.6660554632235645,4.983944536776416
15.116000000000001,-11.044,16.031132579843604,-10.438379447369336,-6.588379447369345,-2.738379447369355,4.961620552630626
15.116000000000001,-11.044,16.20809287978256,-10.552587846010015,-6.677587846010025,-2.8025878460100344,4.947412153989946
15.837000000000002,-11.482000000000003,16.386120928007543,-10.665545461925534,-6.765545461925544,-2.865545461925554,4.9344545380744265
15.837000000000002,-11.482000000000003,16.56481929306731,-10.776822996329972,-6.851822996329982,-2.9268229963299923,4.923177003669988
15.837000000000002,-11.482000000000003,16.730089368732646,-10.892345465278149,-6.942345465278159,-2.992345465278169,4.907654534721811
16.200000000000003,-11.687999999999999,16.909111373358215,-11.002313719836618,-7.027313719836628,-3.052313719836638,4.897686280163342
16.200000000000003,-11.687999999999999,17.08855434142061,-11.111412252657336,-7.111412252657347,-3.111412252657357,4.888587747342623
16.567999999999998,-11.892999999999997,17.268738518107746,-11.219232866616943,-7.194232866616954,-3.169232866616964,4.880767133383015
16.933999999999997,-12.093,17.438737719417524,-11.333566170855129,-7.2835661708551385,-3.2335661708551484,4.866433829144832
16.933999999999997,-12.093,17.620506676858497,-11.43811980763863,-7.36311980763864,-3.2881198076386493,4.8618801923613315
16.933999999999997,-12.093,17.803327835011224,-11.54105781759481,-7.441057817594819,-3.3410578175948284,4.858942182405153
16.933999999999997,-12.093,17.986900489141245,-11.642412863269495,-7.517412863269504,-3.392412863269513,4.857587136730469
17.677,-12.468,18.160694918631688,-11.75240156770954,-7.602401567709549,-3.4524015677095576,4.847598432290425
17.677,-12.468,18.34595491692895,-11.850543226030819,-7.675543226030827,-3.5005432260308353,4.849456773969148
18.057000000000002,-12.648,18.532017376417233,-11.947393415767463,-7.747393415767471,-3.5473934157674787,4.852606584232506
18.057000000000002,-12.648,18.718797051741543,-12.042926014278176,-7.817926014278184,-3.5929260142781914,4.857073985721794
18.057000000000002,-12.648,18.896290596655906,-12.141003876284387,-7.891003876284394,-3.641003876284401,4.858996123715585
18.436999999999998,-12.823000000000004,19.084752497967777,-12.233298333396855,-7.958298333396861,-3.683298333396868,4.866701666603118
18.820999999999998,-12.991000000000003,19.273914852667307,-12.325403691952392,-8.025403691952398,-3.7254036919524047,4.8745963080475825
18.820999999999998,-12.991000000000003,19.463458506824217,-12.416758780023152,-8.091758780023158,-3.7667587800231637,4.883241219976824
18.820999999999998,-12.991000000000003,19.649646202036376,-12.510264602132487,-8.160264602132493,-3.8102646021324986,4.88973539786749
18.820999999999998,-12.991000000000003,19.840648840528186,-12.599069490436367,-8.224069490436372,-3.849069490436378,4.9009305095636115
19.598,-13.320000000000004,20.03252418337978,-12.68634588988631,-8.286345889886315,-3.8863458898863197,4.91365411011367
19.598,-13.320000000000004,20.225103034587676,-12.77214677846273,-8.347146778462735,-3.9221467784627393,4.9278532215372515
19.598,-13.320000000000004,20.41252789988213,-12.862059879607806,-8.41205987960781,-3.962059879607814,4.937940120392177
19.990000000000002,-13.474999999999998,20.606708372383558,-12.945144746894087,-8.470144746894091,-3.995144746894095,4.954855253105897
19.990000000000002,-13.474999999999998,20.80147331541578,-13.02683047024233,-8.526830470242334,-4.026830470242338,4.973169529757655
20.384999999999998,-13.626000000000001,20.996995768351383,-13.107059464064452,-8.582059464064455,-4.057059464064459,4.992940535935535
20.384999999999998,-13.626000000000001,21.18780217620492,-13.188513950386959,-8.638513950386962,-4.0885139503869645,5.01148604961303
20.781,-13.766000000000002,21.384801851532607,-13.265511455077219,-8.690511455077221,-4.115511455077224,5.034488544922771
20.781,-13.766000000000002,21.582278256494643,-13.341283743745198,-8.7412837437452,-4.141283743745202,5.058716256254794
21.18,-13.904999999999998,21.780437456120037,-13.416010884303109,-8.79101088430311,-4.1660108843031125,5.083989115696884
21.585,-14.037000000000003,21.968819350490836,-13.490018465698698,-8.8400184656987,-4.190018465698701,5.109981534301296
21.585,-14.037000000000003,22.16836373465466,-13.5617420502819,-8.886742050281901,-4.211742050281902,5.138257949718096
21.585,-14.037000000000003,22.368668536733036,-13.631683992652356,-8.931683992652356,-4.231683992652357,5.1683160073476415
21.990000000000002,-14.163,22.56950673729133,-13.700445351378773,-8.975445351378774,-4.250445351378774,5.199554648621225
21.990000000000002,-14.163,22.768313929965906,-13.768894624753907,-9.018894624753907,-4.268894624753907,5.231105375246093
22.397,-14.284000000000002,22.970264029962884,-13.835483954652007,-9.060483954652007,-4.2854839546520065,5.264516045347994
22.805999999999997,-14.401999999999997,23.172673833534066,-13.90092099446456,-9.100920994464559,-4.300920994464558,5.299079005535443
22.805999999999997,-14.401999999999997,23.375607152940542,-13.964984032913272,-9.13998403291327,-4.314984032913269,5.335015967086733
22.805999999999997,-14.401999999999997,23.57416600804435,-14.034893347315482,-9.18489334731548,-4.334893347315479,5.365106652684524
23.217,-14.514,23.77816353389532,-14.09592944655786,-9.220929446557859,-4.345929446557857,5.404070553442146
23.630000000000003,-14.619000000000003,23.982720683994227,-14.155276316855433,-9.255276316855431,-4.355276316855429,5.444723683144575
23.630000000000003,-14.619000000000003,24.18787642239497,-14.212903640881077,-9.287903640881074,-4.362903640881072,5.487096359118933
23.630000000000003,-14.619000000000003,24.38877994679703,-14.27230978351205,-9.322309783512047,-4.372309783512044,5.5276902164879615
24.046,-14.720000000000002,24.594854425385574,-14.327153524226107,-9.352153524226104,-4.377153524226101,5.572846475773906
24.046,-14.720000000000002,24.801416610033094,-14.380413629637985,-9.380413629637982,-4.380413629637978,5.619586370362029
24.463,-14.812999999999999,25.008249222707395,-14.431871574962267,-9.406871574962263,-4.381871574962259,5.668128425037748
24.883000000000003,-14.898,25.20646040646891,-14.48993571138481,-9.439935711384805,-4.389935711384801,5.710064288615207
24.883000000000003,-14.898,25.413721491071907,-14.53904735595503,-9.464047355955026,-4.389047355955022,5.760952644044988
24.883000000000003,-14.898,25.62153708925106,-14.587152262509147,-9.487152262509142,-4.387152262509137,5.812847737490873
24.883000000000003,-14.898,25.829781320990726,-14.633889106363135,-9.50888910636313,-4.3838891063631245,5.866110893636886
25.724000000000004,-15.055000000000003,26.029569499548668,-14.682809185559933,-9.532809185559927,-4.382809185559921,5.91719081444009
25.724000000000004,-15.055000000000003,26.238624984923277,-14.725906631237136,-9.55090663123713,-4.3759066312371235,5.9740933687628885
26.148000000000003,-15.123999999999999,26.44824607664301,-14.767120855570818,-9.567120855570812,-4.367120855570805,6.032879144429208
26.148000000000003,-15.123999999999999,26.65828820698495,-14.807124809970242,-9.582124809970235,-4.357124809970228,6.092875190029785
26.148000000000003,-15.123999999999999,26.872261198921294,-14.856768030611933,-9.606768030611926,-4.356768030611919,6.143231969388095
26.572000000000003,-15.186000000000003,27.08263012770999,-14.894158734222344,-9.619158734222337,-4.344158734222329,6.205841265777686
26.998000000000005,-15.245000000000001,27.29319635651102,-14.930125699277445,-9.630125699277437,-4.3301256992774295,6.269874300722586
26.998000000000005,-15.245000000000001,27.50383794883628,-14.964463460167181,-9.639463460167173,-4.314463460167165,6.335536539832852
26.998000000000005,-15.245000000000001,27.70975886288622,-15.007592415761255,-9.657592415761247,-4.307592415761238,6.392407584238779
27.424,-15.297,27.92074295854599,-15.038951826405558,-9.66395182640555,-4.28895182640554,6.461048173594477
27.849000000000004,-15.340999999999998,28.131852084495577,-15.068774207356627,-9.668774207356618,-4.268774207356609,6.53122579264341
27.849000000000004,-15.340999999999998,28.343256522457672,-15.096865623977546,-9.671865623977537,-4.246865623977527,6.603134376022492
27.849000000000004,-15.340999999999998,28.554000337772138,-15.12967811090809,-9.67967811090808,-4.22967811090807,6.67032188909195
28.276000000000003,-15.379999999999999,28.765815924592136,-15.154066185530763,-9.679066185530752,-4.204066185530742,6.745933814469279
28.276000000000003,-15.379999999999999,28.977659594350598,-15.176814399886549,-9.676814399886538,-4.176814399886528,6.823185600113494
28.703000000000003,-15.413,29.189645896431507,-15.198224911606513,-9.673224911606502,-4.148224911606491,6.901775088393531
29.132000000000005,-15.437000000000001,29.399375829000395,-15.226105412837521,-9.67610541283751,-4.126105412837498,6.973894587162524
29.132000000000005,-15.437000000000001,29.611118319452277,-15.245251506406467,-9.670251506406455,-4.095251506406443,7.05474849359358
29.132000000000005,-15.437000000000001,29.82318651594089,-15.263012356647426,-9.663012356647414,-4.063012356647402,7.136987643352622
29.559000000000005,-15.455000000000002,30.035176618796747,-15.27912571360205,-9.654125713602038,-4.029125713602026,7.220874286397999
29.986000000000004,-15.470000000000002,30.245398548044946,-15.294328614414754,-9.644328614414741,-3.9943286144147283,7.305671385585297
29.986000000000004,-15.470000000000002,30.457450376455604,-15.30730605342048,-9.632306053420466,-3.957306053420453,7.392693946579573
30.414,-15.479000000000003,30.669399640336422,-15.318554230542722,-9.618554230542708,-3.9185542305426946,7.481445769457332
30.414,-15.479000000000003,30.88131574070944,-15.327910143335853,-9.602910143335839,-3.877910143335825,7.572089856664203
30.414,-15.479000000000003,31.092518797759947,-15.345889480420105,-9.595889480420091,-3.8458894804200767,7.654110519579952
30.842,-15.48,31.30395594656601,-15.352135501607288,-9.577135501607273,-3.8021355016072587,7.7478644983927705
30.842,-15.48,31.51520526683631,-15.356931560818023,-9.556931560818008,-3.7569315608179927,7.843068439182037
31.268,-15.476000000000003,31.726123976851277,-15.360318687571606,-9.535318687571591,-3.7103186875715757,7.939681312428455
31.268,-15.476000000000003,31.933798099180677,-15.371159079913586,-9.52115907991357,-3.6711590799135543,8.028840920086477
31.268,-15.476000000000003,32.14437000485981,-15.371800245375766,-9.49680024537575,-3.6218002453757343,8.128199754624298
32.117000000000004,-15.440999999999999,32.35487538197122,-15.37097029005593,-9.470970290055913,-3.5709702900558966,8.229029709944136
32.117000000000004,-15.440999999999999,32.565264792592146,-15.368600283664975,-9.443600283664958,-3.5186002836649415,8.331399716335092
32.117000000000004,-15.440999999999999,32.76551072177141,-15.37160224551023,-9.421602245510213,-3.471602245510196,8.428397754489838
32.538000000000004,-15.418000000000003,32.97520958698105,-15.365695297853003,-9.390695297852986,-3.4156952978529684,8.534304702147066
32.538000000000004,-15.418000000000003,33.184340549029116,-15.3581491247707,-9.358149124770682,-3.358149124770664,8.641850875229371
32.961,-15.385000000000002,33.39304953220182,-15.348961495027897,-9.323961495027879,-3.2989614950278607,8.751038504972176
33.38,-15.343999999999998,33.60580669358148,-15.338027444688175,-9.288027444688156,-3.2380274446881376,8.8619725553119
33.38,-15.343999999999998,33.81363324630154,-15.325764371823366,-9.250764371823347,-3.1757643718233286,8.974235628176709
33.38,-15.343999999999998,34.020860510573016,-15.311439399169508,-9.211439399169489,-3.1114393991694698,9.088560600830569
33.38,-15.343999999999998,34.22778101866284,-15.294960177093618,-9.169960177093598,-3.0449601770935786,9.20503982290646
34.21,-15.236999999999998,34.43058274959524,-15.286140681771816,-9.136140681771796,-2.9861406817717757,9.313859318228264
34.21,-15.236999999999998,34.63623884385982,-15.265928438574797,-9.090928438574776,-2.915928438574756,9.434071561425284
34.623000000000005,-15.169,34.84118901723326,-15.243995900236758,-9.043995900236737,-2.843995900236717,9.556004099763324
34.623000000000005,-15.169,35.04533374948043,-15.220345193497728,-8.995345193497707,-2.770345193497686,9.679654806502356
34.623000000000005,-15.169,35.250331732199975,-15.195895528066227,-8.945895528066206,-2.6958955280661847,9.804104471933858
35.033,-15.093999999999998,35.453177456501855,-15.168542186890164,-8.893542186890143,-2.618542186890121,9.931457813109922
35.033,-15.093999999999998,35.65540474842171,-15.139276422919346,-8.839276422919324,-2.5392764229193023,10.060723577080742
35.438,-15.013000000000002,35.8569068438263,-15.107836293901006,-8.782836293900983,-2.457836293900961,10.192163706099084
35.438,-15.013000000000002,36.057336164092405,-15.091464805706108,-8.741464805706086,-2.391464805706063,10.308535194293983
35.84,-14.925,36.25731205559877,-15.056557303244233,-8.68155730324421,-2.306557303244187,10.44344269675586
35.84,-14.925,36.456696208596405,-15.020339117604339,-8.620339117604315,-2.2203391176042917,10.579660882395755
36.239000000000004,-14.828,36.655184297210035,-14.982420065810832,-8.557420065810808,-2.132420065810784,10.717579934189263
36.239000000000004,-14.828,36.858939301558934,-14.955909011362351,-8.505909011362327,-2.055909011362303,10.844090988637745
36.635000000000005,-14.726000000000003,37.055477516373884,-14.91352008427872,-8.438520084278695,-1.9635200842786702,10.986479915721379
36.635000000000005,-14.726000000000003,37.25081362604708,-14.869120856798636,-8.369120856798611,-1.8691208567985864,11.130879143201463
37.027,-14.616000000000003,37.44513862395877,-14.823247791042697,-8.298247791042671,-1.773247791042646,11.276752208957404
37.413000000000004,-14.498999999999999,37.639897534605716,-14.777892044565686,-8.22789204456566,-1.6778920445656347,11.422107955434416
37.413000000000004,-14.498999999999999,37.83262050885582,-14.729591981889664,-8.154591981889638,-1.579591981889612,11.57040801811044
37.413000000000004,-14.498999999999999,38.02444171468625,-14.679486574786926,-8.0794865747869,-1.4794865747868737,11.720513425213179
37.796,-14.375000000000004,38.21531012709972,-14.627530828738696,-8.002530828738669,-1.3775308287386423,11.872469171261411
38.173,-14.247000000000003,38.40329234449907,-14.582933061567458,-7.9329330615674305,-1.2829330615674035,12.01706693843265
38.173,-14.247000000000003,38.592498474755494,-14.528256096190972,-7.853256096190945,-1.1782560961909176,12.171743903809137
38.548,-14.113000000000003,38.78083614136006,-14.471594781369113,-7.771594781369085,-1.0715947813690576,12.328405218630998
38.548,-14.113000000000003,38.968763967676026,-14.412760306827659,-7.687760306827631,-0.9627603068276027,12.487239693172453
38.548,-14.113000000000003,39.16015749800105,-14.359730562416777,-7.609730562416749,-0.8597305624167202,12.640269437583337
38.92,-13.970000000000002,39.34722756809974,-14.297400372116428,-7.522400372116399,-0.7474003721163704,12.802599627883687
39.286,-13.820000000000004,39.53388272247591,-14.23351123888206,-7.433511238882032,-0.6335112388820026,12.966488761118056
39.286,-13.820000000000004,39.72016347290344,-14.167997404983014,-7.3429974049829845,-0.517997404982955,13.132002595017104
39.286,-13.820000000000004,39.909386958473625,-14.103655575536587,-7.253655575536557,-0.4036555755365274,13.296344424463532
39.286,-13.820000000000004,40.09462876704008,-14.033237677147051,-7.158237677147021,-0.28323767714699066,13.46676232285307
39.652,-13.66,40.27929046768439,-13.960813374746634,-7.060813374746603,-0.16081337474657253,13.639186625253489
40.015,-13.492,40.4638221573335,-13.886510274904252,-6.961510274904221,-0.0365102749041899,13.813489725095872
40.015,-13.492,40.65015748830746,-13.817168321901054,-6.867168321901023,0.0828316780990086,13.982831678099071
40.375,-13.315999999999999,40.83365649746339,-13.738256828791453,-6.763256828791421,0.2117431712086102,14.161743171208673
40.375,-13.315999999999999,41.01640832637245,-13.657267313263269,-6.657267313263237,0.34273268673679524,14.34273268673686
40.735,-13.129000000000001,41.1986415937363,-13.574477791029013,-6.5494777910289805,0.4755222089710518,14.525522208971116
41.091,-12.934999999999999,41.388108416480875,-13.4975994439426,-6.447599443942567,0.6024005560574661,14.702400556057531
41.091,-12.934999999999999,41.56927399742574,-13.41173994929834,-6.336739949298307,0.7382600507017258,14.888260050701792
41.091,-12.934999999999999,41.74958958378107,-13.323784033311599,-6.223784033311565,0.8762159666884681,15.076215966688535
41.091,-12.934999999999999,41.928695158368946,-13.233737317778248,-6.108737317778214,1.0162626822218197,15.266262682221887
41.791000000000004,-12.526999999999997,42.113375716307395,-13.150681168108381,-6.000681168108347,1.1493188318916872,15.449318831891755
41.791000000000004,-12.526999999999997,42.28994926557904,-13.055764213487137,-5.880764213487103,1.2942357865129317,15.644235786513
42.134,-12.309999999999999,42.465242781370776,-12.958794350560495,-5.758794350560461,1.4412056494395742,15.841205649439644
42.134,-12.309999999999999,42.63935037696059,-12.859978533076719,-5.6349785330766835,1.5900214669233517,16.04002146692342
42.134,-12.309999999999999,42.810540532185364,-12.763417788253152,-5.513417788253117,1.736582211746919,16.236582211746992
42.469,-12.081,42.98216280108744,-12.660867012444587,-5.385867012444551,1.8891329875554845,16.439132987555556
42.798,-11.846,43.15239164657765,-12.556316132855896,-5.25631613285586,2.0436838671441766,16.643683867144247
42.798,-11.846,43.321249115878395,-12.449564895191443,-5.124564895191407,2.20043510480863,16.850435104808703
42.798,-11.846,43.50148609343485,-12.349912204658567,-4.99991220465853,2.3500877953415067,17.050087795341582
43.122,-11.605,43.66750465557062,-12.240142176452713,-4.865142176452675,2.509857823547362,17.259857823547435
43.122,-11.605,43.83180914047332,-12.12864571150641,-4.728645711506372,2.6713542884936654,17.471354288493743
43.438,-11.355,43.994387502188246,-12.015258653080785,-4.590258653080747,2.834741346919291,17.684741346919367
43.438,-11.355,44.16995045076748,-11.911946953935955,-4.461946953935916,2.988053046064122,17.8880530460642
43.747,-11.097000000000001,44.329089869295316,-11.795294638897627,-4.320294638897588,3.154705361102451,18.10470536110253
44.045,-10.831,44.48635276959222,-11.6769196859979,-4.176919685997861,3.323080314002178,18.323080314002254
44.045,-10.831,44.641485172897426,-11.556716614301621,-4.0317166143015815,3.493283385698458,18.543283385698537
44.336,-10.559000000000001,44.79767316614612,-11.442934965596343,-3.8929349655963037,3.657065034403736,18.757065034403816
44.336,-10.559000000000001,44.94796939501066,-11.31870475718716,-3.7437047571871194,3.8312952428129208,18.981295242813
44.336,-10.559000000000001,45.09575273554175,-11.19268245660655,-3.592682456606509,4.0073175433935315,19.207317543393614
44.617000000000004,-10.276,45.241351864972614,-11.06511686468039,-3.4401168646803484,4.1848831353196925,19.434883135319772
44.883,-9.984000000000002,45.39014873359476,-10.94085555334909,-3.290855553349049,4.359144446650992,19.659144446651077
44.883,-9.984000000000002,45.53187972692642,-10.81083998554708,-3.1358399855470385,4.539160014453003,19.889160014453086
45.143,-9.690999999999999,45.671044633758555,-10.678673687052681,-2.9786736870526394,4.721326312947403,20.121326312947488
45.143,-9.690999999999999,45.80734452834427,-10.544761360911554,-2.819761360911512,4.90523863908853,20.355238639088615
45.143,-9.690999999999999,45.94788014126756,-10.417149051564591,-2.6671490515645484,5.082850948435494,20.582850948435578
45.39,-9.39,46.07984634480246,-10.280506145107907,-2.505506145107864,5.269493854892179,20.819493854892265
45.39,-9.39,46.20955287071909,-10.142649735128698,-2.3426497351286546,5.457350264871389,21.057350264871474
45.626000000000005,-9.082,46.33666471043439,-10.003283601362162,-2.178283601362118,5.646716398637926,21.29671639863801
45.626000000000005,-9.082,46.467179094324365,-9.86708158320823,-2.0170815832081868,5.832918416791857,21.532918416791944
45.626000000000005,-9.082,46.58880679177093,-9.724903958893893,-1.849903958893849,6.025096041106195,21.775096041106284
45.852000000000004,-8.769000000000002,46.70764532175656,-9.581263503319052,-1.6812635033190073,6.2187364966810375,22.01873649668113
46.063,-8.45,46.823667758588044,-9.436331249769498,-1.5113312497694533,6.413668750230592,22.263668750230682
46.063,-8.45,46.94487516387557,-9.292363476996515,-1.3423634769964696,6.607636523003576,22.50763652300367
46.262,-8.129000000000001,47.054900961744806,-9.14403520697702,-1.1690352069769734,6.8059647930230724,22.755964793023164
46.262,-8.129000000000001,47.16185116037998,-8.994120653028876,-0.9941206530288298,7.005879346971216,23.00587934697131
46.445,-7.798000000000002,47.2656747071927,-8.842745829315769,-0.8177458293157223,7.207254170684324,23.25725417068442
46.445,-7.798000000000002,47.37415516782009,-8.688266163823574,-0.638266163823527,7.41173383617652,23.511733836176614
46.611000000000004,-7.460000000000001,47.47195670546927,-8.533651593257613,-0.45865159325756544,7.616348406742482,23.766348406742576
46.611000000000004,-7.460000000000001,47.56660774674012,-8.377514532082145,-0.27751453208209753,7.82248546791795,24.022485467918045
46.611000000000004,-7.460000000000001,47.65835290392132,-8.219939509406782,-0.09493950940673379,8.030060490593314,24.28006049059341
46.904,-6.772000000000002,47.752647613717535,-8.055186603221015,0.094813396779033,8.244813396779081,24.544813396779176
46.904,-6.772000000000002,47.838850692220625,-7.894784592028822,0.2802154079712267,8.455215407971275,24.805215407971374
47.03,-6.423000000000002,47.92190705052088,-7.733042909906715,0.4669570900933344,8.666957090093383,25.06695709009348
47.03,-6.423000000000002,48.00156446802099,-7.569803650638766,0.6551963493612831,8.880196349361333,25.33019634936143
47.03,-6.423000000000002,48.08892175930813,-7.405927461562403,0.8440725384376471,9.094072538437697,25.594072538437796
47.143,-6.07,48.16207495739513,-7.240135800597677,1.0348641994023735,9.309864199402423,25.859864199402523
47.143,-6.07,48.23200098027927,-7.07346844115643,1.2265315588436208,9.526531558843672,26.126531558843773
47.242000000000004,-5.714000000000002,48.29835133935143,-6.905579730270522,1.419420269729529,9.74442026972958,26.394420269729682
47.242000000000004,-5.714000000000002,48.37577618888115,-6.738520901135031,1.6114790988650203,9.961479098865071,26.661479098865172
47.242000000000004,-5.714000000000002,48.43511672023605,-6.568709566006243,1.8062904339938086,10.18129043399386,26.931290433993965
47.327,-5.353999999999999,48.491192413819704,-6.398093444150919,2.001906555849133,10.401906555849184,27.201906555849288
47.398,-4.995000000000001,48.54416337162643,-6.226640036548472,2.19835996345158,10.623359963451632,27.473359963451735
47.398,-4.995000000000001,48.59628168404957,-6.054117630149185,2.3958823698508676,10.84588236985092,27.745882369851024
47.453,-4.635000000000002,48.641784315607566,-5.881000680455126,2.5939993195449267,11.068999319544979,28.018999319545085
47.453,-4.635000000000002,48.683584812191135,-5.707279871241064,2.7927201287589893,11.292720128759044,28.29272012875915
47.494,-4.274000000000001,48.72250307217646,-5.5332551799270435,2.99174482007301,11.516744820073065,28.566744820073172
47.494,-4.274000000000001,48.76273584894815,-5.356438477406585,3.193561522593469,11.743561522593524,28.84356152259363
47.522,-3.911999999999999,48.79499227804113,-5.181349907769559,3.3936500922304953,11.96865009223055,29.11865009223066
47.535000000000004,-3.5500000000000007,48.82341727049757,-5.005774646551769,3.5942253534482855,12.19422535344834,29.394225353448448
47.535000000000004,-3.5500000000000007,48.84822411188596,-4.829732589867268,3.7952674101327872,12.420267410132842,29.67026741013295
47.537,-3.1900000000000013,48.88066486822747,-4.651296838680684,3.998703161319371,12.648703161319427,29.948703161319536
47.537,-3.1900000000000013,48.89896677557532,-4.474796367014505,4.200203632985551,12.875203632985606,30.225203632985718
47.537,-3.1900000000000013,48.91407437506375,-4.297971535098064,4.402028464901992,13.102028464902048,30.50202846490216
47.521,-2.8279999999999994,48.92559389654585,-4.121034777365156,4.6039652226349,13.328965222634956,30.77896522263507
47.521,-2.8279999999999994,48.94596349005123,-3.9409136387875634,4.809086361212493,13.55908636121255,31.059086361212664
47.496,-2.469000000000001,48.950026241917286,-3.76387735537553,5.011122644624527,13.786122644624584,31.336122644624698
47.454,-2.1090000000000018,48.95095874764913,-3.586609728628251,5.213390271371807,14.013390271371865,31.61339027137198
47.454,-2.1090000000000018,48.94883932128278,-3.4091046906314504,5.415895309368608,14.240895309368666,31.89089530936878
47.454,-2.1090000000000018,48.94850170466347,-3.233267376505525,5.616732623494533,14.466732623494591,32.16673262349471
47.401,-1.7510000000000012,48.93928844302595,-3.0560507515491575,5.818949248450901,14.69394924845096,32.44394924845108
47.333,-1.3949999999999996,48.926683659272605,-2.8791248409073167,6.020875159092743,14.920875159092802,32.72087515909292
47.333,-1.3949999999999996,48.91110098128889,-2.702340082286398,6.222659917713662,15.147659917713721,32.99765991771384
47.333,-1.3949999999999996,48.90278300143887,-2.5268161238552076,6.4231838761448525,15.373183876144912,33.27318387614503
47.255,-1.0420000000000016,48.88124084556978,-2.3505279858095944,6.624472014190466,15.599472014190525,33.54947201419065
47.255,-1.0420000000000016,48.85651647742536,-2.1744993626006606,6.8255006373994,15.825500637399461,33.82550063739958
47.165,-0.6900000000000013,48.82862701007842,-1.9988138647798825,7.026186135220178,16.051186135220238,34.10118613522036
47.065000000000005,-0.34199999999999875,48.8077254032218,-1.815755532292766,7.2342444677072955,16.284244467707357,34.384244467707475
47.065000000000005,-0.34199999999999875,48.77337166303669,-1.6404639339470453,7.434536066053016,16.509536066053077,34.6595360660532
47.065000000000005,-0.34199999999999875,48.73667427785079,-1.4655842081299173,7.634415791870144,16.734415791870205,34.93441579187033
47.065000000000005,-0.34199999999999875,48.69750479482764,-1.2907569317020893,7.8342430682979725,16.959243068298036,35.20924306829816
46.83,0.3470000000000013,48.66088965143617,-1.110453578702714,8.039546421297349,17.18954642129741,35.48954642129753
46.83,0.3470000000000013,48.616518644947355,-0.9358756390848303,8.239124360915232,17.414124360915295,35.764124360915424
46.83,0.3470000000000013,48.56926178079991,-0.7620031166234973,8.437996883376567,17.63799688337663,36.037996883376756
46.698,0.6900000000000013,48.51831308809923,-0.5887320478594381,8.636267952140626,17.86126795214069,36.31126795214082
46.698,0.6900000000000013,48.47349892272624,-0.4068907348322212,8.843109265167843,18.093109265167907,36.59310926516803
46.558,1.0279999999999987,48.413966973394054,-0.23597974449738376,9.039020255502681,18.314020255502744,36.86402025550287
46.4,1.3589999999999982,48.3517537600588,-0.06545153308296027,9.234548466917104,18.53454846691717,37.1345484669173
46.4,1.3589999999999982,48.28758943368925,0.10444626061628656,9.429446260616352,18.754446260616415,37.404446260616545
46.4,1.3589999999999982,48.22910152157249,0.27946553440526944,9.629465534405334,18.9794655344054,37.67946553440553
46.4,1.3589999999999982,48.158832650917496,0.448242698672798,9.823242698672864,19.198242698672928,37.94824269867306
46.225,1.6849999999999987,48.08588468535206,0.6168791400130464,10.016879140013113,19.41687914001318,38.21687914001331
46.042,2.0060000000000002,48.011124142840366,0.7850919904551955,10.210091990455261,19.63509199045533,38.48509199045546
46.042,2.0060000000000002,47.94277795939507,0.9594099776570836,10.40940997765715,19.85940997765722,38.75940997765735
45.853,2.3260000000000005,47.863101066957036,1.1265176331873585,10.601517633187425,20.076517633187493,39.02651763318763
45.853,2.3260000000000005,47.77996390329286,1.2926120164473907,10.792612016447459,20.292612016447524,39.29261201644766
45.660000000000004,2.6439999999999984,47.69322530712887,1.4572188536135389,10.982218853613606,20.507218853613676,39.55721885361381
45.660000000000004,2.6439999999999984,47.60810773159638,1.6263092302438826,11.176309230243952,20.72630923024402,39.826309230244156
45.452,2.9549999999999983,47.513891818775285,1.7881569861430386,11.363156986143107,20.938156986143177,40.08815698614331
45.452,2.9549999999999983,47.41682473833236,1.9490347088114335,11.549034708811503,21.14903470881157,40.34903470881171
45.226,3.257999999999999,47.316992923242815,2.1091301101609106,11.73413011016098,21.35913011016105,40.60913011016119
45.226,3.257999999999999,47.22060670283627,2.2740208273268077,11.924020827326878,21.574020827326947,40.87402082732709
44.986000000000004,3.5539999999999985,47.11482241772534,2.432105901271245,12.107105901271314,21.782105901271386,41.13210590127152
44.986000000000004,3.5539999999999985,47.0060298207546,2.58866417265389,12.28866417265396,21.98866417265403,41.388664172654174
44.739000000000004,3.846,46.894106387673425,2.743972835767116,12.468972835767186,22.19397283576726,41.6439728357674
44.739000000000004,3.846,46.793757770022296,2.9068880353993474,12.656888035399419,22.40688803539949,41.90688803539963
44.482,4.134999999999998,46.67587516639726,3.059341753696429,12.834341753696501,22.609341753696572,42.159341753696715
44.212,4.416999999999998,46.55548630284229,3.210273495435082,13.010273495435154,22.810273495435226,42.41027349543537
44.212,4.416999999999998,46.43212201204936,3.3600355886082487,13.18503558860832,23.010035588608392,42.66003558860854
44.212,4.416999999999998,46.31117628162005,3.5186355286655475,13.36863552866562,23.218635528665693,42.91863552866584
44.212,4.416999999999998,46.182636824355356,3.665693260067795,13.540693260067869,23.41569326006794,43.16569326006809
43.93,4.690999999999999,46.05185969686514,3.811782141308822,13.711782141308895,23.611782141308968,43.41178214130912
43.642,4.959,45.918217030142465,3.9561698665831346,13.881169866583209,23.806169866583282,43.656169866583426
43.642,4.959,45.78697123946367,4.103115490410902,14.053115490410976,24.003115490411048,43.903115490411196
43.342,5.224,45.64703439031698,4.242746175565256,14.217746175565331,24.192746175565404,44.142746175565556
43.342,5.224,45.5039493956783,4.380089856427545,14.38008985642762,24.380089856427695,44.380089856427844
43.037,5.481,45.3580213648641,4.514760587602109,14.539760587602185,24.564760587602258,44.61476058760241
43.037,5.481,45.210923957490344,4.657774858168016,14.70777485816809,24.757774858168165,44.85777485816832
42.718,5.727,45.060601928136464,4.7897627371384095,14.864762737138484,24.93976273713856,45.08976273713871
42.718,5.727,44.90782493794305,4.921181582488131,15.021181582488207,25.121181582488283,45.321181582488435
42.718,5.727,44.75357144078345,5.051223210289942,15.176223210290019,25.301223210290097,45.551223210290246
42.396,5.965,44.60116986117007,5.193943766096065,15.343943766096142,25.49394376609622,45.79394376609637
42.066,6.202,44.44247926873839,5.321242258746469,15.496242258746546,25.671242258746624,46.02124225874678
42.066,6.202,44.28117639561891,5.447086608849265,15.647086608849342,25.84708660884942,46.24708660884957
41.729,6.434999999999999,44.11769261743294,5.5708196495354905,15.795819649535568,26.020819649535646,46.4708196495358
41.729,6.434999999999999,43.952889206321636,5.705880377398079,15.955880377398156,26.205880377398234,46.705880377398394
41.386,6.663,43.785508838513145,5.826330764268281,16.10133076426836,26.376330764268438,46.9263307642686
41.036,6.882,43.616067199372544,5.94524392151185,16.24524392151193,26.545243921512007,47.14524392151217
41.036,6.882,43.4446483080296,6.0621892697092,16.38718926970928,26.71218926970936,47.36218926970952
41.036,6.882,43.272765668431056,6.185306724798323,16.535306724798403,26.885306724798482,47.58530672479864
40.678000000000004,7.094999999999999,43.09676594879461,6.2979966251803985,16.672996625180478,27.04799662518056,47.797996625180716
40.313,7.301,42.91951107516618,6.4100372421008736,16.810037242100954,27.210037242101034,48.01003724210119
40.313,7.301,42.740944032056944,6.521163341198086,16.946163341198165,27.371163341198248,48.221163341198405
39.938,7.501999999999999,42.56297547270284,6.6323241083290645,17.082324108329146,27.532324108329227,48.43232410832939
39.938,7.501999999999999,42.38127685476574,6.741116010982742,17.216116010982823,27.691116010982903,48.64111601098307
39.938,7.501999999999999,42.19788990412342,6.848238814374639,17.34823881437472,27.848238814374803,48.848238814374966
39.564,7.702,42.01292586995189,6.95371848568864,17.478718485688724,28.003718485688804,49.05371848568897
39.185,7.897,41.82621642907092,7.068770081402344,17.618770081402428,28.16877008140251,49.26877008140267
39.185,7.897,41.63782129856164,7.1709511448747065,17.745951144874788,28.320951144874872,49.47095114487504
39.185,7.897,41.4475944919896,7.271678969504797,17.87167896950488,28.471678969504964,49.67167896950513
38.800000000000004,8.083,41.25594664366568,7.370784434344242,17.995784434344326,28.620784434344408,49.87078443434458
38.404,8.261,41.064415078509164,7.478848255561523,18.128848255561607,28.77884825556169,50.07884825556186
38.404,8.261,40.869747914241046,7.575441708744472,18.250441708744557,28.92544170874464,50.27544170874481
38.404,8.261,40.67366518254601,7.671095509368242,18.371095509368327,29.071095509368412,50.47109550936858
38.007000000000005,8.436,40.47627305549955,7.765659618786693,18.49065961878678,29.215659618786862,50.66565961878703
38.007000000000005,8.436,40.28246205386235,7.868840431801458,18.618840431801544,29.36884043180163,50.8688404318018
37.604,8.607,40.081984296866295,7.95975641786406,18.734756417864148,29.50975641786423,51.059756417864406
37.193000000000005,8.772,39.879658053547296,8.048528724334078,18.848528724334166,29.64852872433425,51.24852872433442
37.193000000000005,8.772,39.67582601037523,8.135030515562397,18.960030515562483,29.785030515562568,51.435030515562744
37.193000000000005,8.772,39.468455237062635,8.227540762256982,19.07754076225707,29.927540762257156,51.627540762257325
37.193000000000005,8.772,39.261661261204026,8.311179139495318,19.186179139495405,30.061179139495493,51.811179139495664
36.356,9.075999999999999,39.05362054919406,8.393999417422442,19.29399941742253,30.193999417422617,51.99399941742279
36.356,9.075999999999999,38.84412941926989,8.47535340607888,19.40035340607897,30.325353406079056,52.17535340607923
36.356,9.075999999999999,38.642672657114105,8.564563194302393,19.514563194302482,30.46456319430257,52.36456319430275
35.931000000000004,9.219999999999999,38.430158490494115,8.642083419768918,19.617083419769006,30.592083419769097,52.54208341976927
35.931000000000004,9.219999999999999,38.216688015150524,8.718523962531037,19.718523962531126,30.718523962531215,52.71852396253139
35.499,9.359,38.002050125583004,8.793975837647443,19.818975837647532,30.84397583764762,52.8939758376478
35.062000000000005,9.496,37.78608159904586,8.867989528500123,19.917989528500215,30.967989528500304,53.06798952850048
35.062000000000005,9.496,37.56896484067843,8.940306331726505,20.015306331726595,31.090306331726687,53.24030633172686
35.062000000000005,9.496,37.35068039805775,9.010890351478345,20.110890351478435,31.210890351478525,53.410890351478706
35.062000000000005,9.496,37.13096272409054,9.079713158619413,20.204713158619505,31.329713158619594,53.579713158619775
34.624,9.628,36.91680903729173,9.157855665321646,20.30785566532174,31.45785566532183,53.75785566532201
34.181000000000004,9.75,36.69448435928204,9.222853771641528,20.39785377164162,31.57285377164171,53.9228537716419
33.730000000000004,9.866,36.47116652427285,9.286698821430631,20.48669882143072,31.686698821430817,54.086698821431
33.730000000000004,9.866,36.24669266532125,9.349786901745615,20.574786901745707,31.799786901745797,54.249786901745985
33.730000000000004,9.866,36.02307193583012,9.417729398012026,20.66772939801212,31.917729398012213,54.4177293980124
33.272,9.979,35.79664711033573,9.47837821498981,20.7533782149899,32.02837821499,54.57837821499018
33.272,9.979,35.56940887249011,9.53800564796833,20.838005647968423,32.13800564796851,54.738005647968706
32.814,10.09,35.34109818863507,9.596549684563934,20.921549684564027,32.24654968456412,54.896549684564306
32.814,10.09,35.11219174568294,9.663239723999112,21.013239723999206,32.3632397239993,55.06323972399949
32.356,10.197,34.881685157203655,9.719108380841908,21.094108380842002,32.469108380842094,55.219108380842286
31.891,10.299999999999999,34.65028850873986,9.773655454046466,21.17365545404656,32.57365545404666,55.37365545404684
31.891,10.299999999999999,34.41790352126792,9.827060550739121,21.252060550739216,32.67706055073931,55.5270605507395
31.424,10.399,34.18551789198891,9.88595813353804,21.335958133538135,32.78595813353823,55.68595813353842
31.424,10.399,33.95135157226114,9.93694506315534,21.411945063155436,32.88694506315553,55.836945063155724
31.424,10.399,33.71627468894054,9.98729729684655,21.48729729684665,32.98729729684674,55.98729729684693
30.955,10.49,33.48067554034551,10.037224727000204,21.5622247270003,33.0872247270004,56.137224727000586
30.955,10.49,33.24707865018856,10.090031897384524,21.64003189738462,33.19003189738471,56.29003189738491
30.481,10.581999999999999,33.00945357668975,10.13787610486418,21.71287610486428,33.287876104864374,56.43787610486457
30.481,10.581999999999999,32.77132180698712,10.184801349040805,21.784801349040904,33.384801349041,56.58480134904119
30.006,10.671,32.53211165721283,10.230795212933621,21.85579521293372,33.48079521293381,56.73079521293401
29.525,10.754999999999999,32.2999533172161,10.280511835239615,21.930511835239713,33.58051183523981,56.88051183524001
29.525,10.754999999999999,32.05910270416568,10.324075324820445,21.999075324820545,33.67407532482064,57.02407532482084
29.525,10.754999999999999,31.817564837111966,10.366480679546665,22.066480679546764,33.76648067954686,57.166480679547064
29.044000000000004,10.834999999999999,31.57496598599324,10.408172017101537,22.133172017101636,33.85817201710174,57.30817201710193
29.044000000000004,10.834999999999999,31.33557836670269,10.450034344290248,22.200034344290348,33.950034344290444,57.45003434429064
28.557000000000002,10.91,31.091368080256885,10.490045029921323,22.265045029921424,34.04004502992152,57.590045029921725
28.557000000000002,10.91,30.846341613364824,10.528813356859846,22.328813356859946,34.12881335686005,57.72881335686024
28.068000000000005,10.979,30.60043281788357,10.566482464898368,22.391482464898466,34.21648246489857,57.866482464898766
28.068000000000005,10.979,30.35630704042675,10.617344382181397,22.467344382181498,34.3173443821816,58.017344382181804
28.068000000000005,10.979,30.10843838562306,10.652725933157148,22.52772593315725,34.40272593315735,58.152725933157555
27.576,11.049999999999999,29.860017435412285,10.687594462934214,22.587594462934316,34.48759446293442,58.28759446293462
27.079,11.11,29.610702157231945,10.721348285518848,22.64634828551895,34.57134828551905,58.42134828551926
26.578000000000003,11.171,29.360612359482353,10.767338973085403,22.717338973085504,34.667338973085606,58.56733897308581
26.578000000000003,11.171,29.109624417532064,10.798662132774743,22.773662132774845,34.748662132774946,58.698662132775155
26.578000000000003,11.171,28.858099641707653,10.829332667499706,22.82933266749981,34.82933266749991,58.82933266750012
26.073999999999998,11.225,28.605766494635045,10.858738683264267,22.88373868326437,34.908738683264474,58.958738683264684
26.073999999999998,11.225,28.356772309772882,10.895138454052319,22.945138454052422,34.99513845405252,59.09513845405273
25.569000000000003,11.273,28.103149051419933,10.921405617737815,22.99640561773792,35.07140561773802,59.22140561773823
25.569000000000003,11.273,27.848908110158,10.946890503417746,23.04689050341785,35.14689050341796,59.346890503418166
25.569000000000003,11.273,27.59433710990159,10.971836762559375,23.09683676255948,35.22183676255958,59.471836762559796
24.548000000000002,11.359,27.34770410418693,10.987076809571546,23.137076809571653,35.28707680957176,59.58707680957197
24.548000000000002,11.359,27.092456012884938,11.010269063471476,23.18526906347158,35.36026906347169,59.7102690634719
24.04,11.392999999999999,26.836892027212855,11.032061635308859,23.232061635308966,35.43206163530907,59.83206163530928
24.04,11.392999999999999,26.58109401057187,11.052453464804744,23.27745346480485,35.50245346480496,59.95245346480517
24.04,11.392999999999999,26.327355026179507,11.07899078088249,23.3289907808826,35.578990780882705,60.07899078088292
23.527,11.424,26.070845108447934,11.096892331255727,23.371892331255836,35.64689233125594,60.19689233125615
23.527,11.424,25.81416498428288,11.11330590711738,23.41330590711749,35.713305907117594,60.31330590711781
23.012,11.452,25.55736348173334,11.128178511953491,23.4531785119536,35.778178511953705,60.428178511953924
23.012,11.452,25.29943093892153,11.149915986183284,23.499915986183392,35.849915986183504,60.54991598618372
23.012,11.452,25.042567367644896,11.162465695688367,23.537465695688475,35.91246569568858,60.6624656956888
22.499000000000002,11.472,24.785900016187252,11.174045573032464,23.57404557303257,35.97404557303268,60.7740455730329
21.982,11.484,24.529316787019948,11.1838337521582,23.60883375215831,36.033833752158415,60.88383375215864
21.982,11.484,24.27679908034442,11.202008573456975,23.652008573457085,36.1020085734572,61.00200857345742
21.464999999999996,11.494,24.020329550509825,11.208263370123966,23.683263370124074,36.15826337012419,61.108263370124405
21.464999999999996,11.494,23.764041993674358,11.213655016704742,23.713655016704852,36.21365501670496,61.21365501670518
20.951999999999998,11.496,23.507750439048884,11.218465531110162,23.743465531110274,36.26846553111038,61.318465531110604
20.951999999999998,11.496,23.258647097315748,11.21487257691924,23.764872576919352,36.31487257691946,61.414872576919684
20.439999999999998,11.493,23.00287211168474,11.217866523471779,23.79286652347189,36.367866523472,61.51786652347222
20.439999999999998,11.493,22.74728531738433,11.219400104548855,23.81940010454897,36.41940010454908,61.6194001045493
19.926000000000002,11.49,22.491996893678486,11.219301616090902,23.844301616091016,36.46930161609113,61.71930161609135
19.415,11.481,22.239583964167327,11.226993633426959,23.87699363342707,36.52699363342718,61.826993633427406
19.415,11.481,21.98462822386767,11.22329045810903,23.898290458109145,36.573290458109255,61.92329045810948
18.906,11.464,21.72992041706602,11.21829772333561,23.918297723335723,36.618297723335836,62.01829772333606
18.906,11.464,21.475361633511948,11.2118133894619,23.936813389462014,36.661813389462125,62.111813389462355
18.906,11.464,21.214053274565913,11.209547772191625,23.95954777219174,36.709547772191854,62.20954777219208
18.393,11.44,20.959951523222603,11.200575680165882,23.975575680165996,36.75057568016611,62.30057568016634
18.393,11.44,20.706214459280638,11.191211858070487,23.9912118580706,36.79121185807072,62.391211858070946
17.881999999999998,11.411999999999999,20.452636845351513,11.180832501999532,24.00583250199965,36.830832501999765,62.48083250199999
17.881999999999998,11.411999999999999,20.198522389017832,11.180889086660533,24.03088908666065,36.880889086660765,62.580889086660996
17.881999999999998,11.411999999999999,19.94562228460247,11.167641922737001,24.04264192273712,36.91764192273723,62.66764192273746
17.375,11.379,19.69314641170395,11.152922108146537,24.052922108146653,36.952922108146765,62.752922108147004
16.869999999999997,11.344,19.441292638248353,11.136813649133368,24.061813649133484,36.9868136491336,62.83681364913383
16.869999999999997,11.344,19.1922247517929,11.117562299243168,24.067562299243285,37.0175622992434,62.917562299243635
16.363999999999997,11.299999999999999,18.941494363969273,11.098239728910094,24.07323972891021,37.04823972891033,62.99823972891056
16.363999999999997,11.299999999999999,18.69160795427372,11.078006103735266,24.078006103735383,37.078006103735504,63.07800610373573
15.862,11.251999999999999,18.442355511388524,11.056522087878559,24.081522087878675,37.106522087878794,63.156522087879026
15.363000000000001,11.195,18.194479555064696,11.038423910026673,24.08842391002679,37.13842391002691,63.238423910027144
15.363000000000001,11.195,17.94592585092451,11.014748904083888,24.089748904084004,37.16474890408412,63.31474890408436
15.363000000000001,11.195,17.697782720520763,10.99011128287248,24.0901112828726,37.19011128287272,63.39011128287295
15.363000000000001,11.195,17.45028547998083,10.964308711056379,24.089308711056496,37.21430871105662,63.46430871105686
14.371999999999998,11.071,17.2044029314683,10.944028983985259,24.09402898398538,37.2440289839855,63.54402898398574
14.371999999999998,11.071,16.957940877643313,10.91562679932014,24.090626799320262,37.26562679932038,63.61562679932062
13.877999999999998,11.001999999999999,16.712206052789345,10.885722085525659,24.08572208552578,37.2857220855259,63.68572208552614
13.877999999999998,11.001999999999999,16.46730017251303,10.854407339664291,24.079407339664414,37.304407339664536,63.75440733966477
13.877999999999998,11.001999999999999,16.225959525080555,10.816720911621132,24.066720911621253,37.316720911621374,63.816720911621616
13.388,10.927,15.982870635255212,10.782337294414575,24.057337294414694,37.33233729441481,63.88233729441506
12.901000000000002,10.844,15.740798990818089,10.746855708568862,24.046855708568984,37.34685570856911,63.946855708569345
12.901000000000002,10.844,15.499656343399096,10.71047954519059,24.03547954519071,37.360479545190834,64.01047954519107
12.901000000000002,10.844,15.260684563057307,10.676894448709378,24.0268944487095,37.37689444870962,64.07689444870987
12.418000000000001,10.753,15.021665721961167,10.638917237462115,24.013917237462238,37.38891723746236,64.1389172374626
11.94,10.663,14.783889897090642,10.59985168861643,23.999851688616552,37.39985168861668,64.19985168861692
11.94,10.663,14.547561537227708,10.558959525146202,23.983959525146325,37.40895952514645,64.2589595251467
11.469,10.565999999999999,14.312700120713496,10.532299495907335,23.98229949590746,37.432299495907586,64.33229949590783
11.469,10.565999999999999,14.07959650627903,10.488530446198535,23.96353044619866,37.43853044619878,64.38853044619903
11.469,10.565999999999999,13.848081684408783,10.44357719639003,23.943577196390155,37.44357719639028,64.44357719639052
11.002,10.463,13.61823361926632,10.397200753760686,23.922200753760812,37.44720075376094,64.49720075376118
11.002,10.463,13.399342017429996,10.350121530861212,23.900121530861338,37.450121530861466,64.55012153086172
10.543999999999999,10.350999999999999,13.173002273950488,10.301700059868342,23.87670005986847,37.45170005986859,64.60170005986885
10.543999999999999,10.350999999999999,12.948345417453904,10.252934405734909,23.852934405735034,37.452934405735164,64.65293440573541
10.092,10.234,12.725394477952879,10.203803468718247,23.828803468718373,37.4538034687185,64.70380346871875
10.092,10.234,12.515680364361597,10.154135241625815,23.804135241625943,37.45413524162607,64.75413524162632
9.648000000000001,10.126999999999999,12.296251210846002,10.103807038654145,23.77880703865427,37.453807038654396,64.80380703865465
9.648000000000001,10.126999999999999,12.078784096552711,10.051828073671544,23.75182807367167,37.4518280736718,64.85182807367205
9.209999999999999,10.009,11.863660118336192,9.997553411497863,23.72255341149799,37.44755341149812,64.89755341149838
9.209999999999999,10.009,11.654259505594762,9.94783034501556,23.69783034501569,37.44783034501582,64.94783034501607
8.781,9.884,11.443513965310792,9.889923414108363,23.664923414108493,37.43992341410862,64.98992341410887
8.361,9.747,11.234577102585277,9.831558624279774,23.631558624279904,37.43155862428003,65.0315586242803
8.361,9.747,11.027619675772181,9.772544280539876,23.597544280540006,37.42254428054014,65.0725442805404
8.361,9.747,10.823981618804291,9.71392622833598,23.563926228336108,37.41392622833624,65.1139262283365
7.949999999999999,9.605,10.621206182015976,9.652928442875494,23.527928442875623,37.402928442875755,65.15292844287602
7.545,9.462,10.42030003846302,9.591353512910233,23.491353512910365,37.39135351291049,65.19135351291075
7.545,9.462,10.221443354084398,9.528921080103997,23.453921080104127,37.378921080104256,65.22892108010451
7.545,9.462,10.027005749982031,9.467394834337064,23.417394834337195,37.367394834337325,65.26739483433758
7.154,9.312,9.832456282545811,9.40174156444153,23.37674156444166,37.351741564441795,65.30174156444205
7.154,9.312,9.640157404589798,9.3354535672558,23.335453567255932,37.33545356725607,65.33545356725632
6.769,9.158,9.449803851423981,9.268595511804836,23.293595511804966,37.3185955118051,65.36859551180537
6.769,9.158,9.264969208386532,9.198582413254814,23.248582413254944,37.298582413255076,65.39858241325534
6.395,8.998,9.07854302280039,9.129455524661251,23.204455524661384,37.279455524661515,65.42945552466178
6.395,8.998,8.894388828050436,9.059330214101424,23.15933021410156,37.25933021410169,65.45933021410195
6.395,8.998,8.712237511092637,8.987822117730651,23.112822117730786,37.237822117730914,65.48782211773118
6.029,8.836,8.528541553295282,8.918802237239328,23.06880223723946,37.21880223723959,65.51880223723987
5.670999999999999,8.671,8.35026157032263,8.844694822670327,23.01969482267046,37.1946948226706,65.54469482267086
5.670999999999999,8.671,8.173679083437115,8.769751984490341,22.969751984490475,37.16975198449061,65.56975198449088
5.32,8.496,7.998723052195395,8.6935411977804,22.918541197780534,37.14354119778067,65.59354119778094
5.32,8.496,7.826276938349013,8.616582849322743,22.866582849322878,37.11658284932301,65.61658284932328
4.978999999999999,8.315999999999999,7.654245215704232,8.538464262413463,22.813464262413596,37.08846426241374,65.638464262414
4.645999999999999,8.131,7.48347519726051,8.45941291323915,22.759412913239288,37.05941291323942,65.65941291323969
4.645999999999999,8.131,7.314075468680042,8.379351262559052,22.704351262559186,37.029351262559324,65.67935126255959
4.645999999999999,8.131,7.147242131399613,8.29611147268282,22.646111472682957,36.9961114726831,65.69611147268337
4.645999999999999,8.131,6.9810360763768164,8.213374316054768,22.588374316054903,36.96337431605504,65.71337431605531
4.315999999999999,7.943999999999999,6.815902186380507,8.129529759421162,22.5295297594213,36.929529759421435,65.72952975942171
3.9939999999999998,7.748999999999999,6.652305883475895,8.044756081839513,22.46975608183965,36.89475608183979,65.74475608184007
3.9939999999999998,7.748999999999999,6.486965635610418,7.9596362944871935,22.40963629448733,36.85963629448747,65.75963629448775
3.6790000000000003,7.549999999999999,6.3269553823895155,7.871418614605316,22.346418614605454,36.82141861460559,65.77141861460586
3.6790000000000003,7.549999999999999,6.1689887824195795,7.781647089858465,22.281647089858602,36.781647089858744,65.78164708985902
3.369999999999999,7.344999999999999,6.013209988010102,7.690454152455414,22.215454152455553,36.74045415245569,65.79045415245596
3.369999999999999,7.344999999999999,5.86088234978558,7.604512857818752,22.15451285781889,36.70451285781903,65.8045128578193
3.0760000000000005,7.132,5.708528238572537,7.511436731734876,22.086436731735017,36.66143673173516,65.81143673173544
3.0760000000000005,7.132,5.558113706083018,7.417812387838247,22.017812387838386,36.617812387838526,65.81781238783881
2.7889999999999997,6.911999999999999,5.410371652121994,7.32310557059981,21.94810557059995,36.57310557060009,65.82310557060038
2.7889999999999997,6.911999999999999,5.258486070931907,7.235341413794073,21.885341413794215,36.535341413794356,65.83534141379464
2.5060000000000002,6.690999999999999,5.116586798826572,7.137964848974811,21.81296484897495,36.487964848975096,65.83796484897537
2.24,6.468,4.976979143271892,7.040232397045548,21.740232397045688,36.44023239704583,65.84023239704611
2.24,6.468,4.8394786538694845,6.942562647886649,21.66756264788679,36.39256264788693,65.84256264788722
2.24,6.468,4.708253154897364,6.845279333872708,21.59527933387285,36.345279333872995,65.84527933387328
1.9830000000000005,6.238999999999999,4.575776948812406,6.747531514850206,21.52253151485035,36.29753151485049,65.84753151485077
1.7360000000000007,6.01,4.445805993249077,6.6501534766106145,21.450153476610758,36.2501534766109,65.85015347661118
1.7360000000000007,6.01,4.318250801265131,6.553187216737841,21.378187216737984,36.20318721673813,65.85318721673842
1.7360000000000007,6.01,4.195839709524057,6.458850410895891,21.308850410896035,36.15885041089618,65.85885041089647
1.5009999999999994,5.7829999999999995,4.074354430873036,6.361770631409661,21.236770631409804,36.11177063140995,65.86177063141024
1.2769999999999992,5.558,3.9562984588865007,6.264407723236985,21.16440772323713,36.064407723237274,65.86440772323756
1.2769999999999992,5.558,3.8412261236493292,6.166961268123119,21.091961268123264,36.01696126812341,65.8669612681237
1.0700000000000003,5.327999999999999,3.7301820595406556,6.0716353530550995,21.021635353055245,35.97163535305539,65.87163535305568
1.0700000000000003,5.327999999999999,3.6211286135449985,5.974740747709911,20.949740747710056,35.9247407477102,65.87474074771049
1.0700000000000003,5.327999999999999,3.515154341812528,5.878393818866374,20.87839381886652,35.87839381886666,65.87839381886695
0.875,5.097999999999999,3.41178280449698,5.782733202855638,20.807733202855786,35.832733202855934,65.88273320285623
0.875,5.097999999999999,3.3172020394193558,5.698203452593973,20.74820345259412,35.798203452594265,65.89820345259456
0.6970000000000001,4.869999999999999,3.2199874029865367,5.603277016888825,20.67827701688897,35.753277016889115,65.9032770168894
0.6970000000000001,4.869999999999999,3.126421522178644,5.508172772279125,20.60817277227927,35.70817277227942,65.90817277227971
0.6970000000000001,4.869999999999999,3.035596881429011,5.413369229694989,20.538369229695135,35.663369229695284,65.91336922969558
0.6970000000000001,4.869999999999999,2.9524139930844866,5.321839780698241,20.47183978069839,35.62183978069854,65.92183978069883
0.3799999999999999,4.422000000000001,2.8662541705880966,5.228365671279931,20.403365671280078,35.578365671280224,65.92836567128052
0.24099999999999966,4.195999999999998,2.782536165537309,5.135401543067461,20.33540154306761,35.535401543067756,65.93540154306805
0.24099999999999966,4.195999999999998,2.701485700497492,5.042671149903081,20.26767114990323,35.49267114990338,65.94267114990367
0.24099999999999966,4.195999999999998,2.620412833478069,4.948025204360145,20.198025204360295,35.44802520436044,65.94802520436075
0.11399999999999988,3.974,2.544239203664067,4.855260001494172,20.13026000149432,35.40526000149447,65.95526000149476
-0.001000000000000334,3.754999999999999,2.470248672487212,4.762421684692133,20.062421684692282,35.362421684692436,65.96242168469273
-0.001000000000000334,3.754999999999999,2.3983972265491325,4.669390011248397,19.994390011248548,35.3193900112487,65.969390011249
-0.001000000000000334,3.754999999999999,2.327244940060608,4.5736322406734145,19.923632240673566,35.27363224067371,65.97363224067402
-0.10200000000000031,3.5330000000000013,2.2596366646391086,4.479969974800525,19.854969974800674,35.229969974800824,65.97996997480112
-0.1930000000000005,3.311,2.193819200452601,4.386188026201944,19.786188026202097,35.186188026202245,65.98618802620256
-0.1930000000000005,3.311,2.1297925798199446,4.292149161196221,19.717149161196375,35.14214916119653,65.99214916119683
-0.1930000000000005,3.311,2.062918345429061,4.196525117175961,19.64652511717611,35.09652511717626,65.99652511717657
-0.27200000000000024,3.0889999999999986,2.003754691932583,4.10157828082087,19.57657828082102,35.051578280821175,66.00157828082148
-0.27200000000000024,3.0889999999999986,1.947019567321515,4.006354893769619,19.50635489376977,35.006354893769924,66.00635489377024
-0.3440000000000003,2.8709999999999987,1.8923814706307542,3.911027285359386,19.43602728535954,34.96102728535969,66.01102728536
-0.3440000000000003,2.8709999999999987,1.8509125564390374,3.8186013273520887,19.36860132735224,34.9186013273524,66.0186013273527
-0.4039999999999999,2.649000000000001,1.7997796930681715,3.7230740579485735,19.298074057948728,34.873074057948884,66.02307405794919
-0.4039999999999999,2.649000000000001,1.7503404688707147,3.6273591840008126,19.227359184000967,34.82735918400112,66.02735918400143
-0.45500000000000007,2.4319999999999986,1.7026850569621717,3.531458405367266,19.15645840536742,34.78145840536757,66.03145840536789
-0.45500000000000007,2.4319999999999986,1.6602365621384712,3.4339611611398695,19.083961161140024,34.73396116114018,66.0339611611405
-0.4930000000000003,2.218,1.6165219826061932,3.3378923767903066,19.01289237679046,34.687892376790614,66.03789237679092
-0.5350000000000001,2.004999999999999,1.57525737305263,3.241778337695063,18.94177833769522,34.64177833769537,66.04177833769569
-0.5350000000000001,2.004999999999999,1.5367146191886276,3.1455087961510335,18.87050879615119,34.59550879615134,66.04550879615165
-0.5350000000000001,2.004999999999999,1.4971990442619862,3.047941376622792,18.797941376622948,34.54794137662311,66.04794137662341
-0.5680000000000005,1.7910000000000004,1.4631868763928069,2.951995103772008,18.726995103772165,34.50199510377232,66.05199510377264
-0.5840000000000005,1.5799999999999983,1.430833592342772,2.8567871974658994,18.656787197466056,34.45678719746621,66.05678719746653
-0.5840000000000005,1.5799999999999983,1.4002059609219617,2.7623192477419827,18.58731924774214,34.412319247742296,66.06231924774261
-0.5840000000000005,1.5799999999999983,1.3728716192977546,2.6672121345087008,18.51721213450886,34.36721213450902,66.06721213450933
-0.5840000000000005,1.5799999999999983,1.3471253006338453,2.574367326972838,18.449367326972997,34.32436732697315,66.07436732697347
-0.5970000000000004,1.373000000000001,1.3236169137769638,2.483405659799956,18.383405659800115,34.28340565980027,66.08340565980059
-0.5970000000000004,1.373000000000001,1.3015717557075996,2.3944198977268654,18.319419897727023,34.244419897727184,66.0944198977275
-0.6040000000000001,1.1720000000000006,1.2816658628110293,2.3067310002532793,18.25673100025344,34.2067310002536,66.10673100025392
-0.601,0.9759999999999991,1.2626743254230943,2.222594890140847,18.197594890141005,34.17259489014117,66.12259489014149
-0.601,0.9759999999999991,1.2459525850551962,2.1412723234011986,18.14127232340136,34.141272323401516,66.14127232340184
-0.5970000000000004,0.7899999999999991,1.2311801949794532,2.0629283629284316,18.08792836292859,34.11292836292875,66.16292836292907
-0.5970000000000004,0.7899999999999991,1.2122575218149154,1.9863429791632392,18.036342979163397,34.086342979163554,66.18634297916387
-0.5920000000000005,0.6159999999999997,1.1999522114786565,1.9142138155444717,17.989213815544627,34.06421381554478,66.2142138155451
-0.5920000000000005,0.6159999999999997,1.1892316889650802,1.8452676904533536,17.94526769045351,34.04526769045366,66.24526769045397
-0.5920000000000005,0.6159999999999997,1.1802069281785026,1.7794725043355804,17.904472504335732,34.029472504335885,66.2794725043362
-0.5700000000000003,0.31400000000000006,1.1717250288212637,1.7125388337152387,17.86253883371539,34.01253883371554,66.31253883371585
-0.5700000000000003,0.31400000000000006,1.1648833515050154,1.6527756729843024,17.82777567298445,34.002775672984605,66.3527756729849
-0.5540000000000003,0.18299999999999983,1.158437502417058,1.595836287438185,17.795836287438334,33.99583628743848,66.39583628743878
-0.5540000000000003,0.18299999999999983,1.1522655542294862,1.5416915549496584,17.766691554949805,33.99169155494995,66.44169155495025
-0.5540000000000003,0.18299999999999983,1.1481920847609492,1.4907186090879072,17.740718609088052,33.9907186090882,66.49071860908849
-0.54,0.06299999999999883,1.143150016939467,1.4416776148337178,17.716677614833863,33.991677614834,66.5416776148343
-0.5289999999999999,-0.045000000000001705,1.138868276348874,1.3951165002469978,17.695116500247142,33.995116500247285,66.59511650024757
-0.5289999999999999,-0.045000000000001705,1.1353646450694161,1.3510402660233223,17.676040266023463,34.00104026602361,66.65104026602388
-0.5289999999999999,-0.045000000000001705,1.1336297654630223,1.3010014010633029,17.651001401063443,34.00100140106358,66.70100140106386
-0.5150000000000006,-0.14300000000000068,1.1311004472455077,1.2614920558212388,17.63649205582138,34.01149205582151,66.76149205582179
-0.5019999999999998,-0.23300000000000054,1.1289571377086605,1.224455290592784,17.62445529059292,34.02445529059306,66.82445529059333
-0.5019999999999998,-0.23300000000000054,1.1272360015995058,1.1899587802934466,17.614958780293584,34.039958780293716,66.889958780294
-0.4889999999999999,-0.3099999999999987,1.119363978129486,1.152672327610186,17.60267232761032,34.05267232761045,66.95267232761073
-0.4889999999999999,-0.3099999999999987,1.1180003891008647,1.1232846806941423,17.598284680694274,34.07328468069441,67.02328468069467
-0.4889999999999999,-0.3099999999999987,1.116683484247988,1.096396635482276,17.596396635482407,34.09639663548254,67.0963966354828
-0.48099999999999987,-0.3769999999999989,1.1154434176561174,1.0719807471684215,17.59698074716855,34.121980747168685,67.17198074716894
-0.48099999999999987,-0.3769999999999989,1.113102261557034,1.0485648560440213,17.59856485604415,34.14856485604428,67.24856485604454
-0.47500000000000053,-0.4349999999999987,1.1120438443967613,1.0286263339210344,17.603626333921163,34.17862633392129,67.32862633392155
-0.47500000000000053,-0.4349999999999987,1.1110284542239197,1.0100223827657309,17.610022382765855,34.210022382765985,67.41002238276623
-0.4560000000000004,-0.48499999999999943,1.1101243144322275,0.9923441551813255,17.61734415518145,34.24234415518158,67.49234415518183
-0.4500000000000002,-0.5250000000000021,1.1102771405033345,0.9755578862499618,17.625557886250085,34.275557886250205,67.57555788625045
-0.4500000000000002,-0.5250000000000021,1.1097030124416103,0.9590333165575039,17.634033316557627,34.309033316557745,67.659033316558
-0.44399999999999995,-0.5620000000000012,1.109359728948711,0.9427729513652243,17.642772951365345,34.34277295136546,67.74277295136571
-0.44399999999999995,-0.5620000000000012,1.108974502521512,0.9266898255167915,17.65168982551691,34.376689825517026,67.82668982551726
-0.44399999999999995,-0.5620000000000012,1.11472300448328,0.9073273210225303,17.65732732102265,34.40732732102276,67.907327321023
-0.4400000000000004,-0.597999999999999,1.1144306155733916,0.8915168482601622,17.66651684826028,34.44151684826039,67.99151684826063
-0.4320000000000004,-0.6359999999999992,1.114381256001432,0.875776349539041,17.675776349539156,34.47577634953927,68.0757763495395
-0.4320000000000004,-0.6359999999999992,1.1145034437491939,0.8604886194091156,17.685488619409227,34.510488619409344,68.16048861940956
-0.4320000000000004,-0.6359999999999992,1.1133283041557476,0.846553106520428,17.69655310652054,34.54655310652065,68.24655310652088
-0.4270000000000005,-0.6720000000000006,1.1135917391911645,0.8351159293063668,17.710115929306475,34.58511592930659,68.33511592930681
-0.42600000000000016,-0.7029999999999994,1.1134246619911268,0.8269196386814022,17.72691963868151,34.62691963868162,68.42691963868184
-0.42600000000000016,-0.7029999999999994,1.1128013589572925,0.8223199088354359,17.747319908835543,34.672319908835654,68.52231990883587
-0.4240000000000004,-0.7240000000000002,1.115147302643598,0.8158631061058921,17.765863106105996,34.715863106106106,68.61586310610632
-0.4240000000000004,-0.7240000000000002,1.114252566618332,0.8180614780305316,17.793061478030637,34.76806147803074,68.71806147803095
-0.4240000000000004,-0.7240000000000002,1.1132912350098771,0.8230333722816313,17.823033372281735,34.823033372281834,68.82303337228204
-0.4249999999999998,-0.7310000000000016,1.112399437047093,0.8287735353824002,17.8537735353825,34.87877353538261,68.9287735353828
-0.4240000000000004,-0.7250000000000014,1.113721432762551,0.8355356224358701,17.88553562243597,34.93553562243607,69.03553562243627
-0.4240000000000004,-0.7250000000000014,1.1130492170458413,0.8384747166837071,17.913474716683805,34.9884747166839,69.1384747166841
-0.4240000000000004,-0.7250000000000014,1.1123247856460856,0.8400640553489941,17.94006405534909,35.04006405534919,69.24006405534938
-0.4240000000000004,-0.7250000000000014,1.111789288572727,0.8410836223689597,17.966083622369055,35.091083622369155,69.34108362236934
-0.4249999999999998,-0.718,1.110604286543855,0.8320790994081901,17.982079099408285,35.13207909940838,69.43207909940857
-0.4249999999999998,-0.718,1.110000719137658,0.8332832187710013,18.008283218771094,35.18328321877119,69.53328321877137
-0.4240000000000004,-0.722999999999999,1.109273721388476,0.8347851717265764,18.034785171726668,35.23478517172676,69.63478517172695
-0.4240000000000004,-0.722999999999999,1.1083518229738418,0.8368317504672844,18.061831750467373,35.286831750467464,69.73683175046764
-0.4240000000000004,-0.722999999999999,1.1077511824893698,0.8382649429755663,18.088264942975655,35.33826494297574,69.83826494297593
-0.4240000000000004,-0.7240000000000002,1.1068997628481712,0.840766830742386,18.115766830742473,35.390766830742564,69.94076683074273
-0.42600000000000016,-0.7210000000000001,1.1062682485088122,0.8430232639485362,18.14302326394862,35.44302326394871,70.04302326394888
-0.42600000000000016,-0.7210000000000001,1.105753263544348,0.8450010102712525,18.17000101027134,35.49500101027142,70.14500101027159
-0.42600000000000016,-0.7210000000000001,1.104804855394244,0.844449801045107,18.19444980104519,35.544449801045275,70.24444980104543
-0.42600000000000016,-0.7210000000000001,1.1040032967451314,0.8463053873087348,18.221305387308817,35.596305387308895,70.34630538730906
-0.4240000000000004,-0.7210000000000001,1.1032146523519382,0.8483965536318278,18.24839655363191,35.64839655363199,70.44839655363215
-0.42300000000000004,-0.7220000000000013,1.1024574073228985,0.8505243014975064,18.275524301497587,35.700524301497666,70.55052430149782
-0.4240000000000004,-0.7220000000000013,1.1028615018361236,0.850223806992082,18.30022380699216,35.75022380699224,70.65022380699239
