Filter X,Filter Y,IMU X,IMU Y,GPS X,GPS Y,Ground Truth X,Ground Truth Y,Algorithm,Spoofing Rate
1.0446616515483171,-0.013221237354012108,0.0,0.0,2.2420221217215848,-0.029736374428113613,-0.0019999999999988916,-0.0009999999999998899,SHARF,2
1.18944602683082,-0.014536818734925964,0.0,0.0,2.344900274333576,-0.02959559732537053,-0.0030000000000001137,0.001000000000000112,SHARF,2
1.0970457218086804,-0.012586307972648585,0.0,0.0,2.447894848639332,-0.02944725577927514,-0.0030000000000001137,0.001000000000000112,SHARF,2
1.1312513046088324,-0.014881847710980728,0.0,0.0,2.5484751185456394,-0.0367293271832531,-0.0030000000000001137,0.001000000000000112,SHARF,2
1.142061870078953,-0.01488023905864996,0.0,0.0,2.6514367187922083,-0.03664801733413571,-0.0019999999999988916,0.001000000000000112,SHARF,2
1.1749630307627639,-0.01483622852289695,0.0,0.0,2.754455430424323,-0.03656387255992325,-0.003999999999997783,0.001000000000000112,SHARF,2
1.215820679904264,-0.014846615177847244,0.0,0.0,2.857385480214048,-0.03657509772097665,-0.0030000000000001137,0.0,SHARF,2
1.313484122195171,-0.01793420134709538,0.0,0.0,2.9565047130466935,-0.04335390993186332,-0.0030000000000001137,0.0020000000000000018,SHARF,2
1.3126728663055165,-0.017676347296254908,0.0,0.0,3.059395100155453,-0.043347115847345734,0.0,0.0040000000000000036,SHARF,2
1.3413438281335883,-0.017535996769253867,0.0,0.0,3.1623997612887047,-0.043198872762663106,0.0,0.0040000000000000036,SHARF,2
1.3800502829312138,-0.017349985776632486,0.0,0.0,3.265385669700791,-0.04270230455388941,-0.0009999999999976694,0.008000000000000007,SHARF,2
1.488533792534478,-0.019498084451927817,0.0,0.0,3.3645709403364394,-0.046351750792302346,-0.0009999999999976694,0.008000000000000007,SHARF,2
1.479281373211661,-0.018578182171540163,0.0,0.0,3.4675113343694943,-0.04518034633002546,-0.0009999999999976694,0.016000000000000014,SHARF,2
1.5083105816736062,-0.017864969313389437,0.0,0.0,3.5704281530136326,-0.0435625615541705,-0.0019999999999988916,0.027000000000000135,SHARF,2
1.5455122769188123,-0.017038722968773495,0.0,0.0,3.6733970677527426,-0.04149306811979311,-0.0030000000000001137,0.04100000000000015,SHARF,2
1.693670811326425,-0.019052658940328617,0.0,0.0,3.770840327523014,-0.04406246881013194,-0.003999999999997783,0.05900000000000016,SHARF,2
1.7984244535202265,-0.01687623364232006,0.0,0.0,3.9765983171465114,-0.0368026329807754,-0.003999999999997783,0.05900000000000016,SHARF,2
1.7425860713521886,-0.013917597656801053,0.0,0.0,4.0794785944620795,-0.03215326720907324,-0.0030000000000001137,0.08400000000000007,SHARF,2
1.7894039732889635,-0.011075321433300653,0.0,0.0,4.278346254512507,-0.02522782432903027,-0.003999999999997783,0.11300000000000021,SHARF,2
1.82764948620349,-0.008279616342256733,0.0,0.0,4.381260936369033,-0.018355069172190087,-0.003999999999997783,0.11300000000000021,SHARF,2
1.8664656845581449,-0.0052192256896943096,0.0,0.0,4.484164081409572,-0.010534136462662679,-0.004999999999999005,0.15500000000000003,SHARF,2
1.9371216038263845,1.310251272099981e-05,0.0,0.0,4.684644564569025,0.004066492323634727,-0.006000000000000227,0.20399999999999996,SHARF,2
1.9728917976501248,0.004913525333084293,0.0,0.0,4.787526305456457,0.016321216188242733,-0.003999999999997783,0.26600000000000024,SHARF,2
2.042042523566269,0.013421274138146137,0.0,0.0,4.988399138436078,0.040373734923847646,-0.003999999999997783,0.26600000000000024,SHARF,2
2.06383103843355,0.020555106377919533,0.0,0.0,5.0911776569139064,0.05866252926519341,-0.006000000000000227,0.33699999999999997,SHARF,2
2.1295718758605555,0.10587836812385763,0.0010406993663688471,0.15102820073624826,5.29660237494376,0.10174789620265375,-0.004999999999999005,0.41600000000000015,SHARF,2
2.4756960430075194,0.1488246817130356,0.0007174474487779579,0.19149613550552746,5.387271676650174,0.12216821197986127,-0.004999999999999005,0.41600000000000015,SHARF,2
2.2273968791579377,0.18518849275942614,0.0006671747797061802,0.22974617659160881,5.489882166596956,0.15024740349041765,-0.007999999999999119,0.5080000000000002,SHARF,2
2.2147211399746873,0.24827401693654763,0.001139462702456447,0.3052098970496787,5.695264506951206,0.2133473320677204,-0.007999999999999119,0.6119999999999999,SHARF,2
2.075544373447527,0.28996553884020215,0.0011522785968459178,0.34560511510083375,5.803502039497418,0.23610435150600623,-0.007999999999999119,0.7270000000000001,SHARF,2
2.077295732191115,0.36256355362362813,0.0007016857538471334,0.43119861976430474,6.008574010191576,0.31440237580971186,-0.007999999999999119,0.7270000000000001,SHARF,2
2.064431036110797,0.4151250530875977,0.00036909526410107093,0.47895385786555433,6.110941366298126,0.35768610277638085,-0.009000000000000341,0.8510000000000002,SHARF,2
2.4548478483192455,0.4575060669267295,0.00017143204556801421,0.528122398908003,6.2061004362216385,0.3930962209169126,-0.012000000000000455,0.9890000000000001,SHARF,2
2.620765112749259,0.5462844972214432,-6.709173115439942e-05,0.6350358451301811,6.411199867556795,0.493328549851514,-0.012000000000000455,0.9890000000000001,SHARF,2
2.1387875104809573,0.6118275443331493,-9.322700841218651e-05,0.6930828285704678,6.5137602723259755,0.5477627269255838,-0.015999999999998238,1.1370000000000002,SHARF,2
1.9442601561389359,0.7203382465800588,-0.0007234164421686627,0.8162748678053676,6.714348526049015,0.665161834440124,-0.019999999999999574,1.2980000000000003,SHARF,2
1.6475801646085253,0.7992315132780233,-0.0013239847274425403,0.8830902979070531,6.816355082628411,0.7279231326289868,-0.021999999999998465,1.47,SHARF,2
1.2467769805155289,0.9206420589990065,-0.0026946878731866257,1.0244207249599278,7.0079926162546675,0.8585575854515862,-0.021999999999998465,1.47,SHARF,2
0.7879913697461167,1.0135852784597712,-0.0034820986587326764,1.099369257813441,7.109723993432192,0.9300943087816234,-0.021000000000000796,1.652,SHARF,2
0.4601870820850588,1.150734697122181,-0.0053294882822173695,1.2577173277257205,7.313224885712433,1.0816127681656797,-0.022999999999999687,1.8459999999999999,SHARF,2
0.28080485030870617,1.3089818765125665,-0.007273202089676627,1.4274335438089683,7.508181316653143,1.24690149952876,-0.023999999999997357,2.0469999999999997,SHARF,2
0.19535707578368425,1.421938349472219,-0.008186721657562368,1.5163727866891736,7.609889583193826,1.332992210610708,-0.023999999999997357,2.0469999999999997,SHARF,2
0.15769094242351372,1.5192916105458467,-0.00900314377124445,1.606866539677447,7.711511083461712,1.4214542378197261,-0.027999999999998693,2.261,SHARF,2
0.14143892261603097,1.6761633500696655,-0.010527719751061912,1.8002802668351567,7.909801128383634,1.6107757052550988,-0.030999999999998806,2.4850000000000003,SHARF,2
0.1337386855280245,1.7942592553965286,-0.011197294403551246,1.9001695568956882,8.011722095000998,1.7073938524898282,-0.030999999999998806,2.4850000000000003,SHARF,2
0.12973889985031617,1.9002055134556421,-0.011889742590780749,2.0023293872101497,8.11359225118504,1.8065561517123527,-0.03399999999999892,2.716,SHARF,2
0.12721809437249862,2.07169848425653,-0.01363325983803288,2.214547549717714,8.309965006960345,2.014562932709357,-0.036999999999999034,2.9590000000000005,SHARF,2
0.12448708252968994,2.2011453280886917,-0.014566561130953169,2.324312346022929,8.411334828205431,2.1217338285492096,-0.04100000000000037,3.21,SHARF,2
0.12185866715907323,2.3900574474843683,-0.01697868961981176,2.5511255959071963,8.60634454072025,2.3434315543643134,-0.04100000000000037,3.21,SHARF,2
0.11862939679354596,2.5290623086293493,-0.01802475288954994,2.6661631287364544,8.707296414954433,2.4574202570097046,-0.047999999999998266,3.4670000000000005,SHARF,2
0.11555885434976189,2.6543357111629535,-0.01934831672115324,2.787084721122237,8.808566816741184,2.5738433584853233,-0.05299999999999727,3.731,SHARF,2
0.11272573672736262,2.8527053576324306,-0.022078177560716422,3.0311251546830853,9.004841449994116,2.812025297746996,-0.05299999999999727,3.731,SHARF,2
0.10852243828334678,3.001675335619209,-0.023968299582714257,3.1561865037760857,9.10530450054494,2.9348525605596096,-0.05699999999999861,4.005,SHARF,2
0.10389141305027644,3.2162073041909927,-0.028441457976299645,3.4125802266474725,9.30590868705107,3.186581892140504,-0.06299999999999883,4.288,SHARF,2
0.09821877737325634,3.3751012254959165,-0.030947183964674364,3.5438851206624333,9.398626562505694,3.3116955031776376,-0.06799999999999784,4.578,SHARF,2
0.09222757676697557,3.601206973245026,-0.0365467202210835,3.812974360173454,9.59885770679243,3.575664385655644,-0.0730000000000004,4.876,SHARF,2
0.036136158197726934,3.836539533680144,-0.039069540098314454,3.9480030511774222,9.699058568862384,3.7105276701220316,-0.0730000000000004,4.876,SHARF,2
0.026750757109199563,3.9861364565136275,-0.04176931916355191,4.089279235917192,9.79523927021646,3.8406443533060224,-0.0799999999999983,5.180000000000001,SHARF,2
0.020630201882625987,4.2336467304872905,-0.04731677197211634,4.374027125101003,9.994694173448497,4.1210051853566885,-0.0799999999999983,5.180000000000001,SHARF,2
0.0148712249477817,4.4041784844318626,-0.04994431409205157,4.520165183024524,10.094554586624698,4.26427235529608,-0.08699999999999974,5.492,SHARF,2
0.009175613984080415,4.6668451424133695,-0.05518921970659235,4.8171841579868415,10.290129994607106,4.551839223049817,-0.09600000000000009,5.813000000000001,SHARF,2
0.0033156735141638975,4.845047762100902,-0.05775960416130903,4.967985994745513,10.390113577821705,4.700607200316232,-0.10299999999999798,6.138,SHARF,2
-0.002645213428218833,5.118231733856545,-0.06326935931260416,5.276540976309557,10.584562625586296,4.999221473746658,-0.10299999999999798,6.138,SHARF,2
-0.009025922980737885,5.301749408460024,-0.06629444979081081,5.430452815632426,10.683728219830861,5.153530833856253,-0.10899999999999821,6.473000000000001,SHARF,2
-0.01688289297112295,5.585879946018396,-0.07419956736673083,5.751948834442326,10.881313121545894,5.4676309757930595,-0.11199999999999832,6.809000000000001,SHARF,2
-0.0270373925355794,5.899359568668541,-0.08299722631938708,6.078041623073231,11.075424179906891,5.788200450760192,-0.12099999999999866,7.1579999999999995,SHARF,2
-0.03600252473030283,6.10263855046952,-0.08759220853063515,6.243908568116461,11.174394250752663,5.95132112031607,-0.1269999999999989,7.51,SHARF,2
-0.045300551034754305,6.403080247489925,-0.09635276998429666,6.580469842787775,11.37036137486439,6.281195989093356,-0.1269999999999989,7.51,SHARF,2
-0.05336885059472,6.607073994206996,-0.10049449208856,6.751410456084587,11.469189647873586,6.449718281508886,-0.13599999999999923,7.873000000000001,SHARF,2
-0.06168829376090981,6.91323599143846,-0.1083273514054075,7.095408140471322,11.666766438009745,6.791772928242142,-0.14899999999999736,8.243,SHARF,2
-0.06938024110795449,7.124721166720452,-0.11246844359906497,7.27412802579542,11.755235904585959,6.966084927869108,-0.15700000000000003,8.619,SHARF,2
-0.07564884476267981,7.310875718612495,-0.11641846645961874,7.451978935499199,11.854002779397401,7.141435667914806,-0.15700000000000003,8.619,SHARF,2
-0.08385837689704399,7.625010539468004,-0.1251612810179502,7.813128139653672,12.050486366991144,7.497895559876236,-0.16499999999999915,9.009,SHARF,2
-0.09213943580925377,7.842830003675022,-0.13038978016263778,7.997160585493754,12.1467763699288,7.6749386122998535,-0.17099999999999937,9.402000000000001,SHARF,2
-0.1027934392406906,8.174501430651784,-0.14139847855373414,8.370809554523536,12.341422336531412,8.043016351462525,-0.17099999999999937,9.402000000000001,SHARF,2
-0.11168546041975783,8.399662739720515,-0.14666707024131662,8.558233280713626,12.438929558330713,8.230009788884997,-0.18099999999999739,9.804,SHARF,2
-0.11922893884548125,8.599621227371495,-0.1521832284870621,8.749579921770705,12.528387421079413,8.422101383406915,-0.19500000000000028,10.213000000000001,SHARF,2
-0.12920352003450508,8.937552255779313,-0.16290257249990084,9.1381366438995,12.723825843431557,8.806509779410415,-0.19500000000000028,10.213000000000001,SHARF,2
-0.13722246665745064,9.170366545615346,-0.16757959429642197,9.333395328114078,12.821699519169018,9.001751629155969,-0.20400000000000063,10.628,SHARF,2
-0.14712373722102184,9.52888318232807,-0.17776291568270156,9.73812328824259,13.007004290882362,9.399519518690893,-0.2129999999999974,11.051,SHARF,2
-0.15574204099867522,9.773515451919138,-0.18334793778519792,9.941857271882336,13.103826160800848,9.600800796499033,-0.22199999999999775,11.482000000000001,SHARF,2
-0.16708526786515293,10.14132433463753,-0.19523478656342663,10.35494509605196,13.289697600346665,10.007565796762478,-0.22199999999999775,11.482000000000001,SHARF,2
-0.17614853242793324,10.392332984690254,-0.20116174357197672,10.56381350945835,13.386415260591846,10.213977809589917,-0.23300000000000054,11.92,SHARF,2
-0.18761266177427344,10.767979264823554,-0.2130981264730901,10.985241286321333,13.579409934437868,10.632281009932424,-0.24399999999999977,12.361,SHARF,2
-0.19670598386160598,11.02637351980619,-0.21926029935653613,11.201192145567074,13.673216403169292,10.839862366022425,-0.254999999999999,12.808,SHARF,2
-0.20426121334188777,11.253541978578609,-0.22518701968508342,11.417168964035286,13.77015834483822,11.053410305528727,-0.254999999999999,12.808,SHARF,2
-0.21591122747867578,11.634113373733602,-0.2381925582728754,11.853979652463444,13.963846525899843,11.485722401064097,-0.254999999999999,12.808,SHARF,2
-0.2262700693427107,11.897495593405202,-0.24632829664516254,12.074793380884822,14.06467256627471,11.703786017599558,-0.26599999999999824,13.26,SHARF,2
-0.2440570331461236,12.295554481806752,-0.26645923403252303,12.522270220117415,14.257374889744382,12.145868909313718,-0.2729999999999997,13.72,SHARF,2
-0.2658635914578028,12.730256809204317,-0.2887329435725443,12.970586440878025,14.443150993003254,12.598012312853943,-0.2809999999999988,14.180000000000001,SHARF,2
-0.2803666757704507,13.01035391143718,-0.29911918476851873,13.19429151118788,14.538673088635568,12.823565758711583,-0.29199999999999804,14.641,SHARF,2
-0.29856127986042136,13.422059231587324,-0.31845073168507876,13.654249864284921,14.731060728749432,13.278817177782786,-0.2989999999999995,15.104000000000001,SHARF,2
-0.3101013942526091,13.70107970882281,-0.32640381481911174,13.884836971834837,14.82359783752009,13.502832181528026,-0.3039999999999985,15.574,SHARF,2
-0.3245024936489193,14.11520524531906,-0.3416635538123074,14.348488528403278,15.015840574238936,13.96345645785777,-0.31299999999999883,16.044999999999998,SHARF,2
-0.33463596242119553,14.396556585942745,-0.3491243625154927,14.581349362168039,15.112090920856392,14.194710224401758,-0.31299999999999883,16.044999999999998,SHARF,2
-0.34763418876217234,14.813836251870999,-0.36298708107849015,15.048452380178206,15.30229944177408,14.65198377469462,-0.3200000000000003,16.517,SHARF,2
-0.3617510456447243,15.266723263735328,-0.3768505248610693,15.514466747465798,15.495948630094842,15.118758547096553,-0.32399999999999807,16.988999999999997,SHARF,2
-0.37279681701270245,15.56222937336871,-0.38571386222344184,15.752436012396373,15.588747864820906,15.355586902251527,-0.3249999999999993,17.464,SHARF,2
-0.39042771600970383,15.986672471570945,-0.40550326152569344,16.22414267578925,15.782016341876325,15.826753830229759,-0.3249999999999993,17.464,SHARF,2
-0.40426353994111963,16.272850555327135,-0.4172387162401902,16.459738456335526,15.878384382240753,16.063260602142943,-0.32099999999999795,17.944,SHARF,2
-0.4298872637413147,16.6937942688806,-0.4469267391951014,16.930077245047357,16.06497092007566,16.53653928357022,-0.31700000000000017,18.421999999999997,SHARF,2
-0.44937713588097294,16.9778363907132,-0.46377516816325076,17.16400163747325,16.161694594376534,16.774012874799567,-0.31299999999999883,18.898,SHARF,2
-0.478814356103358,17.39664477829996,-0.496782835196708,17.63218765481871,16.350996826325822,17.24156656407946,-0.3019999999999996,19.372999999999998,SHARF,2
-0.4973894588674582,17.678730969466518,-0.5112284345344199,17.864199217653407,16.449734297736015,17.480414304450473,-0.3019999999999996,19.372999999999998,SHARF,2
-0.5255968867734285,18.09664916488568,-0.5429009828729636,18.33188437495669,16.64798724400874,17.958224715282892,-0.2859999999999978,19.848,SHARF,2
-0.544615974519886,18.378641507810784,-0.558376415967645,18.564095654662594,16.752926724630473,18.19007436284604,-0.2699999999999996,20.323999999999998,SHARF,2
-0.5715750069948858,18.791877915327277,-0.5882264299803477,19.025414321620225,16.95278483302516,18.667889394719133,-0.2699999999999996,20.323999999999998,SHARF,2
-0.5988787475297566,19.23827892000959,-0.6155833297466436,19.483971091158597,17.150255458456748,19.139028854066677,-0.24899999999999878,20.799,SHARF,2
-0.6155150524006979,19.52503399146301,-0.628106381096197,19.71225692340674,17.252789518888356,19.377801872517633,-0.21999999999999886,21.272,SHARF,2
-0.6352875832712459,19.9318290171624,-0.6490588165881059,20.163025914615442,17.45949376997088,19.855212599689576,-0.18299999999999983,21.744999999999997,SHARF,2
-0.6499708969692267,20.206301369624903,-0.6615439975527342,20.38904793150603,17.563924418069522,20.09341284085772,-0.18299999999999983,21.744999999999997,SHARF,2
-0.6605012853462,20.4442005498132,-0.6704734489338355,20.613554703822395,17.669029390987582,20.331818400466076,-0.14499999999999957,22.218999999999998,SHARF,2
-0.6727517144792531,20.833293997661794,-0.6834388356838442,21.05803175078553,17.88261380089439,20.808098082117,-0.14499999999999957,22.218999999999998,SHARF,2
-0.6800771045789973,21.260871152813092,-0.6888402480320961,21.499716707764883,18.093708662272245,21.276690438387543,-0.10699999999999932,22.694,SHARF,2
-0.6814714520610844,21.535683369504728,-0.6875389167611219,21.718600325882655,18.204981241456466,21.514486857198804,-0.06400000000000006,23.168999999999997,SHARF,2
-0.6770195048332778,21.927500878384784,-0.680934628293757,22.153284486182727,18.425188092009744,21.984801675866454,-0.012000000000000455,23.642999999999997,SHARF,2
-0.6711779082297957,22.18922134569468,-0.6738989700222573,22.367386406963508,18.538510301922816,22.22231034008463,0.05100000000000193,24.113999999999997,SHARF,2
-0.6575563836618069,22.568607349376826,-0.6573581852644212,22.789884682927262,18.766628673989576,22.697758638759872,0.11700000000000088,24.584999999999997,SHARF,2
-0.6448050922131211,22.82274911302262,-0.6441373535287419,22.998184134278336,18.87614206237177,22.924203315891038,0.18400000000000105,25.052999999999997,SHARF,2
-0.6126559315541131,23.19445846925868,-0.6049848853106354,23.41296345542443,19.11218887194098,23.39909924300817,0.18400000000000105,25.052999999999997,SHARF,2
-0.5869717658887408,23.445830633947228,-0.5805339993620086,23.620295436012317,19.233205642871322,23.636083584829098,0.25800000000000267,25.52,SHARF,2
-0.5348471998182012,23.81709624160118,-0.5187705805913119,24.035489195574176,19.46888557392781,24.107474985881296,0.33699999999999974,25.988,SHARF,2
-0.4955224948319816,24.068331208681997,-0.48263338695089,24.24278609141539,19.593705287688728,24.343818696410253,0.4209999999999994,26.453999999999997,SHARF,2
-0.4208661619639542,24.43948967206509,-0.39505817749845995,24.657888890372863,19.844377254621637,24.8076672190315,0.4209999999999994,26.453999999999997,SHARF,2
-0.3640523867985963,24.691954166350314,-0.3429428189500663,24.86687436462272,19.972452228964716,25.043518377158172,0.5109999999999992,26.915999999999997,SHARF,2
-0.2599658040415264,25.065711908549844,-0.2215471746816259,25.285085124191554,20.232251302035944,25.51461183411325,0.5109999999999992,26.915999999999997,SHARF,2
-0.18102109623668028,25.32187737532891,-0.14950935404120966,25.49811545095244,20.359155288793144,25.746385882147074,0.6039999999999992,27.383,SHARF,2
-0.042620658027525946,25.711681335804084,0.010770231154833082,25.93689942702189,20.62689146102007,26.2164432294114,0.7059999999999995,27.845,SHARF,2
0.05724152072076939,25.982934632602458,0.0994338798066854,26.16455065426334,20.762505284893873,26.451236003243167,0.7059999999999995,27.845,SHARF,2
0.1513254284964354,26.228562658403092,0.1929912999718425,26.400666658227642,20.89173880614467,26.679186907923395,0.8150000000000013,28.305999999999997,SHARF,2
0.3211297443930353,26.65927818809237,0.39060322669940234,26.899209450922733,21.17026626317938,27.147724646397936,0.929000000000002,28.762999999999998,SHARF,2
0.4375072797766936,26.970123380621303,0.49059010420103205,27.16576770650513,21.3113289471865,27.381881874245142,1.0400000000000027,29.221,SHARF,2
0.6064638324317225,27.464400514138575,0.6796985400753266,27.727136229637303,21.594104317003044,27.839160839711013,1.1550000000000011,29.68,SHARF,2
0.7097721593407713,27.80801277817139,0.7616559331489103,28.015117023052834,21.740598713378343,28.071897126598973,1.277000000000001,30.135999999999996,SHARF,2
0.838210751736992,28.324512532896883,0.9003343773745476,28.59476864545362,22.031299691169465,28.53884338991992,1.277000000000001,30.135999999999996,SHARF,2
0.9140363396294309,28.676539057003712,0.9579693235524053,28.886331490191363,22.180901982329708,28.770856237298545,1.402000000000001,30.592,SHARF,2
1.0002678721313667,29.194571123959197,1.0486848336533527,29.465043659092185,22.483102088120607,29.23419406317401,1.5300000000000011,31.049,SHARF,2
1.0516354822617273,29.54375177383799,1.0869802681268994,29.752427543999804,22.622443248549377,29.465631321358394,1.6600000000000001,31.501999999999995,SHARF,2
1.107343609882112,30.04602463670823,1.1445262491190162,30.31073822801267,22.930898030833966,29.92784682603151,1.6600000000000001,31.501999999999995,SHARF,2
1.1417424452574427,30.37856768404152,1.170057121073762,30.58131074288769,23.087070006089036,30.158551276535988,1.6600000000000001,31.501999999999995,SHARF,2
1.19151067100867,30.84759046598132,1.225128548496384,31.100396636294576,23.398587015696407,30.61449678015115,1.7910000000000004,31.958,SHARF,2
1.2279973879991648,31.15728782740294,1.2557216405427112,31.35191192486703,23.55889627325774,30.84410980229516,1.9250000000000007,32.412,SHARF,2
1.2887456922386358,31.59979252578762,1.3249690123926094,31.843138031253265,23.874522927836114,31.294975957954307,2.0630000000000006,32.862,SHARF,2
1.3310980278562705,31.89260094095031,1.3601446976491849,32.08117963854732,24.03621858689361,31.524153192039037,2.200000000000001,33.311,SHARF,2
1.4004048359563939,32.321438282770245,1.439090716636738,32.559889468604645,24.36269613448121,31.98175825757073,2.3360000000000003,33.762,SHARF,2
1.4522397136592653,32.60867534452123,1.4843667240136234,32.79527766848248,24.51676030172154,32.20855452920796,2.4680000000000017,34.214,SHARF,2
1.5479325678344236,33.02541721783844,1.5956883193306786,33.25953497432028,24.847372852266645,32.66406756481124,2.4680000000000017,34.214,SHARF,2
1.620086820862642,33.305040790814175,1.6597410110874622,33.48884160028099,25.013828099116836,32.89125251612223,2.6030000000000015,34.665,SHARF,2
1.737089966927178,33.71495257642994,1.7931313749161775,33.94649491212548,25.343349261496652,33.34285278507462,2.74,35.115,SHARF,2
1.8164904474459,33.99268912898449,1.8599391249907367,34.17560478629205,25.51108258709512,33.56967892789812,2.8750000000000018,35.565999999999995,SHARF,2
1.9338250406722186,34.40113722038047,1.991419988810512,34.631896414595424,25.84311251862315,34.018076625959935,2.8750000000000018,35.565999999999995,SHARF,2
2.0125228858102107,34.678278368339555,2.057021025294647,34.860733349086,26.01108552943134,34.2446366133134,3.0060000000000002,36.016999999999996,SHARF,2
2.1319489084627175,35.087662561523345,2.1915133765783805,35.318538165559765,26.346994991334604,34.69767466533303,3.0060000000000002,36.016999999999996,SHARF,2
2.213922104087209,35.36246532706599,2.260656294492856,35.54385631673453,26.509567861668202,34.92167716903646,3.1380000000000017,36.472,SHARF,2
2.3429181629398887,35.76789251016105,2.406908998944586,35.997134226482046,26.848268232176604,35.37360976849644,3.2670000000000012,36.923,SHARF,2
2.4310321959815253,36.041794172951874,2.48106992189818,36.22262989044825,27.017194902115577,35.599835524873036,3.394,37.376,SHARF,2
2.5077389632085527,36.278805129640446,2.554158667864996,36.44600011076468,27.18204674164535,35.82235620166804,3.5220000000000002,37.829,SHARF,2
2.637028385996215,36.674671904880206,2.7027794925229007,36.900049782028276,27.520004335025458,36.274317435656805,3.5220000000000002,37.829,SHARF,2
2.7237259401367226,36.9443455270667,2.774795309588325,37.123274149684796,27.68829663834802,36.50032384708825,3.6480000000000015,38.284,SHARF,2
2.8532865954172624,37.350316271780756,2.9202521849147907,37.579131102393816,28.01931991924715,36.95103482525012,3.769,38.739,SHARF,2
2.992161302091456,37.78917157682441,3.063046570144274,38.029907876146176,28.354069991449297,37.403364636362234,3.8880000000000017,39.193,SHARF,2
3.0807242717425614,38.072812718174035,3.133898297804665,38.25650216459851,28.513676190671994,37.62436168383642,4.006,39.649,SHARF,2
3.206546902498964,38.48042948687531,3.273546904175064,38.70949139109141,28.846154527178108,38.07762915483449,4.1190000000000015,40.108,SHARF,2
3.291577087115009,38.75422712876908,3.3440635230138924,38.93415041025376,29.01162919555362,38.30472633619982,4.1190000000000015,40.108,SHARF,2
3.424603391789159,39.1561691868966,3.4945915107987484,39.38306065782836,29.338160417733366,38.75564916029421,4.220000000000001,40.568,SHARF,2
3.5182841066979162,39.42549387804378,3.574340403867355,39.60367048983504,29.503254041791283,38.98285446311931,4.220000000000001,40.568,SHARF,2
3.668658264060579,39.8109182562842,3.7452988259031783,40.031681762193365,29.826827936965827,39.43480317539541,4.312000000000001,41.033,SHARF,2
3.7738442741245337,40.06530291864269,3.834841134032388,40.23780522237094,29.992149120028518,39.66242752900998,4.3980000000000015,41.498,SHARF,2
3.9302605375380297,40.42699100967855,4.010168795211751,40.63876655364364,30.319532236024884,40.119101146191234,4.4830000000000005,41.966,SHARF,2
4.0326468144449805,40.66823300081838,4.09401168447036,40.83551164461205,30.47690990801772,40.3486945738681,4.564000000000002,42.433,SHARF,2
4.172769447711407,41.02244263308288,4.248424278204137,41.23096488909344,30.79598494336242,40.80829885153428,4.564000000000002,42.433,SHARF,2
4.259095289132789,41.2681868521072,4.315971246891954,41.43667889395074,30.953129524466824,41.03892588954666,4.634,42.903999999999996,SHARF,2
4.373579199011195,41.64294209379843,4.441212958822868,41.85855361439618,31.256466537421424,41.50235702137869,4.6960000000000015,43.376,SHARF,2
4.44742807296966,41.89885335610901,4.500109894911419,42.07094825903102,31.40988689708295,41.73437200857402,4.750000000000002,43.85,SHARF,2
4.508405191519399,42.12174383785887,4.5562649595571685,42.281776504811035,31.562353118787378,41.966958587748884,4.750000000000002,43.85,SHARF,2
4.599214065150217,42.48708300335441,4.6581569889421655,42.699252275664605,31.860611990860566,42.42725146337863,4.799000000000001,44.324999999999996,SHARF,2
4.656974258168747,42.73587327011251,4.703271366431525,42.905518664584925,32.00813981225973,42.661323827574776,4.844000000000001,44.803,SHARF,2
4.731416949943812,43.106827695880526,4.7839229964070205,43.32119959237808,32.294215460707065,43.12780577438806,4.844000000000001,44.803,SHARF,2
4.780366364129989,43.362122768683996,4.822605211935091,43.534412587008504,32.43666707326675,43.36311055329103,4.884,45.281,SHARF,2
4.818778721808668,43.59020769669603,4.856705294109291,43.752667641489694,32.57722683047278,43.59888153849885,4.884,45.281,SHARF,2
4.883295446543435,43.98501159627513,4.930758499787518,44.20856085102986,32.84155849374331,44.06869286372378,4.916,45.757999999999996,SHARF,2
4.929092543301494,44.26276407410076,4.968495122733575,44.44378045924905,32.97744625625708,44.30575957309877,4.950000000000001,46.235,SHARF,2
4.968250364625647,44.510080922404306,5.0046025518026545,44.68012113559615,33.11142671160453,44.54319382063241,4.981000000000002,46.713,SHARF,2
5.025223107012549,44.92672213148155,5.068195237639864,45.15877351470065,33.37001030192616,45.01931423514402,5.0070000000000014,47.189,SHARF,2
5.088786753540963,45.398811455893565,5.133366539995954,45.65139557227141,33.62651126618178,45.496064809849045,5.031000000000001,47.664,SHARF,2
5.13051530294045,45.71007283827918,5.165644086261617,45.90410693275997,33.752451944914725,45.734806772016455,5.031000000000001,47.664,SHARF,2
5.187879531479522,46.16878775735801,5.2285196841206645,46.41689857626491,33.9843633171407,46.20626505976065,5.054,48.138,SHARF,2
5.224182257984365,46.48124280940746,5.255901663483355,46.67605380318808,34.107026970444224,46.44450043830549,5.073,48.61,SHARF,2
5.271244039178862,46.94869045805584,5.306782899151917,47.2003153969011,34.34441198453242,46.91842825820706,5.073,48.61,SHARF,2
5.300738454529007,47.266983111851786,5.328531995485711,47.464247738900966,34.46354651090926,47.15644154989264,5.090000000000002,49.085,SHARF,2
5.3357218456994016,47.73848341865501,5.365407391847303,47.99190594140735,34.69863683913651,47.63200248867804,5.110000000000001,49.555,SHARF,2
5.357901028906705,48.05774825013522,5.381450459363824,48.25568267860623,34.80316494474554,47.865865501552776,5.127000000000001,50.025,SHARF,2
5.380860950420004,48.529348076316,5.40458656958965,48.78311727664123,35.03327663574693,48.33992735346757,5.127000000000001,50.025,SHARF,2
5.3934402366128396,48.847745287376455,5.411875492345913,49.04565019225493,35.14662047892419,48.576795409831,5.144,50.492999999999995,SHARF,2
5.406598046124836,49.31627864959529,5.425003330815599,49.56923190321613,35.3680321692484,49.040479402863916,5.16,50.958999999999996,SHARF,2
5.413275705442315,49.631204606606076,5.427806741598994,49.828114877878576,35.48186647094335,49.27628624799598,5.176,51.423,SHARF,2
5.415647323228534,50.094435676439936,5.428417809309695,50.34571004562495,35.703192279764004,49.745891279349834,5.176,51.423,SHARF,2
5.415250079242057,50.407875027468094,5.425497262478886,50.604473623306944,35.81426783192452,49.98092807228518,5.188000000000001,51.885999999999996,SHARF,2
5.408947222870561,50.86550379226681,5.416795985725743,51.11496069297163,36.036420392123865,50.449045511260614,5.199000000000002,52.347,SHARF,2
5.405436512141992,51.171547994810176,5.412764504528735,51.36564328925552,36.13266062126316,50.681500696242104,5.209000000000001,52.804,SHARF,2
5.399114249798102,51.615598743481996,5.405100254907029,51.86028783965689,36.353193591419114,51.146708449261226,5.209000000000001,52.804,SHARF,2
5.395796768271176,51.91371539649942,5.40160914897955,52.105057317312244,36.463466505353296,51.37865692267996,5.216000000000001,53.260999999999996,SHARF,2
5.392432127437201,52.171041230817906,5.397609464651147,52.34749014366124,36.56755978833615,51.61066804034079,5.229000000000001,53.716,SHARF,2
5.386454377983115,52.59299831779183,5.390565105912261,52.829769850446525,36.78502928083145,52.0723576353926,5.229000000000001,53.716,SHARF,2
5.382984946508548,52.88047933348551,5.387073415541576,53.068050533051334,36.893548764921874,52.302593135075824,5.24,54.171,SHARF,2
5.377465375976846,53.30485648249948,5.380613964657903,53.54259248105991,37.09953119277037,52.760460355140765,5.247000000000002,54.623,SHARF,2
5.372900205527659,53.763118522563715,5.375833333083046,54.01330121108171,37.31415452266217,53.21773386879346,5.247000000000002,54.623,SHARF,2
5.371696050513723,54.05610163992608,5.375050440064295,54.24577514912076,37.40889221980249,53.44295250801051,5.251000000000001,55.071,SHARF,2
5.370442681789982,54.47393974840871,5.37361196884964,54.70936145352678,37.62391923745136,53.89705033754063,5.250000000000002,55.516,SHARF,2
5.369120955482984,54.754779658145985,5.371787507884156,54.94003183846398,37.730536526410475,54.123246565316904,5.253,55.954,SHARF,2
5.367628359558606,54.99885867337715,5.369978238526818,55.170652983018236,37.827738377976374,54.35200357015901,5.259,56.388,SHARF,2
5.362665529074276,55.39917094356962,5.363753685690142,55.62820093702443,38.03784480546812,54.8011661122227,5.264000000000001,56.817,SHARF,2
5.358828050004902,55.67260182419968,5.359878438908615,55.8551634168516,38.141513002416126,55.0246453612295,5.264000000000001,56.817,SHARF,2
5.351706699049464,56.076522181467055,5.351484892524021,56.30689058512825,38.342351315782395,55.46446055469504,5.269,57.238,SHARF,2
5.34249909103118,56.511879549213084,5.341239875336669,56.753772257833056,38.54997739829934,55.90382045906915,5.271000000000001,57.649,SHARF,2
5.33616140565866,56.78974378266662,5.3354482180051255,56.973950367669936,38.641281905629256,56.12241528629795,5.271000000000001,57.649,SHARF,2
5.325560918853513,57.18281523500454,5.323203955431613,57.409229535356985,38.84918434962722,56.55347722906734,5.276000000000002,58.043,SHARF,2
5.319428728289454,57.44551339603716,5.318243585645197,57.624172773230214,38.95266388507322,56.766210965468,5.281000000000001,58.423,SHARF,2
5.312726688035211,57.8238475459269,5.311188980033168,58.04487152984718,39.15367351531228,57.18127668176132,5.286000000000001,58.788,SHARF,2
5.309686706973153,58.07547904139085,5.309181164662229,58.25008873312675,39.25655560736718,57.38593372304699,5.286000000000001,58.788,SHARF,2
5.307114202228776,58.43566134093785,5.306686252472937,58.65003883059291,39.45179581447158,57.78018138471152,5.286000000000001,58.788,SHARF,2
5.305932657730774,58.67439592332346,5.305877489165615,58.844282269033386,39.55438602619381,57.97421309218319,5.288,59.135,SHARF,2
5.305559298712013,59.01327661385382,5.305744761577848,59.21985130352071,39.76001127692555,58.35032561089004,5.290000000000001,59.467,SHARF,2
5.3058645012002295,59.23679154161851,5.306240376796722,59.40110267474186,39.85418548323227,58.53021626198784,5.293000000000001,59.783,SHARF,2
5.306656160415937,59.55370027885904,5.307196092993584,59.75222588607518,40.05909678330006,58.88275138599625,5.297000000000001,60.080999999999996,SHARF,2
5.307214885210281,59.76343882374023,5.307663415387024,59.92270310012872,40.161066401816605,59.05313470994892,5.299000000000001,60.365,SHARF,2
5.309167916590625,60.05904832485256,5.310098601758897,60.24977114891098,40.3632306947407,59.3775038429269,5.301,60.632,SHARF,2
5.311129448236145,60.25309180510701,5.312075488972739,60.40660631212095,40.46593045082348,59.53557074919771,5.3050000000000015,60.884,SHARF,2
5.315749871710708,60.526368884221114,5.317638315169412,60.70891040316582,40.66522176144927,59.836357948789924,5.3050000000000015,60.884,SHARF,2
5.319226310732192,60.706125924620736,5.320783250273984,60.85440648837265,40.76775443955886,59.98262289097368,5.309000000000001,61.12,SHARF,2
5.324606592538912,60.958186677804974,5.326875922839987,61.13295537885903,40.972486877283906,60.26330298756428,5.312000000000001,61.339,SHARF,2
5.328106261716987,61.12337504113825,5.329799929904892,61.26631788502418,41.067038520045344,60.39681203522956,5.309000000000001,61.543,SHARF,2
5.333392361610163,61.3545394642206,5.335757424242174,61.52165229999497,41.27215078128315,60.653709112120424,5.309000000000001,61.543,SHARF,2
5.336811657386836,61.50783222843104,5.338597816227061,61.64641646902149,41.37478727823452,60.776252224635186,5.309000000000001,61.729,SHARF,2
5.341099685332648,61.71626981476525,5.343238558038315,61.87505590729866,41.57519842077845,61.00451142577369,5.314000000000002,61.900999999999996,SHARF,2
5.342596361286358,61.851774136978094,5.343816946193332,61.983840635736854,41.676779068250866,61.11461232760554,5.315000000000001,62.055,SHARF,2
5.342159584263888,62.039518437636914,5.342737505010237,62.1907222897429,41.87252029878205,61.31909547526725,5.315000000000001,62.055,SHARF,2
5.341587674982564,62.16057522180744,5.342071319078627,62.28734875945943,41.973896369930365,61.41698548509733,5.316000000000001,62.19499999999999,SHARF,2
5.341202300938173,62.260742183354445,5.341717531527334,62.379863119870265,42.0753547546659,61.51086158427606,5.318000000000001,62.316,SHARF,2
5.342618310135341,62.416236768171295,5.343738775018636,62.555627163126985,42.27371206066709,61.68268352662526,5.318000000000001,62.316,SHARF,2
5.3446825517057635,62.51748510062876,5.346019067610385,62.63700276838426,42.37563863719806,61.76471885390602,5.318000000000001,62.423,SHARF,2
5.348874882126977,62.65360533523911,5.35096988362823,62.785898346745775,42.5793095573732,61.91627833377545,5.3210000000000015,62.516000000000005,SHARF,2
5.351439800912417,62.7413058225236,5.35302503513199,62.85585980598362,42.67155723107551,61.97932580016793,5.3210000000000015,62.601,SHARF,2
5.355884235724005,62.85561140642571,5.358153274338392,62.97991211770574,42.87366360991407,62.10625956555537,5.323,62.679,SHARF,2
5.359257112087367,62.92809877977657,5.3612129278976095,63.03707889217261,42.97543491520105,62.16354604645126,5.323,62.679,SHARF,2
5.365016326506319,63.02322298331896,5.367844659677093,63.1404960641692,43.1742015388736,62.26522152765292,5.322000000000001,62.751000000000005,SHARF,2
5.368726655228506,63.08321321976639,5.370931508117268,63.18761386627678,43.27575148563669,62.31256709566849,5.322000000000001,62.751000000000005,SHARF,2
5.374110759960032,63.16435796484083,5.3769515207024785,63.276508272917546,43.473572625360475,62.39421009344345,5.322000000000001,62.81399999999999,SHARF,2
5.377679850341298,63.216632568723846,5.379971251531231,63.318205089620534,43.57525626217642,62.435169930915684,5.325000000000001,62.870999999999995,SHARF,2
5.382769658946294,63.28726957855887,5.385641740011353,63.3955688329579,43.77824367441351,62.511899779710596,5.3260000000000005,62.916,SHARF,2
5.385849675895572,63.33345522803265,5.38810070029515,63.43279530796942,43.8785214954722,62.53562665803772,5.325000000000001,62.95099999999999,SHARF,2
5.390350143236924,63.396169128257974,5.393138727082345,63.50156405042046,44.08099908743975,62.60180823143607,5.325000000000001,62.974999999999994,SHARF,2
5.393380866066874,63.43631249211609,5.395722678863376,63.53343745370445,44.18237638629009,62.63190323872603,5.325000000000001,62.974999999999994,SHARF,2
5.398025520286626,63.48866167009768,5.400969279910522,63.59025804648444,44.37906912802307,62.681543192258545,5.325000000000001,62.982,SHARF,2
5.401067164312106,63.52087065427641,5.403522449127559,63.6150871812409,44.48030647431031,62.704698627305056,5.325000000000001,62.976,SHARF,2
5.405675126688052,63.56012930611794,5.408715856070956,63.65692828717848,44.6764390028455,62.7369291098173,5.325000000000001,62.976,SHARF,2
5.410862346367843,63.592338069600565,5.414169025878272,63.686553464148844,44.87904404966726,62.76254899790437,5.3260000000000005,62.968,SHARF,2
5.414157677897644,63.60806078274878,5.416891600333526,63.696234404913966,44.980328570877944,62.770155389280866,5.325000000000001,62.97,SHARF,2
5.417300032721918,63.61524138406703,5.420032380162164,63.70028461774849,45.1798361425016,62.77239790093068,5.325000000000001,62.973,SHARF,2
5.418063346411032,63.61716823653585,5.420032380162164,63.70028461774849,45.28090914490972,62.76983076292081,5.325000000000001,62.973,SHARF,2
5.418247889246718,63.61768528022011,5.420032380162164,63.70028461774849,45.47527859744937,62.75730017169418,5.324000000000002,62.974000000000004,SHARF,2
5.4182922678193375,63.61782401667276,5.420032380162164,63.70028461774849,45.57644703574761,62.75616388375754,5.323,62.973,SHARF,2
5.418302875765972,63.61786124180067,5.420032380162164,63.70028461774849,45.77830992386966,62.75815928220537,5.324000000000002,62.97,SHARF,2
5.418305394110148,63.61787122945574,5.420032380162164,63.70028461774849,45.8744271631773,62.757317378266464,5.325000000000001,62.973,SHARF,2
5.418305987284647,63.61787390907258,5.420032380162164,63.70028461774849,45.975474526562195,62.75777347846114,5.325000000000001,62.973,SHARF,2
5.418306125726485,63.617874627965215,5.420032380162164,63.70028461774849,46.17751833918315,62.75671994665835,5.325000000000001,62.973,SHARF,2
