Filter X,Filter Y,IMU X,IMU Y,GPS X,GPS Y,Ground Truth X,Ground Truth Y,Algorithm,Spoofing Rate
1.92354494460765,-0.02378970164311037,0.0,0.0,2.2420221217215848,-0.029736374428113613,-0.0019999999999988916,-0.0009999999999998899,CI,2
2.293794092648998,-0.028069265044451785,0.0,0.0,2.344900274333576,-0.02959559732537053,-0.0030000000000001137,0.001000000000000112,CI,2
2.4668532545302817,-0.02907676015810848,0.0,0.0,2.447894848639332,-0.02944725577927514,-0.0030000000000001137,0.001000000000000112,CI,2
2.586887514846196,-0.03468731523515103,0.0,0.0,2.5484751185456394,-0.0367293271832531,-0.0030000000000001137,0.001000000000000112,CI,2
2.6944289244194817,-0.03611257080051584,0.0,0.0,2.6514367187922083,-0.03664801733413571,-0.0030000000000001137,0.001000000000000112,CI,2
2.7986599089695363,-0.03642607991710977,0.0,0.0,2.754455430424323,-0.03656387255992325,-0.0030000000000001137,0.001000000000000112,CI,2
2.901938573777361,-0.03651642989143853,0.0,0.0,2.857385480214048,-0.03657509772097665,-0.0030000000000001137,0.001000000000000112,CI,2
3.002172334254275,-0.041530623652542294,0.0,0.0,2.9565047130466935,-0.04335390993186332,-0.0030000000000001137,0.001000000000000112,CI,2
3.1043508654741165,-0.04282757236329788,0.0,0.0,3.059395100155453,-0.043347115847345734,-0.0019999999999988916,0.001000000000000112,CI,2
3.207134157035714,-0.04305314930919442,0.0,0.0,3.1623997612887047,-0.043198872762663106,-0.003999999999997783,0.001000000000000112,CI,2
3.3100657698747153,-0.04274433765507137,0.0,0.0,3.265385669700791,-0.04270230455388941,-0.003999999999997783,0.001000000000000112,CI,2
3.410254891308218,-0.04535954196555525,0.0,0.0,3.3645709403364394,-0.046351750792302346,-0.0030000000000001137,0.0,CI,2
3.512458047630173,-0.045161197617919355,0.0,0.0,3.4675113343694943,-0.04518034633002546,-0.0030000000000001137,0.0,CI,2
3.615183630251702,-0.043913770789144865,0.0,0.0,3.5704281530136326,-0.0435625615541705,-0.0030000000000001137,0.0020000000000000018,CI,2
3.71808734696325,-0.042065811340905035,0.0,0.0,3.6733970677527426,-0.04149306811979311,-0.0030000000000001137,0.0020000000000000018,CI,2
3.8169937745232128,-0.04350033274627971,0.0,0.0,3.770840327523014,-0.04406246881013194,0.0,0.0040000000000000036,CI,2
3.9188118910267664,-0.04139117288647704,0.0,0.0,3.8737242563737544,-0.04072748591777772,0.0,0.0040000000000000036,CI,2
4.021403018110361,-0.03795275709113264,0.0,0.0,3.9765983171465114,-0.0368026329807754,-0.0009999999999976694,0.008000000000000007,CI,2
4.124205843283354,-0.03364514851132055,0.0,0.0,4.0794785944620795,-0.03215326720907324,-0.0009999999999976694,0.008000000000000007,CI,2
4.222012184614362,-0.03198274468311176,0.0,0.0,4.17545607594224,-0.03136133986392883,-0.0009999999999976694,0.016000000000000014,CI,2
4.3235401806613165,-0.027019246873913598,0.0,0.0,4.278346254512507,-0.02522782432903027,-0.0009999999999976694,0.016000000000000014,CI,2
4.4260833181717,-0.020686356870905063,0.0,0.0,4.381260936369033,-0.018355069172190087,-0.0019999999999988916,0.027000000000000135,CI,2
4.5288899875815,-0.013312083216506855,0.0,0.0,4.484164081409572,-0.010534136462662679,-0.0019999999999988916,0.027000000000000135,CI,2
4.627849427479028,-0.008486344188485605,0.0,0.0,4.5817156869862234,-0.00648794443105493,-0.0030000000000001137,0.04100000000000015,CI,2
4.729714816808199,0.0005409342256689926,0.0,0.0,4.684644564569025,0.004066492323634727,-0.0030000000000001137,0.04100000000000015,CI,2
4.832324078025514,0.011866601148822233,0.0,0.0,4.787526305456457,0.016321216188242733,-0.003999999999997783,0.05900000000000016,CI,2
4.935149432606487,0.02510307116601327,0.0,0.0,4.890431283536141,0.030390607451966405,-0.003999999999997783,0.05900000000000016,CI,2
5.034417404824986,0.035766359850747,0.0,0.0,4.988399138436078,0.040373734923847646,-0.003999999999997783,0.05900000000000016,CI,2
5.136255172567703,0.05196842873394728,0.0,0.0,5.0911776569139064,0.05866252926519341,-0.0030000000000001137,0.08400000000000007,CI,2
5.238746616862159,0.07095444648034073,0.0011043236015598479,0.09960842921660747,5.193910349812646,0.07887328284480419,-0.003999999999997783,0.11300000000000021,CI,2
5.341382518780062,0.09259699330699081,0.0010406993663688471,0.15102820073624826,5.29660237494376,0.10174789620265375,-0.003999999999997783,0.11300000000000021,CI,2
5.435253060805656,0.1130528526648305,0.0007174474487779579,0.19149613550552746,5.387271676650174,0.12216821197986127,-0.004999999999999005,0.15500000000000003,CI,2
5.535518536273634,0.13891588340292932,0.0006671747797061802,0.22974617659160881,5.489882166596956,0.15024740349041765,-0.004999999999999005,0.15500000000000003,CI,2
5.637604297910943,0.16756398869617273,0.0008451786605626607,0.2669601098143687,5.592643729051668,0.1803080118261318,-0.006000000000000227,0.20399999999999996,CI,2
5.740072081304056,0.1990972682139665,0.001139462702456447,0.3052098970496787,5.695264506951206,0.2133473320677204,-0.006000000000000227,0.20399999999999996,CI,2
5.846742983950779,0.22367395421740222,0.0011522785968459178,0.34560511510083375,5.803502039497418,0.23610435150600623,-0.003999999999997783,0.26600000000000024,CI,2
5.950371192904816,0.25789389623119213,0.0009939632858606414,0.3878683552410336,5.906026429973472,0.2741249691997727,-0.003999999999997783,0.26600000000000024,CI,2
6.053188963414253,0.2961393399175192,0.0007016857538471334,0.43119861976430474,6.008574010191576,0.31440237580971186,-0.006000000000000227,0.33699999999999997,CI,2
6.155650491364168,0.3375906632075021,0.00036909526410107093,0.47895385786555433,6.110941366298126,0.35768610277638085,-0.006000000000000227,0.33699999999999997,CI,2
6.252720754919591,0.3739401640822896,0.00017143204556801421,0.528122398908003,6.2061004362216385,0.3930962209169126,-0.004999999999999005,0.41600000000000015,CI,2
6.353696125446229,0.4190402414529129,5.146976503188827e-05,0.5805190339278293,6.308541846050528,0.4419267222883348,-0.004999999999999005,0.41600000000000015,CI,2
6.455855374940895,0.46816544855471215,-6.709173115439942e-05,0.6350358451301811,6.411199867556795,0.493328549851514,-0.007999999999999119,0.5080000000000002,CI,2
6.55824661457019,0.520508287573525,-9.322700841218651e-05,0.6930828285704678,6.5137602723259755,0.5477627269255838,-0.007999999999999119,0.5080000000000002,CI,2
6.657679756231931,0.575632690094945,-0.00028078043744120566,0.7537877867721677,6.612215906390733,0.6049145924739622,-0.007999999999999119,0.6119999999999999,CI,2
6.758998946237574,0.63373478299451,-0.0007234164421686627,0.8162748678053676,6.714348526049015,0.665161834440124,-0.007999999999999119,0.6119999999999999,CI,2
6.860711820858156,0.6944088954011233,-0.0013239847274425403,0.8830902979070531,6.816355082628411,0.7279231326289868,-0.007999999999999119,0.7270000000000001,CI,2
6.962548024048892,0.757928570916292,-0.0019836550820162974,0.9525569352884933,6.918411876244593,0.7936932193723689,-0.007999999999999119,0.7270000000000001,CI,2
7.055247342979065,0.8214181961084457,-0.0026946878731866257,1.0244207249599278,7.0079926162546675,0.8585575854515862,-0.007999999999999119,0.7270000000000001,CI,2
7.154403162863577,0.8899168291328414,-0.0034820986587326764,1.099369257813441,7.109723993432192,0.9300943087816234,-0.009000000000000341,0.8510000000000002,CI,2
7.2552548275005995,0.9616072966803336,-0.0043640251641407675,1.1769546568541087,7.211466308596915,1.004341881410515,-0.012000000000000455,0.9890000000000001,CI,2
7.356539375873126,1.0362981615499205,-0.0053294882822173695,1.2577173277257205,7.313224885712433,1.0816127681656797,-0.012000000000000455,0.9890000000000001,CI,2
7.451725730646219,1.1154272426564869,-0.0062582399841641595,1.340963268108863,7.406543320413712,1.163929916763748,-0.015999999999998238,1.1370000000000002,CI,2
7.551331161742565,1.196173241932728,-0.007273202089676627,1.4274335438089683,7.508181316653143,1.24690149952876,-0.015999999999998238,1.1370000000000002,CI,2
7.652133001598006,1.2795907713894599,-0.008186721657562368,1.5163727866891736,7.609889583193826,1.332992210610708,-0.019999999999999574,1.2980000000000003,CI,2
7.75314446884506,1.36540118978965,-0.00900314377124445,1.606866539677447,7.711511083461712,1.4214542378197261,-0.019999999999999574,1.2980000000000003,CI,2
7.850343835789409,1.4568628756102893,-0.009825032728674507,1.7028638236090423,7.807898131193891,1.5167804044978788,-0.021999999999998465,1.47,CI,2
7.9504875787443385,1.5487633500025397,-0.010527719751061912,1.8002802668351567,7.909801128383634,1.6107757052550988,-0.021999999999998465,1.47,CI,2
8.05138821264712,1.6426871389451123,-0.011197294403551246,1.9001695568956882,8.011722095000998,1.7073938524898282,-0.021000000000000796,1.652,CI,2
8.152399155877136,1.7389846919144385,-0.011889742590780749,2.0023293872101497,8.11359225118504,1.8065561517123527,-0.021000000000000796,1.652,CI,2
8.248432857016612,1.8390500647558545,-0.012687130616662318,2.1070251245500193,8.208714445506166,1.9100587557447808,-0.022999999999999687,1.8459999999999999,CI,2
8.34757591159837,1.9408699906775546,-0.01363325983803288,2.214547549717714,8.309965006960345,2.014562932709357,-0.022999999999999687,1.8459999999999999,CI,2
8.447568491207532,2.0450759526446505,-0.014566561130953169,2.324312346022929,8.411334828205431,2.1217338285492096,-0.023999999999997357,2.0469999999999997,CI,2
8.547655854600741,2.151537449412387,-0.015763508998886816,2.436534359127826,8.512622371465584,2.2311511387745795,-0.023999999999997357,2.0469999999999997,CI,2
8.642135989986047,2.2606476978494454,-0.01697868961981176,2.5511255959071963,8.60634454072025,2.3434315543643134,-0.027999999999998693,2.261,CI,2
8.740399198257446,2.3718084121397665,-0.01802475288954994,2.6661631287364544,8.707296414954433,2.4574202570097046,-0.027999999999998693,2.261,CI,2
8.839817390180274,2.485264159355209,-0.01934831672115324,2.787084721122237,8.808566816741184,2.5738433584853233,-0.030999999999998806,2.4850000000000003,CI,2
8.939484806235676,2.6008767172735614,-0.020543187065004055,2.9082399971578425,8.909865524777242,2.6923869590571243,-0.030999999999998806,2.4850000000000003,CI,2
9.034477100284004,2.717829046934604,-0.022078177560716422,3.0311251546830853,9.004841449994116,2.812025297746996,-0.030999999999998806,2.4850000000000003,CI,2
9.1322616886645,2.837607123780446,-0.023968299582714257,3.1561865037760857,9.10530450054494,2.9348525605596096,-0.03399999999999892,2.716,CI,2
9.230585066714458,2.9595281699255014,-0.026065744417200172,3.2835669203070292,9.205626005476415,3.059605326018825,-0.036999999999999034,2.9590000000000005,CI,2
9.328953905370389,3.083673835108625,-0.028441457976299645,3.4125802266474725,9.30590868705107,3.186581892140504,-0.036999999999999034,2.9590000000000005,CI,2
9.42165342866668,3.2070134976578117,-0.030947183964674364,3.5438851206624333,9.398626562505694,3.3116955031776376,-0.04100000000000037,3.21,CI,2
9.518382872164093,3.3346244963350404,-0.03379850856518401,3.6777299370959113,9.498736650291214,3.4426426841134083,-0.04100000000000037,3.21,CI,2
9.616063548571015,3.4648667471434953,-0.0365467202210835,3.812974360173454,9.59885770679243,3.575664385655644,-0.047999999999998266,3.4670000000000005,CI,2
9.71398522152825,3.5971927787898377,-0.039069540098314454,3.9480030511774222,9.699058568862384,3.7105276701220316,-0.047999999999998266,3.4670000000000005,CI,2
9.808902378593132,3.7266018138492143,-0.04176931916355191,4.089279235917192,9.79523927021646,3.8406443533060224,-0.05299999999999727,3.731,CI,2
9.905826868132964,3.862098101604271,-0.04465429048648455,4.231015237379633,9.89505842186433,3.9798888616584267,-0.05299999999999727,3.731,CI,2
10.00303531268901,4.000597076018941,-0.04731677197211634,4.374027125101003,9.994694173448497,4.1210051853566885,-0.05699999999999861,4.005,CI,2
10.100441696437194,4.141529675253389,-0.04994431409205157,4.520165183024524,10.094554586624698,4.26427235529608,-0.05699999999999861,4.005,CI,2
10.19486297146422,4.2812083146606765,-0.05260148363617134,4.66714472911251,10.190397033626244,4.404896252376011,-0.06299999999999883,4.288,CI,2
10.291475967910474,4.425324996333863,-0.05518921970659235,4.8171841579868415,10.290129994607106,4.551839223049817,-0.06299999999999883,4.288,CI,2
10.3887820451963,4.572000196241622,-0.05775960416130903,4.967985994745513,10.390113577821705,4.700607200316232,-0.06799999999999784,4.578,CI,2
10.486263210040702,4.720755386776607,-0.060386301310268634,5.1217807039040455,10.490117255055416,4.851199119382335,-0.06799999999999784,4.578,CI,2
10.579637026229067,4.868225625787563,-0.06326935931260416,5.276540976309557,10.584562625586296,4.999221473746658,-0.0730000000000004,4.876,CI,2
10.675568651572338,5.020090640135133,-0.06629444979081081,5.430452815632426,10.683728219830861,5.153530833856253,-0.0730000000000004,4.876,CI,2
10.771842154604068,5.174533898296647,-0.07015380654589617,5.5913312504652275,10.78251902048782,5.309703747934043,-0.0799999999999983,5.180000000000001,CI,2
10.868214627710621,5.331012209245396,-0.07419956736673083,5.751948834442326,10.881313121545894,5.4676309757930595,-0.0799999999999983,5.180000000000001,CI,2
10.962049401765595,5.488832405987226,-0.07858472399057682,5.913919793231876,10.976638023612901,5.626575640106109,-0.0799999999999983,5.180000000000001,CI,2
11.057878550029299,5.649058770589237,-0.08299722631938708,6.078041623073231,11.075424179906891,5.788200450760192,-0.08699999999999974,5.492,CI,2
11.154359077768316,5.811070008290285,-0.08759220853063515,6.243908568116461,11.174394250752663,5.95132112031607,-0.09600000000000009,5.813000000000001,CI,2
11.251057918791544,5.975080076902483,-0.09201960595648032,6.411612754379782,11.273396224566834,6.116449448803654,-0.09600000000000009,5.813000000000001,CI,2
11.34632828418053,6.139393122891908,-0.09635276998429666,6.580469842787775,11.37036137486439,6.281195989093356,-0.10299999999999798,6.138,CI,2
11.442690777903266,6.306606593652753,-0.10049449208856,6.751410456084587,11.469189647873586,6.449718281508886,-0.10299999999999798,6.138,CI,2
11.53935380426709,6.475860891109078,-0.10454371116676577,6.923881987825166,11.568010325842023,6.6199117250454,-0.10899999999999821,6.473000000000001,CI,2
11.636087354128904,6.64692272169181,-0.1083273514054075,7.095408140471322,11.666766438009745,6.791772928242142,-0.10899999999999821,6.473000000000001,CI,2
11.72522277101079,6.82029840000814,-0.11246844359906497,7.27412802579542,11.755235904585959,6.966084927869108,-0.11199999999999832,6.809000000000001,CI,2
11.820243976867085,6.995092330746036,-0.11641846645961874,7.451978935499199,11.854002779397401,7.141435667914806,-0.11199999999999832,6.809000000000001,CI,2
11.916596307736915,7.17176848079666,-0.12056800362266429,7.632042152205663,11.95257873876884,7.3188030053889985,-0.12099999999999866,7.1579999999999995,CI,2
12.012820336028536,7.350238936409107,-0.1251612810179502,7.813128139653672,12.050486366991144,7.497895559876236,-0.12099999999999866,7.1579999999999995,CI,2
12.107861523352264,7.527714742775886,-0.13038978016263778,7.997160585493754,12.1467763699288,7.6749386122998535,-0.1269999999999989,7.51,CI,2
12.20344697944932,7.709423675509866,-0.13579129890869063,8.182105044995103,12.244123925301274,7.8581029478981534,-0.1269999999999989,7.51,CI,2
12.299182125207825,7.893565768823964,-0.14139847855373414,8.370809554523536,12.341422336531412,8.043016351462525,-0.13599999999999923,7.873000000000001,CI,2
12.395159909630175,8.079897648751917,-0.14666707024131662,8.558233280713626,12.438929558330713,8.230009788884997,-0.13599999999999923,7.873000000000001,CI,2
12.485246123821536,8.270576612670245,-0.1521832284870621,8.749579921770705,12.528387421079413,8.422101383406915,-0.14899999999999736,8.243,CI,2
12.580144394251866,8.46162755406813,-0.15733962565355522,8.940249422311975,12.626136462956126,8.613147046276618,-0.14899999999999736,8.243,CI,2
12.676204676209078,8.654499497740714,-0.16290257249990084,9.1381366438995,12.723825843431557,8.806509779410415,-0.15700000000000003,8.619,CI,2
12.772727476933019,8.849245662443474,-0.16757959429642197,9.333395328114078,12.821699519169018,9.001751629155969,-0.15700000000000003,8.619,CI,2
12.861855509283085,9.046932215346793,-0.17267424687394137,9.53645581918878,12.909435373482408,9.200279991664118,-0.15700000000000003,8.619,CI,2
12.956564661947153,9.24586810227974,-0.17776291568270156,9.73812328824259,13.007004290882362,9.399519518690893,-0.17099999999999937,9.402000000000001,CI,2
13.052110692046037,9.446664243473027,-0.18334793778519792,9.941857271882336,13.103826160800848,9.600800796499033,-0.17099999999999937,9.402000000000001,CI,2
13.147667240180143,9.649151174058906,-0.18933977302741806,10.147956582630876,13.200336399369386,9.803702960260413,-0.17099999999999937,9.402000000000001,CI,2
13.23794632643136,9.852814619429394,-0.19523478656342663,10.35494509605196,13.289697600346665,10.007565796762478,-0.18099999999999739,9.804,CI,2
13.332451730789053,10.058605310409877,-0.20116174357197672,10.56381350945835,13.386415260591846,10.213977809589917,-0.18099999999999739,9.804,CI,2
13.427858900322292,10.26634196101117,-0.20724556619010942,10.774718981355315,13.482912802943225,10.422238587592823,-0.19500000000000028,10.213000000000001,CI,2
13.523519545108794,10.475906767263536,-0.2130981264730901,10.985241286321333,13.579409934437868,10.632281009932424,-0.19500000000000028,10.213000000000001,CI,2
13.61728799108279,10.684162732850467,-0.21926029935653613,11.201192145567074,13.673216403169292,10.839862366022425,-0.20400000000000063,10.628,CI,2
13.712926912011634,10.896417663421657,-0.22518701968508342,11.417168964035286,13.77015834483822,11.053410305528727,-0.20400000000000063,10.628,CI,2
13.809207763789734,11.111118593679386,-0.23139393647183676,11.63474249411671,13.867288540712138,11.268831564527678,-0.2129999999999974,11.051,CI,2
13.905255330290812,11.327550529429132,-0.2381925582728754,11.853979652463444,13.963846525899843,11.485722401064097,-0.2129999999999974,11.051,CI,2
14.004452425441995,11.545281333284919,-0.24632829664516254,12.074793380884822,14.06467256627471,11.703786017599558,-0.22199999999999775,11.482000000000001,CI,2
14.101094823641693,11.764925991136073,-0.2554064138584801,12.296860533075117,14.161000338119358,11.923939583103886,-0.22199999999999775,11.482000000000001,CI,2
14.197177872952498,11.986357877622137,-0.26645923403252303,12.522270220117415,14.257374889744382,12.145868909313718,-0.23300000000000054,11.92,CI,2
14.292856361491962,12.208932778333901,-0.2771854145484981,12.745217225345403,14.353347162788639,12.368719739628915,-0.23300000000000054,11.92,CI,2
14.38385100750449,12.436551828253647,-0.2887329435725443,12.970586440878025,14.443150993003254,12.598012312853943,-0.24399999999999977,12.361,CI,2
14.478026879077172,12.662702927103782,-0.29911918476851873,13.19429151118788,14.538673088635568,12.823565758711583,-0.24399999999999977,12.361,CI,2
14.573219499602887,12.889526830644433,-0.3096110527133034,13.42478385096561,14.634521481356066,13.050540257580291,-0.254999999999999,12.808,CI,2
14.669185568202982,13.1174869332609,-0.31845073168507876,13.654249864284921,14.731060728749432,13.278817177782786,-0.254999999999999,12.808,CI,2
14.762402652937919,13.342641730511579,-0.32640381481911174,13.884836971834837,14.82359783752009,13.502832181528026,-0.254999999999999,12.808,CI,2
14.857656820531586,13.571488881320601,-0.3340212239586718,14.1159553827285,14.919826593152031,13.732950788466798,-0.2729999999999997,13.72,CI,2
14.9532891244842,13.80161307857425,-0.3416635538123074,14.348488528403278,15.015840574238936,13.96345645785777,-0.2729999999999997,13.72,CI,2
15.049207081994131,14.032623674825006,-0.3491243625154927,14.581349362168039,15.112090920856392,14.194710224401758,-0.2729999999999997,13.72,CI,2
15.143114873204748,14.259272384738779,-0.3560868224375778,14.814470701850684,15.205485618097564,14.419682189632749,-0.2809999999999988,14.180000000000001,CI,2
15.23901456055221,14.490108433376914,-0.36298708107849015,15.048452380178206,15.30229944177408,14.65198377469462,-0.2809999999999988,14.180000000000001,CI,2
15.3354751607152,14.722581837117852,-0.3701294901162953,15.282711492728307,15.399157310419112,14.884986282614003,-0.29199999999999804,14.641,CI,2
15.432042078576243,14.956056116170478,-0.3768505248610693,15.514466747465798,15.495948630094842,15.118758547096553,-0.29199999999999804,14.641,CI,2
15.525670408163545,15.192052894498064,-0.38571386222344184,15.752436012396373,15.588747864820906,15.355586902251527,-0.2989999999999995,15.104000000000001,CI,2
15.621593152671693,15.427616225813154,-0.3945593084117493,15.988156345833847,15.685552757496943,15.590975855589981,-0.2989999999999995,15.104000000000001,CI,2
15.717824469531152,15.663369442445537,-0.40550326152569344,16.22414267578925,15.782016341876325,15.826753830229759,-0.3039999999999985,15.574,CI,2
15.814063209637624,15.899709222466122,-0.4172387162401902,16.459738456335526,15.878384382240753,16.063260602142943,-0.3039999999999985,15.574,CI,2
15.905437325462579,16.135756162746887,-0.4318207032978041,16.69486878957966,15.968188857790945,16.299120292769793,-0.31299999999999883,16.044999999999998,CI,2
16.000803537980154,16.372794832961,-0.4469267391951014,16.930077245047357,16.06497092007566,16.53653928357022,-0.31299999999999883,16.044999999999998,CI,2
16.0971160791712,16.610169925390203,-0.46377516816325076,17.16400163747325,16.161694594376534,16.774012874799567,-0.3200000000000003,16.517,CI,2
16.194014143458162,16.848194915113385,-0.4803830566523609,17.399018486282216,16.25889208844378,17.012243249848073,-0.3200000000000003,16.517,CI,2
16.28731732589412,17.079882788262232,-0.496782835196708,17.63218765481871,16.350996826325822,17.24156656407946,-0.32399999999999807,16.988999999999997,CI,2
16.384576591871753,17.31682050262916,-0.5112284345344199,17.864199217653407,16.449734297736015,17.480414304450473,-0.32399999999999807,16.988999999999997,CI,2
16.48310255406115,17.5551059887559,-0.5267853733118307,18.096491969975535,16.548804782425872,17.719161963944217,-0.3249999999999993,17.464,CI,2
16.582035542520778,17.793988912489308,-0.5429009828729636,18.33188437495669,16.64798724400874,17.958224715282892,-0.3249999999999993,17.464,CI,2
16.685388128535063,18.027714179822087,-0.558376415967645,18.564095654662594,16.752926724630473,18.19007436284604,-0.3249999999999993,17.464,CI,2
16.785937287312564,18.265319954007392,-0.5731193708081015,18.795304129710182,16.852737621317022,18.428988228376546,-0.32099999999999795,17.944,CI,2
16.886015054882122,18.503914790821696,-0.5882264299803477,19.025414321620225,16.95278483302516,18.667889394719133,-0.31700000000000017,18.421999999999997,CI,2
16.98658037740465,18.74280832324519,-0.6021549332363667,19.255534959033515,17.053622296354796,18.90685536713964,-0.31700000000000017,18.421999999999997,CI,2
17.084178600944696,18.976817492211083,-0.6155833297466436,19.483971091158597,17.150255458456748,19.139028854066677,-0.31299999999999883,18.898,CI,2
17.185366238882544,19.214323465471935,-0.628106381096197,19.71225692340674,17.252789518888356,19.377801872517633,-0.31299999999999883,18.898,CI,2
17.287949295641244,19.45274298366252,-0.6400571476985154,19.939079906292655,17.3559693969189,19.616521563106843,-0.3019999999999996,19.372999999999998,CI,2
17.391142141389725,19.691392919512584,-0.6490588165881059,20.163025914615442,17.45949376997088,19.855212599689576,-0.3019999999999996,19.372999999999998,CI,2
17.495166418782755,19.92974357623667,-0.6615439975527342,20.38904793150603,17.563924418069522,20.09341284085772,-0.2859999999999978,19.848,CI,2
17.59989656154332,20.168168725884676,-0.6704734489338355,20.613554703822395,17.669029390987582,20.331818400466076,-0.2859999999999978,19.848,CI,2
17.70562253409297,20.406441459559662,-0.6776814459492172,20.835574319786904,17.775232639579592,20.569989794585506,-0.2699999999999996,20.323999999999998,CI,2
17.812472029577663,20.64462957502719,-0.6834388356838442,21.05803175078553,17.88261380089439,20.808098082117,-0.2699999999999996,20.323999999999998,CI,2
17.91504627049206,20.87734490727729,-0.6867720451707945,21.278827324887096,17.98381930305483,21.038730060983564,-0.24899999999999878,20.799,CI,2
18.022946817118545,21.1139115448725,-0.6888402480320961,21.499716707764883,18.093708662272245,21.276690438387543,-0.24899999999999878,20.799,CI,2
18.133223905187624,21.35141623771283,-0.6875389167611219,21.718600325882655,18.204981241456466,21.514486857198804,-0.21999999999999886,21.272,CI,2
18.24503026271537,21.58911432072584,-0.6847279331381473,21.93677267048782,18.317508211522313,21.752189219521103,-0.21999999999999886,21.272,CI,2
18.353641878005483,21.823162045561432,-0.680934628293757,22.153284486182727,18.425188092009744,21.984801675866454,-0.18299999999999983,21.744999999999997,CI,2
18.46561255760796,22.059780737663008,-0.6738989700222573,22.367386406963508,18.538510301922816,22.22231034008463,-0.18299999999999983,21.744999999999997,CI,2
18.578793771256393,22.297220534325252,-0.66769991087383,22.57935988729617,18.652309960322164,22.459976726930563,-0.14499999999999957,22.218999999999998,CI,2
18.692672227470958,22.534968293718308,-0.6573581852644212,22.789884682927262,18.766628673989576,22.697758638759872,-0.14499999999999957,22.218999999999998,CI,2
18.803215782666783,22.764501248645566,-0.6441373535287419,22.998184134278336,18.87614206237177,22.924203315891038,-0.14499999999999957,22.218999999999998,CI,2
18.918421400256968,22.999955767060445,-0.6267767361385799,23.20632088181604,18.993199043403838,23.161763039117663,-0.14499999999999957,22.218999999999998,CI,2
19.036273799144656,23.236841122857392,-0.6049848853106354,23.41296345542443,19.11218887194098,23.39909924300817,-0.06400000000000006,23.168999999999997,CI,2
19.156305403869222,23.47385865048245,-0.5805339993620086,23.620295436012317,19.233205642871322,23.636083584829098,-0.06400000000000006,23.168999999999997,CI,2
19.27008210246868,23.70939727055744,-0.5513010502049218,23.8278608778651,19.345054958100178,23.870921313278792,-0.012000000000000455,23.642999999999997,CI,2
19.391209246241562,23.945682847738023,-0.5187705805913119,24.035489195574176,19.46888557392781,24.107474985881296,-0.012000000000000455,23.642999999999997,CI,2
19.51489528001022,24.182075039772787,-0.48263338695089,24.24278609141539,19.593705287688728,24.343818696410253,0.05100000000000193,24.113999999999997,CI,2
19.63992250435493,24.418450753067482,-0.4401639551633316,24.451425546923755,19.719471883016972,24.580077076672147,0.05100000000000193,24.113999999999997,CI,2
19.764691988842067,24.64847101915108,-0.39505817749845995,24.657888890372863,19.844377254621637,24.8076672190315,0.05100000000000193,24.113999999999997,CI,2
19.89165890096518,24.88286127656406,-0.3429428189500663,24.86687436462272,19.972452228964716,25.043518377158172,0.11700000000000088,24.584999999999997,CI,2
20.020080347483518,25.118233232725537,-0.28614141288408834,25.07429679689301,20.101681223504105,25.279122909484546,0.18400000000000105,25.052999999999997,CI,2
20.14987882392489,25.35378189587258,-0.2215471746816259,25.285085124191554,20.232251302035944,25.51461183411325,0.18400000000000105,25.052999999999997,CI,2
20.277326711968357,25.586676330178122,-0.14950935404120966,25.49811545095244,20.359155288793144,25.746385882147074,0.25800000000000267,25.52,CI,2
20.40893883983106,25.821230090925198,-0.07213584148622736,25.714713140412158,20.49248868201512,25.981453827101564,0.25800000000000267,25.52,CI,2
20.54240025749493,26.056195271844093,0.010770231154833082,25.93689942702189,20.62689146102007,26.2164432294114,0.33699999999999974,25.988,CI,2
20.6772332803945,26.291132675433047,0.0994338798066854,26.16455065426334,20.762505284893873,26.451236003243167,0.33699999999999974,25.988,CI,2
20.807714499365964,26.521079000089404,0.1929912999718425,26.400666658227642,20.89173880614467,26.679186907923395,0.4209999999999994,26.453999999999997,CI,2
20.943972775575215,26.754332700376388,0.28967400485057,26.645923144615107,21.030296384686906,26.913560617842577,0.4209999999999994,26.453999999999997,CI,2
21.082752652186098,26.988349696349037,0.39060322669940234,26.899209450922733,21.17026626317938,27.147724646397936,0.5109999999999992,26.915999999999997,CI,2
21.22298569539974,27.222578479085602,0.49059010420103205,27.16576770650513,21.3113289471865,27.381881874245142,0.5109999999999992,26.915999999999997,CI,2
21.361252555183828,27.449664822237157,0.585521498927366,27.443121679403433,21.449169494165055,27.606205604521488,0.5109999999999992,26.915999999999997,CI,2
21.50419116293179,27.681154405600974,0.6796985400753266,27.727136229637303,21.594104317003044,27.839160839711013,0.5109999999999992,26.915999999999997,CI,2
21.64950326910188,27.913675001616234,0.7616559331489103,28.015117023052834,21.740598713378343,28.071897126598973,0.6039999999999992,27.383,CI,2
21.79610622552213,28.146157163645487,0.8356163801291163,28.305751003810492,21.88800488541728,28.304192763559662,0.7059999999999995,27.845,CI,2
21.939978894533322,28.380389988998832,0.9003343773745476,28.59476864545362,22.031299691169465,28.53884338991992,0.7059999999999995,27.845,CI,2
22.087906533270587,28.613071695813538,0.9579693235524053,28.886331490191363,22.180901982329708,28.770856237298545,0.8150000000000013,28.305999999999997,CI,2
22.237616619983246,28.845193624116916,1.0078241106347006,29.176529376177033,22.33155635269641,29.002616394543825,0.929000000000002,28.762999999999998,CI,2
22.388436922171874,29.077043999828593,1.0486848336533527,29.465043659092185,22.483102088120607,29.23419406317401,0.929000000000002,28.762999999999998,CI,2
22.530488835570722,29.30879343692839,1.0869802681268994,29.752427543999804,22.622443248549377,29.465631321358394,0.929000000000002,28.762999999999998,CI,2
22.68092477566844,29.540184656962797,1.1172490261223167,30.034963838964607,22.7759905666107,29.696868501132997,1.0400000000000027,29.221,CI,2
22.8344570541315,29.771372316925817,1.1445262491190162,30.31073822801267,22.930898030833966,29.92784682603151,1.1550000000000011,29.68,CI,2
22.989703965714135,30.00232882130558,1.170057121073762,30.58131074288769,23.087070006089036,30.158551276535988,1.1550000000000011,29.68,CI,2
23.142217814428133,30.2297476437126,1.1969461734928402,30.844325729474143,23.23893487197779,30.384475110645802,1.277000000000001,30.135999999999996,CI,2
23.29978081709835,30.459172986768795,1.225128548496384,31.100396636294576,23.398587015696407,30.61449678015115,1.277000000000001,30.135999999999996,CI,2
23.459123168597927,30.68886963351223,1.2557216405427112,31.35191192486703,23.55889627325774,30.84410980229516,1.402000000000001,30.592,CI,2
23.618949424824233,30.91859773259101,1.2896912390855766,31.59787521530969,23.719238898602036,31.073650610470565,1.402000000000001,30.592,CI,2
23.77520696558867,31.142318877746675,1.3249690123926094,31.843138031253265,23.874522927836114,31.294975957954307,1.5300000000000011,31.049,CI,2
23.93523272414916,31.370161361012133,1.3601446976491849,32.08117963854732,24.03621858689361,31.524153192039037,1.5300000000000011,31.049,CI,2
24.097048965462378,31.598920193786373,1.398122397467334,32.323152221841006,24.19897969310578,31.75307269656705,1.6600000000000001,31.501999999999995,CI,2
24.260044709020512,31.827754267303632,1.439090716636738,32.559889468604645,24.36269613448121,31.98175825757073,1.6600000000000001,31.501999999999995,CI,2
24.416203364307222,32.05528097858966,1.4843667240136234,32.79527766848248,24.51676030172154,32.20855452920796,1.6600000000000001,31.501999999999995,CI,2
24.578731420034604,32.28315430531501,1.537716777697026,33.02802133433905,24.68172074855344,32.43649248848508,1.6600000000000001,31.501999999999995,CI,2
24.743375696184238,32.51091588179594,1.5956883193306786,33.25953497432028,24.847372852266645,32.66406756481124,1.7910000000000004,31.958,CI,2
24.909153255407194,32.738376468689516,1.6597410110874622,33.48884160028099,25.013828099116836,32.89125251612223,1.9250000000000007,32.412,CI,2
25.071848394602085,32.964064344347115,1.7254898827762706,33.7183383639007,25.17571449114274,33.116088324073914,2.0630000000000006,32.862,CI,2
25.238016368745505,33.190631907580546,1.7931313749161775,33.94649491212548,25.343349261496652,33.34285278507462,2.0630000000000006,32.862,CI,2
25.405145113751743,33.41750821637557,1.8599391249907367,34.17560478629205,25.51108258709512,33.56967892789812,2.200000000000001,33.311,CI,2
25.57258178779198,33.64438012630653,1.9254528696771436,34.40089781204231,25.678886930238267,33.79638339327773,2.200000000000001,33.311,CI,2
25.737484765306355,33.8675809866657,1.991419988810512,34.631896414595424,25.84311251862315,34.018076625959935,2.3360000000000003,33.762,CI,2
25.9044704283453,34.093349696388344,2.057021025294647,34.860733349086,26.01108552943134,34.2446366133134,2.3360000000000003,33.762,CI,2
26.071846570479387,34.319870431411424,2.1229462267099914,35.08940398311181,26.178827807181946,34.47128410685559,2.4680000000000017,34.214,CI,2
26.239656206133912,34.54639334992497,2.1915133765783805,35.318538165559765,26.346994991334604,34.69767466533303,2.4680000000000017,34.214,CI,2
26.40345340689251,34.771191916542584,2.260656294492856,35.54385631673453,26.509567861668202,34.92167716903646,2.6030000000000015,34.665,CI,2
26.57134629873744,34.9970181502762,2.333574766907082,35.770437922843605,26.679054422971504,35.147815661574654,2.6030000000000015,34.665,CI,2
26.740083187429796,35.22290458844457,2.406908998944586,35.997134226482046,26.848268232176604,35.37360976849644,2.74,35.115,CI,2
26.908823555634083,35.44913218007648,2.48106992189818,36.22262989044825,27.017194902115577,35.599835524873036,2.74,35.115,CI,2
27.074580747799335,35.67274020922515,2.554158667864996,36.44600011076468,27.18204674164535,35.82235620166804,2.8750000000000018,35.565999999999995,CI,2
27.242543368517513,35.89821020906287,2.6284579522675315,36.67154926721194,27.350944485383323,36.04841928633424,2.8750000000000018,35.565999999999995,CI,2
27.411208885395066,36.12406334998215,2.7027794925229007,36.900049782028276,27.520004335025458,36.274317435656805,3.0060000000000002,36.016999999999996,CI,2
27.579492259973627,36.35010475243848,2.774795309588325,37.123274149684796,27.68829663834802,36.50032384708825,3.0060000000000002,36.016999999999996,CI,2
27.744030358821377,36.57522063158147,2.847596140619115,37.3520666382228,27.851638665315903,36.7249782450932,3.0060000000000002,36.016999999999996,CI,2
27.910831855906405,36.80105154268277,2.9202521849147907,37.579131102393816,28.01931991924715,36.95103482525012,3.0060000000000002,36.016999999999996,CI,2
28.0778926622279,37.027100435976884,2.991529967744188,37.80392880804791,28.186567584590783,37.17709861725444,3.1380000000000017,36.472,CI,2
28.24521250870192,37.25335373350502,3.063046570144274,38.029907876146176,28.354069991449297,37.403364636362234,3.2670000000000012,36.923,CI,2
28.406787716297384,37.4758287191744,3.133898297804665,38.25650216459851,28.513676190671994,37.62436168383642,3.394,37.376,CI,2
28.57198129053922,37.70133544569369,3.203955889477516,38.482778218540425,28.680213993549557,37.850964031129855,3.394,37.376,CI,2
28.737679353558637,37.927720346241436,3.273546904175064,38.70949139109141,28.846154527178108,38.07762915483449,3.5220000000000002,37.829,CI,2
28.903169375689423,38.15465845708688,3.3440635230138924,38.93415041025376,29.01162919555362,38.30472633619982,3.5220000000000002,37.829,CI,2
29.06581113240495,38.37926303977424,3.417560965871897,39.16140663521067,29.173287642860654,38.52843440956371,3.6480000000000015,38.284,CI,2
29.23007175092098,38.60578867838758,3.4945915107987484,39.38306065782836,29.338160417733366,38.75564916029421,3.6480000000000015,38.284,CI,2
29.394927265860076,38.832822547731574,3.574340403867355,39.60367048983504,29.503254041791283,38.98285446311931,3.769,38.739,CI,2
29.560108359495676,39.060082759339906,3.6596011611210946,39.81939886484149,29.66857692646488,39.210181298594456,3.769,38.739,CI,2
29.720154068924256,39.285456262021725,3.7452988259031783,40.031681762193365,29.826827936965827,39.43480317539541,3.8880000000000017,39.193,CI,2
29.8841091258146,39.51244342367621,3.834841134032388,40.23780522237094,29.992149120028518,39.66242752900998,3.8880000000000017,39.193,CI,2
30.048356117421356,39.74025665739549,3.922823661509477,40.44181234681614,30.15651821005646,39.890532177822124,4.006,39.649,CI,2
30.21167984226563,39.96863798114872,4.010168795211751,40.63876655364364,30.319532236024884,40.119101146191234,4.006,39.649,CI,2
30.370599265416164,40.19794361717331,4.09401168447036,40.83551164461205,30.47690990801772,40.3486945738681,4.1190000000000015,40.108,CI,2
30.530576685640607,40.42748841107175,4.171793026579615,41.02949635696977,30.63718968352333,40.57838793296594,4.1190000000000015,40.108,CI,2
30.689720718587655,40.65727822810443,4.248424278204137,41.23096488909344,30.79598494336242,40.80829885153428,4.220000000000001,40.568,CI,2
30.84742988222125,40.887660230513355,4.315971246891954,41.43667889395074,30.953129524466824,41.03892588954666,4.220000000000001,40.568,CI,2
30.99877094977743,41.11909860569465,4.38098988537768,41.64699342611319,31.102164127436826,41.27073373176689,4.220000000000001,40.568,CI,2
31.1524314391624,41.35056418160745,4.441212958822868,41.85855361439618,31.256466537421424,41.50235702137869,4.312000000000001,41.033,CI,2
31.30601328462209,41.582362881621954,4.500109894911419,42.07094825903102,31.40988689708295,41.73437200857402,4.3980000000000015,41.498,CI,2
31.45886313627974,41.81467833771223,4.5562649595571685,42.281776504811035,31.562353118787378,41.966958587748884,4.3980000000000015,41.498,CI,2
31.60889237481449,42.04280742994476,4.610531720614331,42.49217182339835,31.711209406601498,42.19365446519326,4.4830000000000005,41.966,CI,2
31.7585206001694,42.2748986259155,4.6581569889421655,42.699252275664605,31.860611990860566,42.42725146337863,4.4830000000000005,41.966,CI,2
31.90670088202508,42.50837725756168,4.703271366431525,42.905518664584925,32.00813981225973,42.661323827574776,4.564000000000002,42.433,CI,2
32.05332591707436,42.742471390624914,4.745090164477952,43.112002524707876,32.15404383733784,42.89574917207903,4.564000000000002,42.433,CI,2
32.19533091022728,42.97500146957565,4.7839229964070205,43.32119959237808,32.294215460707065,43.12780577438806,4.634,42.903999999999996,CI,2
32.33782407947279,43.20945148878163,4.822605211935091,43.534412587008504,32.43666707326675,43.36311055329103,4.634,42.903999999999996,CI,2
32.47905063802218,43.44476645365787,4.856705294109291,43.752667641489694,32.57722683047278,43.59888153849885,4.6960000000000015,43.376,CI,2
32.61857962805226,43.68062329712902,4.894173920462999,43.978386277496625,32.71592385352274,43.83508031362539,4.6960000000000015,43.376,CI,2
32.74801819835009,43.91478172472748,4.930758499787518,44.20856085102986,32.84155849374331,44.06869286372378,4.750000000000002,43.85,CI,2
32.88248490824659,44.15086331497882,4.968495122733575,44.44378045924905,32.97744625625708,44.30575957309877,4.750000000000002,43.85,CI,2
33.016804132793354,44.38779648566328,5.0046025518026545,44.68012113559615,33.11142671160453,44.54319382063241,4.799000000000001,44.324999999999996,CI,2
33.14970196527407,44.625110698739846,5.036432662780446,44.91931622187342,33.24354437847683,44.78081890828641,4.799000000000001,44.324999999999996,CI,2
33.27804363037394,44.863189586081575,5.068195237639864,45.15877351470065,33.37001030192616,45.01931423514402,4.844000000000001,44.803,CI,2
33.4072177647808,45.10134390022326,5.101513349706203,45.403938431856446,33.499133556216854,45.257726435571904,4.844000000000001,44.803,CI,2
33.53529496922673,45.33949293642282,5.133366539995954,45.65139557227141,33.62651126618178,45.496064809849045,4.884,45.281,CI,2
33.6620180996068,45.577942472633815,5.165644086261617,45.90410693275997,33.752451944914725,45.734806772016455,4.884,45.281,CI,2
33.775042816331364,45.8123111074459,5.197002240823302,46.15831859095481,33.860337861688784,45.96776183121906,4.884,45.281,CI,2
33.89653263128866,46.0494500314324,5.2285196841206645,46.41689857626491,33.9843633171407,46.20626505976065,4.916,45.757999999999996,CI,2
34.019140574318705,46.28723227199532,5.255901663483355,46.67605380318808,34.107026970444224,46.44450043830549,4.950000000000001,46.235,CI,2
34.14087075875374,46.52535983707332,5.282358336544924,46.93803893978381,34.22814532024401,46.68293156833294,4.950000000000001,46.235,CI,2
34.25879146841916,46.76144649549792,5.306782899151917,47.2003153969011,34.34441198453242,46.91842825820706,4.981000000000002,46.713,CI,2
34.37784212438406,46.998799224793835,5.328531995485711,47.464247738900966,34.46354651090926,47.15644154989264,4.981000000000002,46.713,CI,2
34.49638286721891,47.23645790060231,5.349605717159996,47.72833578071986,34.5816110383391,47.39438378473903,5.0070000000000014,47.189,CI,2
34.614019423349674,47.473967058136395,5.365407391847303,47.99190594140735,34.69863683913651,47.63200248867804,5.0070000000000014,47.189,CI,2
34.72216814375971,47.70874339535346,5.381450459363824,48.25568267860623,34.80316494474554,47.865865501552776,5.031000000000001,47.664,CI,2
34.83598855215895,47.94511274931282,5.393644756132862,48.51954986417928,34.9185935748295,48.10308715964363,5.031000000000001,47.664,CI,2
34.95067116783444,48.18169531695582,5.40458656958965,48.78311727664123,35.03327663574693,48.33992735346757,5.054,48.138,CI,2
35.064562088368696,48.418380465711145,5.411875492345913,49.04565019225493,35.14662047892419,48.576795409831,5.073,48.61,CI,2
35.1741762353565,48.64828630280839,5.4193625861016015,49.30771024541693,35.25441075831614,48.80436457702117,5.073,48.61,CI,2
35.28692359121565,48.88262664663166,5.425003330815599,49.56923190321613,35.3680321692484,49.040479402863916,5.073,48.61,CI,2
35.40064590742556,49.11794189987475,5.427806741598994,49.828114877878576,35.48186647094335,49.27628624799598,5.090000000000002,49.085,CI,2
35.51435278220168,49.35337637031771,5.429468108608389,50.08765605685449,35.595352307545,49.51188201878723,5.090000000000002,49.085,CI,2
35.62386639958795,49.58771215897626,5.428417809309695,50.34571004562495,35.703192279764004,49.745891279349834,5.110000000000001,49.555,CI,2
35.73471761206269,49.82245647721727,5.425497262478886,50.604473623306944,35.81426783192452,49.98092807228518,5.110000000000001,49.555,CI,2
35.84581560031454,50.05679663687707,5.42207965338797,50.862233453055076,35.92522987254756,50.21524134943936,5.127000000000001,50.025,CI,2
35.95713322151967,50.2906637350846,5.416795985725743,51.11496069297163,36.036420392123865,50.449045511260614,5.127000000000001,50.025,CI,2
36.05740194789608,50.52350270142362,5.412764504528735,51.36564328925552,36.13266062126316,50.681500696242104,5.127000000000001,50.025,CI,2
36.165430253715954,50.75606652566757,5.4087309932074294,51.61374199343351,36.2430608043679,50.914209115334124,5.144,50.492999999999995,CI,2
36.275167980033864,50.98849543005736,5.405100254907029,51.86028783965689,36.353193591419114,51.146708449261226,5.16,50.958999999999996,CI,2
36.38542222014494,51.22050825845192,5.40160914897955,52.105057317312244,36.463466505353296,51.37865692267996,5.16,50.958999999999996,CI,2
36.49120335272959,51.45250062761208,5.397609464651147,52.34749014366124,36.56755978833615,51.61066804034079,5.176,51.423,CI,2
36.5994431415162,51.68378301826961,5.393806222937536,52.58900732093437,36.676455605352,51.84181515112977,5.176,51.423,CI,2
36.70804055634898,51.91446623291961,5.390565105912261,52.829769850446525,36.78502928083145,52.0723576353926,5.188000000000001,51.885999999999996,CI,2
36.81667424134537,52.14477449411077,5.387073415541576,53.068050533051334,36.893548764921874,52.302593135075824,5.188000000000001,51.885999999999996,CI,2
36.918362097259035,52.3738286306363,5.383794666652114,53.305603830714446,36.9927021941314,52.53118454221384,5.199000000000002,52.347,CI,2
37.024013011531544,52.602945011756226,5.380613964657903,53.54259248105991,37.09953119277037,52.760460355140765,5.199000000000002,52.347,CI,2
37.13064166579759,52.83178146012137,5.379352541981432,53.78321073131225,37.20636231979718,52.989271858154105,5.209000000000001,52.804,CI,2
37.23821704122482,53.060296671343025,5.375833333083046,54.01330121108171,37.31415452266217,53.21773386879346,5.209000000000001,52.804,CI,2
37.33634086389528,53.286424980344634,5.375050440064295,54.24577514912076,37.40889221980249,53.44295250801051,5.216000000000001,53.260999999999996,CI,2
37.44190055049622,53.51339627953495,5.374392204155248,54.477507928857136,37.51683853714853,53.6703974233444,5.216000000000001,53.260999999999996,CI,2
37.54866010192593,53.74009215702916,5.37361196884964,54.70936145352678,37.62391923745136,53.89705033754063,5.229000000000001,53.716,CI,2
37.655364125509294,53.96639850973953,5.371787507884156,54.94003183846398,37.730536526410475,54.123246565316904,5.229000000000001,53.716,CI,2
37.75504177356464,54.19453299710953,5.369978238526818,55.170652983018236,37.827738377976374,54.35200357015901,5.24,54.171,CI,2
37.859244866476295,54.42020812048531,5.367066169963259,55.399834535624066,37.93331839292619,54.576914368003784,5.24,54.171,CI,2
37.96375600377049,54.644806711841895,5.363753685690142,55.62820093702443,38.03784480546812,54.8011661122227,5.247000000000002,54.623,CI,2
38.06769302485619,54.868565141065595,5.359878438908615,55.8551634168516,38.141513002416126,55.0246453612295,5.247000000000002,54.623,CI,2
38.1668761240401,55.0883200783418,5.35588242224277,56.08203945665623,38.238951099674416,55.24293737372291,5.247000000000002,54.623,CI,2
38.269254917836804,55.30931730816768,5.351484892524021,56.30689058512825,38.342351315782395,55.46446055469504,5.247000000000002,54.623,CI,2
38.372714157933,55.52971825512887,5.347566408223475,56.5349076215688,38.44612327163232,55.68468288497427,5.250000000000002,55.516,CI,2
38.476496523872605,55.74917807345372,5.341239875336669,56.753772257833056,38.54997739829934,55.90382045906915,5.250000000000002,55.516,CI,2
38.57102959495351,55.9680594786157,5.3354482180051255,56.973950367669936,38.641281905629256,56.12241528629795,5.253,55.954,CI,2
38.6726852825979,56.185013838691205,5.32904120506558,57.19319850829136,38.74524043124986,56.338809329330985,5.253,55.954,CI,2
38.77607231541357,56.400267686590276,5.323203955431613,57.409229535356985,38.84918434962722,56.55347722906734,5.259,56.388,CI,2
38.87952871665749,56.61367589897196,5.318243585645197,57.624172773230214,38.95266388507322,56.766210965468,5.259,56.388,CI,2
38.979191987624816,56.82273265430833,5.314247963837227,57.83590502764698,39.05100477832007,56.97364364771576,5.264000000000001,56.817,CI,2
39.081089377949475,57.030731034279235,5.311188980033168,58.04487152984718,39.15367351531228,57.18127668176132,5.264000000000001,56.817,CI,2
39.18370042100369,57.236286778303565,5.309181164662229,58.25008873312675,39.25655560736718,57.38593372304699,5.269,57.238,CI,2
39.286669789964016,57.43878503267367,5.30785843834494,58.45268475954904,39.3596944682458,57.587294694015824,5.269,57.238,CI,2
39.3815435618315,57.63431375755738,5.306686252472937,58.65003883059291,39.45179581447158,57.78018138471152,5.271000000000001,57.649,CI,2
39.482136708931804,57.82871280093383,5.305877489165615,58.844282269033386,39.55438602619381,57.97421309218319,5.271000000000001,57.649,CI,2
39.584247980745005,58.02000585918207,5.305547643121076,59.03359071409591,39.65710800915855,58.16434310844728,5.276000000000002,58.043,CI,2
39.686858233484195,58.20744993018004,5.305744761577848,59.21985130352071,39.76001127692555,58.35032561089004,5.276000000000002,58.043,CI,2
39.783104183696615,58.389455523986776,5.306240376796722,59.40110267474186,39.85418548323227,58.53021626198784,5.281000000000001,58.423,CI,2
39.884019539129525,58.56860301602157,5.306740203534542,59.57895071055923,39.95681803085249,58.70831404469213,5.281000000000001,58.423,CI,2
39.98581811237136,58.74435809488702,5.307196092993584,59.75222588607518,40.05909678330006,58.88275138599625,5.286000000000001,58.788,CI,2
40.08759480867362,58.91625252825309,5.307663415387024,59.92270310012872,40.161066401816605,59.05313470994892,5.286000000000001,58.788,CI,2
40.18783045029628,59.081183329460494,5.3086225906168885,60.08740034754195,40.2609573439039,59.21540888300641,5.286000000000001,58.788,CI,2
40.28938957436844,59.24412139522869,5.310098601758897,60.24977114891098,40.3632306947407,59.3775038429269,5.286000000000001,58.788,CI,2
40.39159954630794,59.40358540447388,5.312075488972739,60.40660631212095,40.46593045082348,59.53557074919771,5.290000000000001,59.467,CI,2
40.4941200118113,59.559215552383506,5.314558386353172,60.55974115073374,40.56884237813745,59.68965771954164,5.290000000000001,59.467,CI,2
40.59187523172996,59.70844611917645,5.317638315169412,60.70891040316582,40.66522176144927,59.836357948789924,5.293000000000001,59.783,CI,2
40.69296351021232,59.85558991467192,5.320783250273984,60.85440648837265,40.76775443955886,59.98262289097368,5.293000000000001,59.783,CI,2
40.79476079172771,59.999340453518606,5.323895412101702,60.995421722559506,40.87012142291838,60.12497048631729,5.297000000000001,60.080999999999996,CI,2
40.896726109734765,60.13925474261306,5.326875922839987,61.13295537885903,40.972486877283906,60.26330298756428,5.297000000000001,60.080999999999996,CI,2
40.99292877167889,60.27465886161168,5.329799929904892,61.26631788502418,41.067038520045344,60.39681203522956,5.299000000000001,60.365,CI,2
41.093603071259714,60.40658918107069,5.3327450886854,61.39649101907977,41.16956898713531,60.52735360320891,5.299000000000001,60.365,CI,2
41.19541804539201,60.534577133809776,5.335757424242174,61.52165229999497,41.27215078128315,60.653709112120424,5.301,60.632,CI,2
41.297542842607506,60.65873936468539,5.338597816227061,61.64641646902149,41.37478727823452,60.776252224635186,5.301,60.632,CI,2
41.39658942470071,60.77564966056173,5.341398048290075,61.760983604428034,41.47315004720417,60.89026126307037,5.3050000000000015,60.884,CI,2
41.49753520179322,60.890780925329786,5.343238558038315,61.87505590729866,41.57519842077845,61.00451142577369,5.3050000000000015,60.884,CI,2
41.59862025881543,61.00241608891474,5.343816946193332,61.983840635736854,41.676779068250866,61.11461232760554,5.309000000000001,61.12,CI,2
41.699488842480704,61.11016897031449,5.343644679139608,62.089530611194164,41.778028097622524,61.2206770774856,5.309000000000001,61.12,CI,2
41.79530456215456,61.211316232958666,5.342737505010237,62.1907222897429,41.87252029878205,61.31909547526725,5.312000000000001,61.339,CI,2
41.894907475001965,61.310248251031595,5.342071319078627,62.28734875945943,41.973896369930365,61.41698548509733,5.312000000000001,61.339,CI,2
41.9955231059834,61.405688914768525,5.341717531527334,62.379863119870265,42.0753547546659,61.51086158427606,5.309000000000001,61.543,CI,2
42.09630765249323,61.49726648647495,5.342065320820742,62.47090293079692,42.17670886413526,61.600711902105786,5.309000000000001,61.543,CI,2
42.19392252295022,61.5820641466199,5.343738775018636,62.555627163126985,42.27371206066709,61.68268352662526,5.309000000000001,61.543,CI,2
42.29432808555911,61.66507267213514,5.346019067610385,62.63700276838426,42.37563863719806,61.76471885390602,5.309000000000001,61.729,CI,2
42.395560168561886,61.74450897349355,5.348730674017221,62.712381724709886,42.477718396966395,61.84249412672819,5.314000000000002,61.900999999999996,CI,2
42.49663051033188,61.82008806626875,5.35096988362823,62.785898346745775,42.5793095573732,61.91627833377545,5.314000000000002,61.900999999999996,CI,2
42.5907705244594,61.886811445272336,5.35302503513199,62.85585980598362,42.67155723107551,61.97932580016793,5.315000000000001,62.055,CI,2
42.689440834779866,61.952921884628125,5.3553892731874955,62.91977012699303,42.77240846264659,62.04485417547163,5.315000000000001,62.055,CI,2
42.78957524557265,62.01588659830494,5.358153274338392,62.97991211770574,42.87366360991407,62.10625956555537,5.316000000000001,62.19499999999999,CI,2
42.89045825762417,62.07501423577837,5.3612129278976095,63.03707889217261,42.97543491520105,62.16354604645126,5.316000000000001,62.19499999999999,CI,2
42.98799014351751,62.12893513205389,5.36452359967259,63.09096181853395,43.072423748331786,62.21506440265746,5.318000000000001,62.316,CI,2
43.08818355428859,62.18043124807082,5.367844659677093,63.1404960641692,43.1742015388736,62.26522152765292,5.318000000000001,62.316,CI,2
43.188878587578984,62.22926054345914,5.370931508117268,63.18761386627678,43.27575148563669,62.31256709566849,5.318000000000001,62.423,CI,2
43.28959027647478,62.2755493619586,5.373809650402325,63.233626039318274,43.377158081404495,62.357393774614074,5.318000000000001,62.423,CI,2
43.38664645284024,62.31530654546885,5.3769515207024785,63.276508272917546,43.473572625360475,62.39421009344345,5.3210000000000015,62.516000000000005,CI,2
43.486584255059874,62.356352656396446,5.379971251531231,63.318205089620534,43.57525626217642,62.435169930915684,5.3210000000000015,62.516000000000005,CI,2
43.587239978280294,62.39651372880108,5.382926853347187,63.357735276227956,43.676870616521285,62.474432436588025,5.3210000000000015,62.601,CI,2
43.68791395628189,62.435130869591475,5.385641740011353,63.3955688329579,43.77824367441351,62.511899779710596,5.3210000000000015,62.601,CI,2
43.78786678666743,62.46321777346723,5.38810070029515,63.43279530796942,43.8785214954722,62.53562665803772,5.323,62.679,CI,2
43.88812100084357,62.496103480403725,5.390652639825379,63.467631078018236,43.979706833498156,62.56954283802917,5.323,62.679,CI,2
43.98861805758814,62.5290027733134,5.393138727082345,63.50156405042046,44.08099908743975,62.60180823143607,5.322000000000001,62.751000000000005,CI,2
44.08927014174225,62.56030177521696,5.395722678863376,63.53343745370445,44.18237638629009,62.63190323872603,5.322000000000001,62.751000000000005,CI,2
44.18558792331233,62.586761895558126,5.398485501149833,63.56222892647415,44.27778668445802,62.6559495155963,5.322000000000001,62.751000000000005,CI,2
44.2850819719951,62.61303037524191,5.400969279910522,63.59025804648444,44.37906912802307,62.681543192258545,5.322000000000001,62.81399999999999,CI,2
44.385379239451915,62.637487216039816,5.403522449127559,63.6150871812409,44.48030647431031,62.704698627305056,5.325000000000001,62.870999999999995,CI,2
44.48578383905257,62.65954358030475,5.406017318550771,63.63769065087442,44.58140116741924,62.7252188905144,5.325000000000001,62.870999999999995,CI,2
44.58178573369505,62.67451565214125,5.408715856070956,63.65692828717848,44.6764390028455,62.7369291098173,5.3260000000000005,62.916,CI,2
44.68117198736771,62.689599985028856,5.411417660000182,63.6733038913458,44.77771635890974,62.75136508206638,5.3260000000000005,62.916,CI,2
44.78149808792252,62.702349774390854,5.414169025878272,63.686553464148844,44.87904404966726,62.76254899790437,5.325000000000001,62.95099999999999,CI,2
44.882040927736796,62.7118714852791,5.416891600333526,63.696234404913966,44.980328570877944,62.770155389280866,5.325000000000001,62.95099999999999,CI,2
44.98061818316547,62.71618040380548,5.420032380162164,63.70028461774849,45.07885614836236,62.77179596020122,5.325000000000001,62.974999999999994,CI,2
45.08045420652946,62.71835805197357,5.420032380162164,63.70028461774849,45.1798361425016,62.77239790093068,5.325000000000001,62.974999999999994,CI,2
45.18069124223724,62.71766530891859,5.420032380162164,63.70028461774849,45.28090914490972,62.76983076292081,5.325000000000001,62.982,CI,2
45.281119659102416,62.71537101809995,5.420032380162164,63.70028461774849,45.38211863289086,62.76607635682434,5.325000000000001,62.982,CI,2
45.37569494257029,62.70900536149218,5.420032380162164,63.70028461774849,45.47527859744937,62.75730017169418,5.325000000000001,62.976,CI,2
45.47457733312249,62.70714492265511,5.420032380162164,63.70028461774849,45.57644703574761,62.75616388375754,5.325000000000001,62.976,CI,2
45.5744634417793,62.7077227333886,5.420032380162164,63.70028461774849,45.677380985296985,62.756720993246844,5.3260000000000005,62.968,CI,2
45.67464778458823,62.70957236216869,5.420032380162164,63.70028461774849,45.77830992386966,62.75815928220537,5.3260000000000005,62.968,CI,2
45.77141336474686,62.71007768159638,5.420032380162164,63.70028461774849,45.8744271631773,62.757317378266464,5.325000000000001,62.97,CI,2
45.87091210079389,62.71113050624469,5.420032380162164,63.70028461774849,45.975474526562195,62.75777347846114,5.325000000000001,62.97,CI,2
45.97112582506808,62.71173915164795,5.420032380162164,63.70028461774849,46.076493069204304,62.75740913767408,5.325000000000001,62.973,CI,2
46.07154143097848,62.71199839891601,5.420032380162164,63.70028461774849,46.17751833918315,62.75671994665835,5.325000000000001,62.973,CI,2
46.16896891948474,62.70925263951273,5.420032380162164,63.70028461774849,46.27436505057432,62.75206848955486,5.325000000000001,62.973,CI,2
46.26858245070928,62.708989649079165,5.420032380162164,63.70028461774849,46.37530619826228,62.75186243213131,5.325000000000001,62.973,CI,2
46.36883130005927,62.70964501316815,5.420032380162164,63.70028461774849,46.47628106662203,62.752035921151844,5.323,62.973,CI,2
46.46932846377815,62.71056858090182,5.420032380162164,63.70028461774849,46.57733569759647,62.75226410836105,5.323,62.973,CI,2
46.567098043811356,62.7098116005599,5.420032380162164,63.70028461774849,46.67455185068139,62.75011589450915,5.324000000000002,62.97,CI,2
46.66685071623671,62.710178652436056,5.420032380162164,63.70028461774849,46.77546160826271,62.75012287628766,5.324000000000002,62.97,CI,2
46.767139549150414,62.71064532721899,5.420032380162164,63.70028461774849,46.87635936667533,62.74986907383094,5.325000000000001,62.973,CI,2
46.867594545377614,62.71112289376858,5.420032380162164,63.70028461774849,46.97727457966276,62.74959949790766,5.325000000000001,62.973,CI,2
