Filter X,Filter Y,IMU X,IMU Y,GPS X,GPS Y,Ground Truth X,Ground Truth Y,Algorithm,Spoofing Rate
1.92153281076634,-0.01904368762787381,0.0,0.0,2.239632712785029,-0.023804007056914524,0.0,0.0,CI,2
2.2903143934662364,-0.02333131898439119,0.0,0.0,2.3409042095732433,-0.0248603129630243,0.0,0.0,CI,2
2.4617863693226734,-0.025229360601331317,0.0,0.0,2.4422486404539767,-0.025923378592704934,0.0,0.0,CI,2
2.584167761264946,-0.027580040280316683,0.0,0.0,2.5466143025573684,-0.028440220916489175,0.0009999999999994458,0.0,CI,2
2.6911617196575164,-0.029026407109896065,0.0,0.0,2.64796913488776,-0.02956259174034473,0.0009999999999994458,0.0,CI,2
2.7940078084403783,-0.030200065298419575,0.0,0.0,2.7492964207965773,-0.030641129046099662,0.0009999999999994458,0.0,CI,2
2.8976217329543594,-0.032302722824850486,0.0,0.0,2.853191348501357,-0.03308134833181321,0.0009999999999994458,0.0,CI,2
2.9995878798004787,-0.03365778137837492,0.0,0.0,2.954554367190957,-0.0341769529045467,0.0,-0.001000000000000334,CI,2
3.101099249855844,-0.034834935600423424,0.0,0.0,3.0558992798779254,-0.03529727019843272,0.0009999999999994458,0.0,CI,2
3.20248687999619,-0.035931750154825345,0.0,0.0,3.1572416212882994,-0.03637237971550833,0.0009999999999994458,0.0,CI,2
3.3062352465733458,-0.031656929770712675,0.0,0.0,3.261854121160145,-0.030197120869998324,0.0009999999999994458,0.0,CI,2
3.4082444039034443,-0.0313324719018356,0.0,0.0,3.363226636253487,-0.031242226964889028,0.0009999999999994458,0.0,CI,2
3.509798510543009,-0.03205496617072503,0.0,0.0,3.464614177723492,-0.03233214795545389,0.0009999999999994458,0.0,CI,2
3.611210963724242,-0.0329967088519507,0.0,0.0,3.565974782679436,-0.03335747155704571,0.0009999999999994458,0.0,CI,2
3.716023234072045,-0.03252066253237817,0.0,0.0,3.6720314838477504,-0.03239175180879341,0.0019999999999988916,0.0,CI,2
3.818329211362446,-0.03315664554066562,0.0,0.0,3.773420085113659,-0.033413942763734744,0.0019999999999988916,0.0,CI,2
3.9199727050377025,-0.03410305398320057,0.0,0.0,3.8748210931286513,-0.034476065386997275,0.0019999999999988916,0.0,CI,2
4.021443458841937,-0.035089392074436156,0.0,0.0,3.9762286237523075,-0.035487255531555684,0.0019999999999988916,-0.001000000000000334,CI,2
4.125771088225025,-0.0365967709193546,0.0,0.0,4.081601941615699,-0.03718849528714649,0.0019999999999988916,-0.001000000000000334,CI,2
4.227965951010217,-0.03767809698034616,0.0,0.0,4.183016176781676,-0.0381403602023605,0.0019999999999988916,-0.001000000000000334,CI,2
4.329612953285743,-0.038631452507791306,0.0,0.0,4.284462663884509,-0.03906400664386811,0.0019999999999988916,0.0,CI,2
4.431087011574624,-0.039534746293552234,0.0,0.0,4.385873436570299,-0.03996379391755745,0.0019999999999988916,0.0,CI,2
4.532454662159634,-0.040356316523234896,0.0,0.0,4.487202159199219,-0.04077086641190017,0.0019999999999988916,0.0,CI,2
4.637152856936391,-0.03997439622281454,0.0,0.0,4.593119477379971,-0.03998513619811615,0.0019999999999988916,0.0,CI,2
4.739420274474873,-0.04014373510349109,0.0,0.0,4.694497145461657,-0.040342919210258336,0.0009999999999994458,0.0009999999999994458,CI,2
4.841016664023932,-0.040157416189547004,0.0,0.0,4.79584793575202,-0.04030768036624901,0.0030000000000001137,0.0019999999999997797,CI,2
4.942049328309365,-0.03807369952932661,0.0,0.0,4.896674346460248,-0.03750222460038528,0.0030000000000001137,0.0019999999999997797,CI,2
5.04326491339904,-0.03674569500794583,0.0,0.0,4.997956804494818,-0.036407685131946525,0.0030000000000001137,0.0030000000000001137,CI,2
5.144533368193083,-0.035183399508841855,0.0,0.0,5.099244587488905,-0.03474695940563443,0.0039999999999995595,0.004999999999999893,CI,2
5.245716550609868,-0.03323378714101607,0.0,0.0,5.200396534367648,-0.03264218579202117,0.0039999999999995595,0.004999999999999893,CI,2
5.346466685745516,-0.030793502277340873,0.0,0.0,5.300988134698054,-0.030004644769248797,0.0039999999999995595,0.01100000000000012,CI,2
5.44737840335274,-0.02778927189841824,0.0,0.0,5.401958962205806,-0.026769557420199437,0.0039999999999995595,0.01100000000000012,CI,2
5.548386251595226,-0.024100473532369306,0.0,0.0,5.503001962724877,-0.02279857886295985,0.0039999999999995595,0.019999999999999574,CI,2
5.649486580982149,-0.019821879690168902,0.0,0.0,5.604136119301021,-0.0182583406223588,0.0039999999999995595,0.019999999999999574,CI,2
5.750276133909284,-0.01167991245623943,0.0,0.0,5.704811799036214,-0.008718379006552146,0.006999999999999673,0.03000000000000025,CI,2
5.851224691226859,-0.005365434482699195,0.0,0.0,5.8058187961380785,-0.0028986951959963448,0.006999999999999673,0.03000000000000025,CI,2
5.952107661702824,0.0009982624392683452,0.0,0.0,5.906678022248224,0.0035904808958605,0.006999999999999673,0.03000000000000025,CI,2
6.052938791188934,0.007749357011734264,0.0,0.0,6.007490553116774,0.01058672487027561,0.007999999999999119,0.041999999999999815,CI,2
6.147589106660879,0.016392357630818536,0.0,0.0,6.099878845342783,0.02000150240422424,0.012000000000000455,0.05600000000000005,CI,2
6.246773588538317,0.02466334587697884,0.0,0.0,6.200724013618838,0.028298516737642533,0.012000000000000455,0.05600000000000005,CI,2
6.347152546412033,0.033351743491866225,0.0,0.0,6.30154133784005,0.03728310185788971,0.016000000000000014,0.07299999999999951,CI,2
6.4478029584322805,0.042557168307932824,0.0,0.0,6.4022926081571505,0.046829907216261554,0.016000000000000014,0.07299999999999951,CI,2
6.548470774395758,0.052342056137366456,0.0,0.0,6.502968716020048,0.05699031610804808,0.016000000000000014,0.07299999999999951,CI,2
6.649354747160381,0.06319661469429862,0.0,0.0,6.603934058547605,0.06840236465980837,0.016000000000000014,0.07299999999999951,CI,2
6.750137601837666,0.07433836831761924,0.0,0.0,6.704683242099292,0.07985592115427421,0.017999999999998906,0.09399999999999942,CI,2
6.850937667013532,0.08600279872814337,0.0,0.0,6.80549353003375,0.09192292399732752,0.022999999999999687,0.11599999999999966,CI,2
6.950842129467269,0.09764307576495551,0.0,0.0,6.905075308429114,0.10379300705900972,0.022999999999999687,0.11599999999999966,CI,2
7.051498284638624,0.11043786569126923,0.0013005740879431116,0.1033157755333894,7.006011714353326,0.11722547998197792,0.026999999999999247,0.14100000000000001,CI,2
7.152356407533844,0.12397862370771102,-0.009040319238215747,0.14767894203597526,7.106950476459534,0.13128942497810814,0.026999999999999247,0.14100000000000001,CI,2
7.253345630590561,0.13829355034281832,-0.014385466283533693,0.1805492382426995,7.207995732126042,0.14615621460256983,0.03200000000000003,0.16699999999999982,CI,2
7.349180080549524,0.15839856745957664,-0.0155031618718855,0.2091870842807011,7.301948558707732,0.16855621438312754,0.038000000000000256,0.2029999999999994,CI,2
7.44899055374134,0.17544918867520415,-0.014960573780933175,0.23455531111060676,7.403232357070332,0.18496411876201088,0.038000000000000256,0.2029999999999994,CI,2
7.549885220581161,0.1921667224804841,-0.012939234631595173,0.25809014689316895,7.504539638918044,0.20193558870192932,0.038000000000000256,0.2029999999999994,CI,2
7.651021196248227,0.20943738524010047,-0.010531618445441746,0.2806839999171985,7.605780535027495,0.21976779134156008,0.038000000000000256,0.2029999999999994,CI,2
7.756442835574582,0.23310183841557036,-0.007135904445768315,0.30288413818533544,7.712781598856575,0.24600645272845933,0.04100000000000037,0.23499999999999943,CI,2
7.858795072321419,0.25372776435343775,-0.0034789897951075753,0.32545786500017293,7.814043314944466,0.26610588205947866,0.04499999999999993,0.2709999999999999,CI,2
7.960510018433287,0.27477178637337024,0.0008537698980950565,0.3489739768016543,7.915553155136898,0.287763125046617,0.04499999999999993,0.2709999999999999,CI,2
8.06223389522274,0.29745887486657163,0.005024887582904509,0.37411623327599564,8.017309952571507,0.3114983618658957,0.051000000000000156,0.31099999999999994,CI,2
8.155038442110136,0.3269672727828575,0.009929135534300486,0.40152924348868535,8.106876153411495,0.3438843305074298,0.054999999999999716,0.35599999999999987,CI,2
8.254755847070998,0.35598349118303024,0.015610698957529735,0.43132907841712476,8.209173838372028,0.3733561533995186,0.054999999999999716,0.35599999999999987,CI,2
8.356451748056113,0.3872768607183001,0.02399408612934803,0.4625398026045245,8.31164458285638,0.4060790114508124,0.058999999999999275,0.41000000000000014,CI,2
8.458864131976242,0.4215928858224549,0.03404904694138023,0.49454884430003193,8.414378026861726,0.442137852386749,0.058999999999999275,0.41000000000000014,CI,2
8.561849481546842,0.45921428800159464,0.04637185334926659,0.522680511684176,8.51764324124165,0.4816665644557064,0.058999999999999275,0.41000000000000014,CI,2
8.663451219928035,0.5054197879284205,0.009544147748870847,0.5609273076235413,8.618808088861261,0.5316675901056306,0.058999999999999275,0.41000000000000014,CI,2
8.767137210804703,0.5518009153548415,-0.013048011165385998,0.6116913811775964,8.723377288249369,0.5791109782563321,0.06199999999999939,0.47799999999999976,CI,2
8.871745458130208,0.6014451922776182,-0.026246590129152272,0.668750492183531,8.828448934806241,0.6309087188551561,0.07399999999999984,0.5619999999999994,CI,2
8.973524482252415,0.6570844887537343,-0.03235969265299209,0.7333518916167686,8.929333235354468,0.6897301731828944,0.07399999999999984,0.5619999999999994,CI,2
9.077522201967296,0.7159935566840371,-0.033827583560179,0.8029687155527472,9.034322853799194,0.7509818078953964,0.08499999999999908,0.6559999999999997,CI,2
9.182133199034102,0.778965713425704,-0.03009041124034676,0.8792339217945948,9.139367281744562,0.8166591278499398,0.08499999999999908,0.6559999999999997,CI,2
9.28739030036036,0.8460060531649346,-0.022757025729251465,0.9585178153329945,9.245106888234478,0.8864994251108266,0.09499999999999886,0.7720000000000002,CI,2
9.390177421548525,0.92149421844568,-0.010676279309238708,1.0420575585992822,9.347258644340645,0.966402675916382,0.10099999999999909,0.907,CI,2
9.496354937050313,0.9968381043637916,0.003006073444325446,1.127231666245979,9.455046019726375,1.0433310648396101,0.10099999999999909,0.907,CI,2
9.603897506065376,1.0742625293406316,0.018960066296233133,1.2143028309330932,9.563489954161376,1.1231514760470125,0.11099999999999888,1.056,CI,2
9.712060250599832,1.1540765252600576,0.034846190813321756,1.3027725913154269,9.672333826637333,1.205534655688777,0.11099999999999888,1.056,CI,2
9.814937288866377,1.2371549161707354,0.05157610772289071,1.393265083343363,9.773796197201833,1.2915888285319879,0.12299999999999933,1.2199999999999998,CI,2
9.921854788169984,1.3219273576057393,0.06786232940267668,1.4861570660790717,9.882759966907832,1.3787755760169977,0.12299999999999933,1.2199999999999998,CI,2
10.029804139803433,1.4086302920481883,0.08402627721447667,1.5772601320254653,9.991729125126094,1.4680595980751558,0.12299999999999933,1.2199999999999998,CI,2
10.138089324089783,1.4972517190950403,0.09922490297885593,1.6715591222031823,10.100852199804425,1.5593141648825357,0.1349999999999998,1.3919999999999995,CI,2
10.242671758050957,1.590058612256592,0.11334157105579248,1.7676166471406112,10.204863963687293,1.6556185468041738,0.14400000000000013,1.5750000000000002,CI,2
10.35033131257764,1.682883584832441,0.12640376687088212,1.8650374259311413,10.314525647312607,1.7504847585649383,0.14400000000000013,1.5750000000000002,CI,2
10.458825791382715,1.7769920423718242,0.13934425712738538,1.9658590088436618,10.424276455917441,1.8471168361301116,0.14899999999999913,1.7649999999999997,CI,2
10.56746322279943,1.872708972225062,0.15141082320569768,2.064541961341073,10.533999587386498,1.9455009987290355,0.14899999999999913,1.7649999999999997,CI,2
10.676093885372305,1.9700726518437264,0.16424539474060054,2.166440022140766,10.643746987756062,2.0455659969286755,0.14899999999999913,1.7649999999999997,CI,2
10.77788098801826,2.0695886423609093,0.17735167135235938,2.2696402829398403,10.744277132338603,2.1480463661587574,0.14899999999999913,1.7649999999999997,CI,2
10.884983108194959,2.1701436776829315,0.19101574276349198,2.3739656421387862,10.854561721838907,2.251006904250429,0.16000000000000014,1.9589999999999996,CI,2
10.993521564662986,2.2718428711307186,0.204733757879755,2.481837942779754,10.96499658603081,2.3552218624052292,0.16900000000000048,2.16,CI,2
11.097620682746529,2.3787123665247982,0.2171812220114622,2.588421642651627,11.06894048114437,2.466087512131851,0.16900000000000048,2.16,CI,2
11.204637655079626,2.4839769214876983,0.2290239766226668,2.696464848253487,11.17860092882596,2.5728734585959945,0.17900000000000027,2.369999999999999,CI,2
11.312403815610521,2.5898388489756217,0.2401434664267548,2.804080979517593,11.288291770572537,2.6810224294030065,0.1869999999999994,2.583,CI,2
11.420352646052248,2.696722685859853,0.2519110689740869,2.916195723274523,11.398043451792653,2.79031705937627,0.1869999999999994,2.583,CI,2
11.522650267338085,2.8039264918940265,0.2628414111569219,3.0279138053258325,11.500169422828742,2.8997133619032165,0.19200000000000017,2.802999999999999,CI,2
11.628866205781256,2.91317614342037,0.2735979905358285,3.1411132508529036,11.609605613045616,3.011551910439655,0.19200000000000017,2.802999999999999,CI,2
11.736082072341157,3.0240531942318936,0.28432983997257383,3.255610458535287,11.719127233899522,3.1248947384997843,0.19200000000000017,2.802999999999999,CI,2
11.843320099103678,3.1363618468531196,0.2943999464917033,3.369810805410427,11.828413878278873,3.2395676060670695,0.19200000000000017,2.802999999999999,CI,2
11.945885414017086,3.2534809105029576,0.3060795799527209,3.490067705572617,11.931412318800765,3.360251698872737,0.20500000000000007,3.2569999999999997,CI,2
12.052117753777944,3.3696117864781967,0.31703847971840915,3.609243387595474,12.041114070228208,3.477696615062325,0.20500000000000007,3.2569999999999997,CI,2
12.15934402672428,3.4870553723464264,0.3279546396033452,3.729890519546457,12.15092225596595,3.5972504325563484,0.20500000000000007,3.2569999999999997,CI,2
12.266279479072805,3.605639562811982,0.33865851986420253,3.8519409524872987,12.260056373131603,3.717827919804504,0.2140000000000004,3.4909999999999997,CI,2
12.373669952045946,3.725860800681749,0.34930497142137396,3.975057700299071,12.369941646702689,3.840128396061543,0.21999999999999886,3.731,CI,2
12.4801189850542,3.8476516543523536,0.3595209404756309,4.09957078689863,12.478448204744026,3.9639081420847315,0.21999999999999886,3.731,CI,2
12.586476612729674,3.971371973250096,0.369327384406424,4.226496802070636,12.587177232260183,4.089645015930673,0.21999999999999886,3.731,CI,2
12.692916040444429,4.096621608982944,0.3785481857914385,4.355507110062747,12.696079035956158,4.216676759943787,0.2240000000000002,3.978999999999999,CI,2
12.799411092705792,4.223570319542442,0.38549463032686915,4.484254191610307,12.80504518946517,4.345379408017617,0.2240000000000002,3.978999999999999,CI,2
12.896532730743202,4.355331480273549,0.3925876324904373,4.619393250824766,12.90137262038323,4.480007548341173,0.2240000000000002,3.978999999999999,CI,2
13.000112219586228,4.486471846800083,0.3965693641325033,4.7516265259031725,13.009540253159798,4.611781366209833,0.2259999999999991,4.234,CI,2
13.105216666513817,4.6186580523756975,0.4011162691574707,4.890358417407979,13.117595345323474,4.745189408590925,0.23000000000000043,4.491999999999999,CI,2
13.206462307383175,4.754524788946583,0.4042588390152307,5.028416406455307,13.219934813804775,4.883191881684019,0.23000000000000043,4.491999999999999,CI,2
13.310918597049533,4.890969075759889,0.4080589610602746,5.168715423688718,13.327863100721148,5.020498897821541,0.23499999999999943,4.756,CI,2
13.415925259456147,5.029203036312507,0.4116721908054316,5.3118602237973445,13.435442441233157,5.159983287084838,0.23499999999999943,4.756,CI,2
13.52097974584234,5.170566280138876,0.41576344662289916,5.456842547065774,13.542871914081715,5.303010395474673,0.238999999999999,5.029999999999999,CI,2
13.616428410729977,5.314274504469879,0.42030775789526315,5.605310363194927,13.637360540564009,5.448052169003937,0.2419999999999991,5.311999999999999,CI,2
13.719586986526647,5.461169799013331,0.425939112875519,5.756198489051353,13.745284207543223,5.59643026598528,0.2419999999999991,5.311999999999999,CI,2
13.824779930668509,5.6109649022856924,0.43251043048496157,5.910557617178267,13.853386563581612,5.747576975243671,0.2419999999999991,5.311999999999999,CI,2
13.930432320891917,5.763908737617441,0.4395473487366383,6.067919815202535,13.96139969300321,5.901907251194695,0.2469999999999999,5.606,CI,2
14.032105640722786,5.9209655185656604,0.4467241768838481,6.228336821302691,14.063870709986304,6.060646183426953,0.2519999999999989,5.911,CI,2
14.1367792425317,6.080591746547248,0.4536099924391866,6.391913971496851,14.17160502004556,6.221320318360708,0.2519999999999989,5.911,CI,2
14.24217979111818,6.243195876277136,0.45985993543854364,6.559608013330396,14.279277830229459,6.385073706917981,0.2519999999999989,5.911,CI,2
14.347678450720363,6.408740850379116,0.46542258798255676,6.729514710900145,14.386782560540423,6.551705492530343,0.2569999999999997,6.228,CI,2
14.44342447537352,6.576825242453214,0.4697145890759853,6.902677966307615,14.481096172443094,6.720673093539346,0.26099999999999923,6.557,CI,2
14.546303059125993,6.747762498172377,0.4737881441790261,7.077247228217249,14.5880766075626,6.892596728832843,0.26099999999999923,6.557,CI,2
14.650991984920413,6.921335921096636,0.47835960696436797,7.25449033220787,14.695100302714854,7.067033458396439,0.26399999999999935,6.898,CI,2
14.756285919500419,7.097335678723175,0.4834353606764174,7.433848370577269,14.802280895143701,7.243785785429872,0.26399999999999935,6.898,CI,2
14.861907477266254,7.275659809120371,0.4889109813416492,7.615955043445776,14.90963442700919,7.4227970942751345,0.26399999999999935,6.898,CI,2
14.955293314148449,7.458859007071959,0.49508858668247013,7.799926187190765,15.000388889183736,7.607549397339149,0.26399999999999935,6.898,CI,2
15.058615245762667,7.64216339033156,0.5021597412402558,7.985230021192458,15.108366853242073,7.790753474999275,0.26500000000000057,7.247999999999999,CI,2
15.164676298827167,7.826956259917833,0.5095688672565151,8.169144836718841,15.216731375149903,7.975889602251768,0.266,7.609999999999999,CI,2
15.261928512386094,8.010211535701702,0.5172213152440422,8.361708475469513,15.312299013065997,8.158312530929566,0.266,7.609999999999999,CI,2
15.365861652930064,8.197419968556105,0.5243845685812467,8.552483604218134,15.419679337415383,8.346780715393333,0.2729999999999997,7.978,CI,2
15.471289021043459,8.386873541738682,0.5310184525570272,8.744942599394518,15.52681093598028,8.536820990109513,0.2729999999999997,7.978,CI,2
15.577067795962458,8.577787586223389,0.537279852218522,8.938256979523924,15.633862502020186,8.728019998390177,0.2789999999999999,8.352,CI,2
15.670982834528205,8.766968511739682,0.5434056232146175,9.133563051627398,15.7247811084025,8.916248484502015,0.28200000000000003,8.733,CI,2
15.773694090693736,8.959828954708405,0.5495041145632127,9.328238403555357,15.831378214144648,9.110293332340797,0.28200000000000003,8.733,CI,2
15.878742023178384,9.154803053745033,0.5559084399881942,9.525876680570283,15.938167548469222,9.305812708732013,0.28200000000000003,8.733,CI,2
15.984660923958076,9.351219619364084,0.5626618121636013,9.723421065054394,16.045308281234604,9.502513458034072,0.28200000000000003,8.733,CI,2
16.075288227666633,9.554010346045565,0.5697381001894053,9.924268404043184,16.13159134472449,9.70727794612211,0.28500000000000014,9.514,CI,2
16.17795204491031,9.754286258382402,0.5764552236863003,10.123482398412214,16.238928549647344,9.906557253318606,0.28500000000000014,9.514,CI,2
16.28307960054336,9.954733161124883,0.5829095317507532,10.322121654828289,16.345623747468917,10.106866190909187,0.28500000000000014,9.514,CI,2
16.38851871455842,10.15591962455345,0.5888913686823388,10.528054133027656,16.45190314889402,10.308097296607441,0.2889999999999997,9.913,CI,2
16.48048376143075,10.362660221776434,0.5947083910613463,10.732228508841157,16.539959357483816,10.516538202127872,0.29299999999999926,10.315,CI,2
16.58291529075886,10.56694462908856,0.6000733294230254,10.936500110950135,16.646389497795855,10.7198699186944,0.29299999999999926,10.315,CI,2
16.687907605400436,10.771340783580026,0.6052747212656107,11.142420525602367,16.75282550110041,10.92413676021079,0.2919999999999998,10.720999999999998,CI,2
16.793432981979848,10.976546432663493,0.6101455686288012,11.348674039122825,16.85911840568734,11.129441598947341,0.2919999999999998,10.720999999999998,CI,2
16.898904870977088,11.182649604208237,0.6150492540650875,11.556146316338817,16.965133605368553,11.335674897751655,0.2919999999999998,10.720999999999998,CI,2
16.993571945551565,11.386917165394431,0.620216508165225,11.764019826092268,17.056578268680113,11.539004688001228,0.2919999999999998,10.720999999999998,CI,2
17.09630912357377,11.594085090191777,0.6257368750054157,11.97358829012685,17.162453695962327,11.74716725842894,0.2940000000000005,11.130999999999998,CI,2
17.201189064566783,11.802610246347882,0.6314476105054675,12.182961982389209,17.26850107358124,11.956046545343636,0.2940000000000005,11.130999999999998,CI,2
17.29078313868587,12.013752136135844,0.6371593495169371,12.393992000890446,17.35326153659931,12.167855110832685,0.2970000000000006,11.543000000000001,CI,2
17.392143988920044,12.224506430845894,0.6428453666305706,12.60553434963411,17.458828311705314,12.37850741937241,0.29800000000000004,11.961,CI,2
17.49635339920008,12.43594755185813,0.648755101638528,12.818587919573563,17.564341233144678,12.5900990389158,0.29800000000000004,11.961,CI,2
17.60144949550142,12.648240638386424,0.6544556510031547,13.031753297759463,17.67009493974145,12.802573501890507,0.2970000000000006,12.380999999999998,CI,2
17.697560287450596,12.863924926157202,0.6601619922821897,13.248091429856764,17.763466936077602,13.0192794233729,0.2989999999999995,12.804,CI,2
17.800818759071337,13.078540768059625,0.665880763555682,13.461751770691853,17.869345796790327,13.233503064993238,0.2989999999999995,12.804,CI,2
17.905773363444737,13.293822883147504,0.6716335427511758,13.677011224464072,17.975153666080438,13.44893513128452,0.2970000000000006,13.232999999999999,CI,2
18.011061058062243,13.509818208150586,0.6774573286844432,13.894073015978496,18.080836056460985,13.665080164555832,0.2970000000000006,13.232999999999999,CI,2
18.10219673674304,13.727591628712934,0.6835296949588416,14.112138593530908,18.167354894011158,13.88327071494777,0.2970000000000006,13.232999999999999,CI,2
18.204125802449937,13.945587028365365,0.6896553925220437,14.33079057172837,18.273034193455707,14.101431250095283,0.2989999999999995,13.664,CI,2
18.3085136840451,14.164486049906454,0.6957118679949951,14.551332918335975,18.37844991300091,14.32060779013501,0.29999999999999893,14.098999999999998,CI,2
18.41328966478779,14.38443745464331,0.70173625154418,14.771931508520256,18.483567444395334,14.540860716066883,0.29999999999999893,14.098999999999998,CI,2
18.502423720572054,14.605271876134628,0.7074858743825749,14.993936252002802,18.567488335595225,14.76180084528938,0.3019999999999996,14.537999999999998,CI,2
18.603223824416013,14.8267474956508,0.7130767052301418,15.21660609318782,18.672261636319305,14.983637666746706,0.3019999999999996,14.537999999999998,CI,2
18.707026687212107,15.049093564983425,0.7187826477475593,15.439955412699657,18.77721018687551,15.206282618177054,0.2989999999999995,14.981,CI,2
18.81174863044034,15.272293637005259,0.7248537516300606,15.66430934499589,18.882397930424904,15.429740164566745,0.2989999999999995,14.981,CI,2
18.91672408124927,15.496325603834196,0.7310077707816799,15.88938795275588,18.987613355661907,15.654013623889302,0.2989999999999995,14.981,CI,2
19.007420002131987,15.720359044604184,0.7372189768061583,16.115522711430724,19.073505492252195,15.877864901597906,0.2989999999999995,14.981,CI,2
19.109049123720233,15.945825466555725,0.7436546707314724,16.34250766337762,19.178839571572603,16.103984314584224,0.2970000000000006,15.427000000000001,CI,2
19.213472323743684,16.172388794132562,0.75038858580608,16.570320608726295,19.284300961538722,16.330942496152673,0.2989999999999995,15.877,CI,2
19.302506828777087,16.39812112917139,0.7570822797140193,16.798025930707517,19.368102888243456,16.556197134939207,0.2989999999999995,15.877,CI,2
19.403262765496667,16.62606278337965,0.7634021576388683,17.028276849961216,19.472799677809324,16.785099083357732,0.30299999999999905,16.33,CI,2
19.506656744261257,16.85535198147388,0.7694873349472944,17.2595595368833,19.577145738036688,17.014887374006754,0.3019999999999996,16.786,CI,2
19.610814369180336,17.08562862142197,0.7758937030955289,17.490509261348503,19.681639568742437,17.245500926043672,0.3019999999999996,16.786,CI,2
19.695290168155342,17.322015803273715,0.7824940789638961,17.722567394691715,19.75942635788053,17.48390093528492,0.3019999999999996,17.247999999999998,CI,2
19.795005910311772,17.555480507138483,0.789552668720454,17.956027584733388,19.864111524819844,17.716560153280028,0.3019999999999996,17.247999999999998,CI,2
19.898393702274035,17.7888892134503,0.7967412044835323,18.18985035782398,19.968742684524795,17.949991764037723,0.3019999999999996,17.247999999999998,CI,2
20.0028258946671,18.02306995222777,0.8038368445748348,18.424773686698387,20.073583477410278,18.184443763145122,0.3019999999999996,17.247999999999998,CI,2
20.095552523235625,18.256618535572148,0.8107278420119178,18.6606712277238,20.162309515458563,18.417638442287636,0.3019999999999996,18.183,CI,2
20.196737181215564,18.491885973141894,0.8172094012663366,18.89710669073396,20.26631258026055,18.653654715015456,0.3019999999999996,18.183,CI,2
20.29992148945414,18.72806603850206,0.8234639879189993,19.136411245156047,20.37019103708307,18.89018507390123,0.3019999999999996,18.183,CI,2
20.403714282365335,18.96517792792378,0.8297778674453055,19.373658750938965,20.474225948326026,19.127629696345714,0.30299999999999905,18.656,CI,2
20.493999621576144,19.203693868492238,0.8358247684308459,19.612995203381015,20.559878148880994,19.366525663303662,0.29999999999999893,19.130000000000003,CI,2
20.59435896178384,19.442583791662905,0.8415803088829851,19.853853574629554,20.66353482153767,19.60572028024706,0.29999999999999893,19.130000000000003,CI,2
20.697023262047345,19.682219483625264,0.8469269687767874,20.093765234196788,20.76696444961272,19.84566248888098,0.29800000000000004,19.609,CI,2
20.800282832487,19.922647778885864,0.8521188659646319,20.33454092039842,20.87043635720406,20.086383267994574,0.29800000000000004,19.609,CI,2
20.886258693370937,20.164704806972786,0.857356246000457,20.57717949283513,20.950454119403762,20.32887905433261,0.29800000000000004,19.609,CI,2
20.985496798651937,20.40671766114568,0.8625680222588726,20.820555982512357,21.05400800623121,20.57110566461921,0.29499999999999993,20.092,CI,2
21.0877949241663,20.649399921262603,0.8679271546121111,21.06444187745461,21.157305545802043,20.81408408306402,0.2940000000000005,20.576999999999998,CI,2
21.190695309911664,20.893023801365924,0.8729295517133093,21.31032671377904,21.26041158939483,21.05805887208321,0.2940000000000005,20.576999999999998,CI,2
21.280334358089554,21.13680799030327,0.8778170397855392,21.552236621025624,21.34546309439115,21.301789166991377,0.2940000000000005,20.576999999999998,CI,2
21.379581705524817,21.38168759573307,0.8816760461610931,21.80128282628981,21.447834247012786,21.547235655740632,0.2919999999999998,21.063000000000002,CI,2
21.48137432088421,21.62748503759263,0.8860719018233754,22.04839543617832,21.55044993140557,21.793414623450083,0.2919999999999998,21.063000000000002,CI,2
21.584072718790114,21.87406632133803,0.8905029800793065,22.295696360245806,21.65344554570637,22.04029718556037,0.28699999999999903,21.554000000000002,CI,2
21.671392616000006,22.122502107750666,0.8951765800359629,22.544434624412837,21.735454396025258,22.289278855892853,0.2829999999999995,22.049,CI,2
21.77029024584684,22.370897764456686,0.8993242811441614,22.79337922349488,21.838095377376927,22.53786630883094,0.2829999999999995,22.049,CI,2
21.871689680812604,22.619841905909528,0.9031563053304041,23.04419223733904,21.940287785273572,22.78706212849332,0.27999999999999936,22.546999999999997,CI,2
21.973680023263583,22.86965280918746,0.9069559398094216,23.295536762250585,22.042459486815314,23.03720473719206,0.27999999999999936,22.546999999999997,CI,2
22.062650125720587,23.118422067091345,0.9106166117934186,23.547337371842186,22.126898661149763,23.28549584591724,0.2759999999999998,23.043,CI,2
22.16158510905731,23.36899407193573,0.9145665664789524,23.79973222734245,22.229077491829628,23.53689406534702,0.2759999999999998,23.043,CI,2
22.262944553423758,23.620690367100877,0.9183810051599102,24.05246338622875,22.331215256119826,23.789046591715085,0.2759999999999998,23.043,CI,2
22.364849814125705,23.872998567031097,0.9223954247321999,24.30591234107231,22.433285260323274,24.04159308862006,0.27200000000000024,23.546,CI,2
22.4561151060477,24.127703600822528,0.9266946355877149,24.559673301853007,22.520873453974463,24.29708676072229,0.27200000000000024,23.546,CI,2
22.55579897651003,24.38103101858722,0.9313529291003366,24.81283585450347,22.623255391576084,24.550066138862142,0.2679999999999989,24.051000000000002,CI,2
22.657703377820145,24.634024239618487,0.9363456505284783,25.066071334319236,22.7258679700443,24.802979415028478,0.26500000000000057,24.558,CI,2
22.7600841805801,24.887159498074375,0.9412986788391363,25.319783230474112,22.828403856745723,25.05617446166194,0.26500000000000057,24.558,CI,2
22.85121375680036,25.139267425043442,0.946056042452879,25.574071425716998,22.91563678526723,25.307816835918935,0.26500000000000057,24.558,CI,2
22.95076476988386,25.392134975822753,0.9510022582361883,25.827506529339537,23.0179345580827,25.561097934073754,0.26500000000000057,24.558,CI,2
23.052326338531383,25.645204984180683,0.9560809414940334,26.080860484655386,23.120152068033143,25.8142741776976,0.26200000000000045,25.569000000000003,CI,2
23.154277983995865,25.89843532385623,0.9611209674359406,26.333749923685062,23.222236904508797,26.06756704776507,0.26200000000000045,25.569000000000003,CI,2
23.243590578287513,26.150590201741387,0.9661151240569237,26.58698588807797,23.307178766161314,26.31922581863229,0.26200000000000045,25.569000000000003,CI,2
23.342582555067374,26.403505567926814,0.9709898916880364,26.840224089191267,23.40933450462772,26.572571437882605,0.2599999999999998,26.076999999999998,CI,2
23.443838578856123,26.656484403056286,0.9760648585356825,27.093721790618922,23.511335491144422,26.82560687932969,0.2569999999999997,26.583,CI,2
23.545696331652238,26.909610218905964,0.9813021674116628,27.346495355370504,23.613407675939822,27.078788808104136,0.2569999999999997,26.583,CI,2
23.64398462579652,27.160982683357982,0.986443318525006,27.600376554345463,23.71046553002722,27.32948921709246,0.2560000000000002,27.090000000000003,CI,2
23.74530093383742,27.413536343832888,0.9918323910551864,27.852488181935772,23.812809683229812,27.582507262545914,0.2560000000000002,27.090000000000003,CI,2
23.847324955433358,27.666111018698416,0.9969838093406813,28.105639273815928,23.91509056351334,27.835090499747196,0.2560000000000002,27.090000000000003,CI,2
23.94942064169906,27.918777354483556,1.0023157601175667,28.35719654529301,24.01723596026816,28.087781045751026,0.2560000000000002,27.090000000000003,CI,2
24.04567008428048,28.174581739718302,1.0071622036261099,28.610038359211522,24.11151552359123,28.344666293960522,0.2560000000000002,27.090000000000003,CI,2
24.146275351161698,28.427445115856425,1.0117495588007615,28.86173637782146,24.21351233736501,28.596533967051922,0.254999999999999,28.105000000000004,CI,2
24.24785029476305,28.679243640977734,1.016357241333392,29.113390029805522,24.315411172295324,28.84795506447014,0.254999999999999,28.105000000000004,CI,2
24.349671351803153,28.930702243703397,1.021273282689412,29.36473856240288,24.4173374572534,29.0992832332887,0.2530000000000001,28.61,CI,2
24.443545967909962,29.18285570439789,1.0261863259490056,29.616408166269927,24.508502015051445,29.351612025294575,0.25099999999999945,29.114000000000004,CI,2
24.543482874916002,29.434013131986106,1.0310909819331187,29.867301966352848,24.610423713973063,29.602498012894632,0.25099999999999945,29.114000000000004,CI,2
24.644840702295085,29.68467999038133,1.0360274727780427,30.11863182033508,24.71226846391284,29.852998470744435,0.24900000000000055,29.615000000000002,CI,2
24.746742028497003,29.93500760400254,1.0414407313138914,30.368340234543012,24.814384189178043,30.103195786125244,0.24900000000000055,29.615000000000002,CI,2
24.83848801190383,30.191802668973224,1.0473613860437665,30.61810835042447,24.90271523435255,30.362238010694707,0.24900000000000055,29.615000000000002,CI,2
24.93849592921896,30.443437522780183,1.0534765230907728,30.867058540672915,25.005373138640902,30.612132638695176,0.24900000000000055,29.615000000000002,CI,2
25.040332431227284,30.693750528385376,1.0592714734145516,31.116977086650152,25.107830920494177,30.861980809091722,0.24799999999999933,30.115000000000002,CI,2
25.142363508499553,30.94354052081535,1.0650833530531072,31.366012822926518,25.20996867183946,31.11156535920029,0.24900000000000055,30.616,CI,2
25.237649737337343,31.194392110290362,1.0708789416597373,31.615604101741212,25.302984591389947,31.362726864223944,0.24900000000000055,30.616,CI,2
25.33807955871222,31.44397108521216,1.0767236142768528,31.864992240966725,25.405116837207718,31.611911477743224,0.25,31.114000000000004,CI,2
25.439688645373778,31.693145836515676,1.082561073459301,32.113416309308526,25.507153453656795,31.86093990876767,0.25,31.614000000000004,CI,2
25.541521877114207,31.9419629513395,1.088495678449773,32.36173077443747,25.60910779693384,32.109610661202126,0.25,31.614000000000004,CI,2
25.635156833000504,32.192028868744984,1.0945570925289412,32.61054850198053,25.69997222976572,32.36004223396362,0.24900000000000055,32.113,CI,2
25.73502031904357,32.44048946759086,1.1009944603101145,32.85836845931258,25.801886072739883,32.60800635491659,0.24900000000000055,32.113,CI,2
25.83668654002695,32.68852554669066,1.1073992248640399,33.106612433873515,25.904190049315023,32.85589581254382,0.24799999999999933,32.613,CI,2
25.938885139153957,32.93631790622269,1.1140144491041832,33.35351343775418,26.006623133854408,33.1035832777989,0.24799999999999933,32.613,CI,2
26.03670903485848,33.18606760357199,1.1205564124296121,33.60123218924312,26.1030137970862,33.35398262320941,0.25,33.107,CI,2
26.137980575711108,33.433828559397654,1.1271246070578578,33.84863471518259,26.205438379135757,33.601058977178646,0.25,33.107,CI,2
26.23997683999198,33.68103664509856,1.1336093433798495,34.095623633368625,26.30772303458514,33.84805551848428,0.25,33.107,CI,2
26.34219296315678,33.92793793777069,1.140180504611605,34.34230878998979,26.41007011014348,34.09482443516913,0.25099999999999945,33.602000000000004,CI,2
26.435123400190562,34.17850585742824,1.1467840122953723,34.58889119728033,26.49988318360226,34.34662196561174,0.25099999999999945,34.097,CI,2
26.535047405694208,34.42613928534215,1.1532916230821337,34.835123273385115,26.602087429776812,34.59329301230547,0.25099999999999945,34.097,CI,2
26.636571968043622,34.67300572660636,1.1597008385037972,35.08164932882267,26.704173373940346,34.839888472945276,0.2519999999999989,34.592,CI,2
26.738531335012127,34.919736578197764,1.1662746924898812,35.328140373477424,26.806330393067963,35.08655436201619,0.2519999999999989,34.592,CI,2
26.83758097633276,35.1656304136327,1.172381575156285,35.575856298491544,26.904424122674037,35.33209823787776,0.2519999999999989,34.592,CI,2
26.938556108409458,35.41212534429217,1.1784362732207372,35.82143311177712,27.00608296866425,35.57882162195422,0.25399999999999956,35.083,CI,2
27.039657682506974,35.65880168244929,1.1839482026402128,36.069082629339974,27.10726717275261,35.82554981727424,0.25399999999999956,35.083,CI,2
27.140992697683497,35.905659102963625,1.18966944163463,36.316048706106805,27.208721348276725,36.07246001477468,0.2530000000000001,35.577,CI,2
27.23555817803177,36.15587077672113,1.1959007853735684,36.56294107660326,27.301012839423294,36.32381754914643,0.2530000000000001,35.577,CI,2
27.33602043880379,36.403691451659355,1.202317395270445,36.810885321268145,27.403400341926794,36.57085667554964,0.2519999999999989,36.071000000000005,CI,2
27.438084720730174,36.650890478330915,1.209407700444631,37.05770027201075,27.506027290974583,36.81783767115741,0.2519999999999989,36.071000000000005,CI,2
27.540685067703638,36.897983940412004,1.215732744261824,37.30518818068481,27.608858673687898,37.06487855363338,0.25,36.566,CI,2
27.638672185744163,37.143953992679506,1.222517732403103,37.551604283312415,27.70529819951349,37.3103807819224,0.254999999999999,37.062000000000005,CI,2
27.739604856229775,37.3907026344833,1.2290134752145094,37.800259355640925,27.807243077118258,37.557440926541545,0.254999999999999,37.062000000000005,CI,2
27.841271975840197,37.637862027202964,1.2355162599686322,38.04799938066379,27.909194375117238,37.8047444990833,0.254999999999999,37.062000000000005,CI,2
27.943066726283618,37.88491802674093,1.2419808352224613,38.295341875558655,28.011068140914485,38.05174966417389,0.254999999999999,37.062000000000005,CI,2
28.035337597713895,38.13440283253776,1.2483663286414175,38.54257501099021,28.100105006915637,38.30202184717968,0.2579999999999991,37.556000000000004,CI,2
28.13490141433332,38.382041720466525,1.2546145452870285,38.79010640696595,28.20204328856074,38.549103972023886,0.2579999999999991,38.051,CI,2
28.236238764490107,38.62940872610572,1.26128959592038,39.03706852472226,28.303986359678703,38.79638891454712,0.2579999999999991,38.051,CI,2
28.338204828032573,38.87667113671346,1.2680489715009737,39.284542104147036,28.40619844486455,39.04360666359828,0.2579999999999991,38.545,CI,2
28.43947211749182,39.12477235102321,1.2747027539674538,39.53189296808089,28.507272556018048,39.29198973889394,0.2599999999999998,39.038000000000004,CI,2
28.54165938548021,39.372350616804894,1.2814974880966328,39.779516821859964,28.609797375181383,39.539376275479896,0.2599999999999998,39.038000000000004,CI,2
28.64401773578782,39.61984566078705,1.2882225350856422,40.02711733550436,28.712254036724797,39.78682649011129,0.26200000000000045,39.533,CI,2
28.745916734790224,39.86723443562136,1.2946103995511684,40.274392997304446,28.81403498043724,40.034156170059234,0.26200000000000045,39.533,CI,2
28.842990126495593,40.11670361099811,1.300772287707478,40.5222443624705,28.909490793355623,40.284326694384745,0.26200000000000045,39.533,CI,2
28.94367953255548,40.364461251661645,1.3072706477517206,40.76867209078706,29.011356951844206,40.53151722589602,0.266,40.028,CI,2
29.04544055693183,40.61175570887779,1.3137419708515876,41.015412964332434,29.11349221322974,40.77864941792425,0.2629999999999999,40.524,CI,2
29.147592558160536,40.858798295991484,1.320329080368352,41.2628939205859,29.215806735635365,41.02559198165609,0.2629999999999999,40.524,CI,2
29.242514857843286,41.111904087584605,1.3273512422484504,41.50853452577114,29.30831789128961,41.280821936172224,0.2629999999999999,40.524,CI,2
29.34312827023405,41.36009378019274,1.3340719931631253,41.75559564328868,29.41074057744232,41.52732293874504,0.26699999999999946,41.019,CI,2
29.444880937079947,41.606724499119025,1.3410775430660848,42.00124266346513,29.51287721943821,41.77339635027783,0.2699999999999996,41.512,CI,2
29.546785914581758,41.85275557637905,1.3477223229727635,42.24755797247915,29.614865152964153,42.01919698224355,0.2699999999999996,41.512,CI,2
29.641205336314943,42.096940453106626,1.3543624245298447,42.49230830158552,29.706724594062205,42.26263341602297,0.27500000000000036,42.004000000000005,CI,2
29.74137234801615,42.34177917594808,1.3609652627749356,42.737434850540666,29.80881773159599,42.50778322434716,0.27500000000000036,42.004000000000005,CI,2
29.84291971642536,42.58639371565489,1.3677705308397508,42.9799284950523,29.910859573400653,42.752320060083115,0.27500000000000036,42.004000000000005,CI,2
29.944706937994766,42.83064760652436,1.3741007805876715,43.22589613959801,30.012771283484525,42.99642714853005,0.27699999999999925,42.495000000000005,CI,2
30.044146673248765,43.07599362066938,1.3811574292840816,43.46903756794924,30.11145897622711,43.24212956001083,0.2789999999999999,42.984,CI,2
30.145840534144956,43.31988414722028,1.3881879918884257,43.71266582973404,30.213924008748005,43.48550917053969,0.2789999999999999,42.984,CI,2
30.24794305309294,43.563102287954294,1.3952050370465865,43.955130513276785,30.316208827890556,43.728467969802054,0.2789999999999999,42.984,CI,2
30.3499107556764,43.80588476500232,1.4019120308972877,44.19753199069579,30.41818279235662,43.97106844923382,0.2839999999999989,43.47,CI,2
30.451477463790017,44.04900235474306,1.408417574960107,44.44038706891449,30.519668597369595,44.21428194273824,0.2859999999999996,43.955,CI,2
30.553275454070107,44.291205256435546,1.415228852819853,44.68135987495396,30.62158248804036,44.4561373439391,0.2859999999999996,43.955,CI,2
30.655343472735424,44.5328173836032,1.4220220303512205,44.92274424777885,30.723789055490638,44.69751706214276,0.2889999999999997,44.438,CI,2
30.757415211065847,44.774111043181776,1.4290296834736722,45.16218772804181,30.825915062223796,44.938672564974446,0.2889999999999997,44.438,CI,2
30.85605423445834,45.017615336066186,1.4360570789022082,45.40241636716394,30.923440977590538,45.18292729209099,0.2889999999999997,44.438,CI,2
30.957464428045217,45.25869861028802,1.4433072107753402,45.64227970615437,31.02577279512199,45.42316241893293,0.29100000000000037,44.923,CI,2
31.05965208715348,45.49880565718988,1.4505597043550307,45.88130031095279,31.128261369210566,45.66290546273345,0.29499999999999993,45.403,CI,2
31.16184453112197,45.738355272586155,1.4576000151588488,46.12039841521615,31.23050945634188,45.90222894936566,0.29499999999999993,45.403,CI,2
31.26174676133164,45.97925292915867,1.464472135780342,46.358347874155946,31.329691773597197,46.14357132666482,0.29499999999999993,45.403,CI,2
31.3629715230646,46.21794346046439,1.4709877482441513,46.59698561367517,31.431368277531156,46.38146733344637,0.30100000000000016,45.881,CI,2
31.46458200977497,46.45587778741233,1.4778459949098144,46.833218259697276,31.53315078405701,46.619112176042314,0.30100000000000016,45.881,CI,2
31.566442026935434,46.693269473635425,1.4846602251404828,47.07058484262035,31.63514711289445,46.85628669427278,0.3049999999999997,46.356,CI,2
31.667251636454473,46.92887649408924,1.4920395885912259,47.303948684897975,31.735638359537585,47.09121314871046,0.30599999999999916,46.831,CI,2
31.76898024501028,47.164688015099614,1.498669411483035,47.54127023476358,31.8377385615064,47.32708495326562,0.30599999999999916,46.831,CI,2
31.87117642646201,47.40024257105131,1.5059153996280186,47.775421190677115,31.94015635777478,47.56252452741143,0.30599999999999916,46.831,CI,2
31.97343697534645,47.6352519508975,1.5129142562303075,48.00955170910058,32.04250276185211,47.7973084693363,0.30599999999999916,46.831,CI,2
32.076106782924576,47.87339348910386,1.5197065434157484,48.243708017088224,32.14541009492673,48.036559878335964,0.3089999999999993,47.304,CI,2
32.17819656820364,48.10834307899538,1.5265799127586768,48.47749404863172,32.24732421775877,48.27032584265431,0.31400000000000006,47.775,CI,2
32.28026858047009,48.34209443660939,1.5335027761133833,48.709625940858324,32.34943997751577,48.503617596771896,0.31400000000000006,47.775,CI,2
32.38231793837263,48.575012652290674,1.5405448960629526,48.94130304031021,32.45153903394647,48.73620655195929,0.3179999999999996,48.241,CI,2
32.48416001355906,48.80907166612901,1.547309136902174,49.17282317503816,32.55338567971407,48.97064930309737,0.3179999999999996,48.241,CI,2
32.586011851972295,49.04128531351327,1.5540253848174845,49.403260793970446,32.65527765584208,49.20217211247726,0.3230000000000004,48.705,CI,2
32.68796799556214,49.2726958613307,1.5610197987855035,49.633091106553245,32.75732429931961,49.43326663532431,0.32699999999999996,49.17,CI,2
32.79028347028397,49.503337400709526,1.5681994316244605,49.86284648237408,32.859822702853194,49.663604978649666,0.32699999999999996,49.17,CI,2
32.89161078413053,49.73433822766127,1.5751229976479268,50.09258068917231,32.96088397458905,49.89469674870217,0.32699999999999996,49.17,CI,2
32.993352940620866,49.96398904662854,1.5817154976761614,50.320845228787945,33.06280963637551,50.123839997880424,0.32699999999999996,49.17,CI,2
33.094937687558925,50.19291719126208,1.5876623597957433,50.549506157311455,33.16439698281994,50.35247799879163,0.3360000000000003,50.089,CI,2
33.19654073499965,50.42127499554478,1.5936144975301996,50.777089006921,33.26606409044654,50.58060258304903,0.3360000000000003,50.089,CI,2
33.29324750575287,50.64796697339731,1.5993452858898207,51.00343935842662,33.36112616267901,50.80662168390075,0.3360000000000003,50.089,CI,2
33.393829750897396,50.874913525756256,1.6051773472371593,51.228241070571826,33.46304683732441,51.03369576885796,0.33699999999999974,50.546,CI,2
33.49543128853913,51.101159939036314,1.6104127432350295,51.452300432596196,33.56504561328629,51.259675587826216,0.34299999999999997,51.002,CI,2
33.59739123722758,51.326547367992845,1.6155676157519199,51.675654536796685,33.66719251679871,51.48472469856287,0.34299999999999997,51.002,CI,2
33.69904747367524,51.55339901320098,1.620538034039071,51.898101751513025,33.768835725211055,51.712070058420835,0.34299999999999997,51.002,CI,2
33.80092581390405,51.77725074724518,1.6257748714566265,52.120157557591966,33.87082656960289,51.934810330838935,0.3490000000000002,51.454,CI,2
33.90282626599215,51.9992788883316,1.6315018965921269,52.33977116449728,33.97279997156342,52.156142998590965,0.3490000000000002,51.454,CI,2
34.00472439362409,52.219881487713565,1.637231788941409,52.55901808234311,34.07477513346652,52.3761901047446,0.35599999999999987,51.899,CI,2
34.10725616009857,52.43789578638332,1.643183973727641,52.77527806613503,34.17759933833645,52.59323080617178,0.359,52.341,CI,2
34.209000316432196,52.65504484018827,1.6489188097806469,52.99093641620064,34.27918164883878,52.810008065757515,0.359,52.341,CI,2
34.31038354367899,52.87068917694815,1.654944539760778,53.20355366967973,34.38053398607776,53.02505738546972,0.359,52.341,CI,2
34.411748106141324,53.084591398330254,1.6609200279718608,53.41514623409107,34.48198290781292,53.2382819549564,0.36599999999999966,52.777,CI,2
34.51345054942257,53.30074812739435,1.6672347809371433,53.6241848259192,34.583934276135096,53.45520869180431,0.36599999999999966,52.777,CI,2
34.615279710483506,53.51170052971172,1.6736255047044484,53.83157221539415,34.68585819150109,53.664234886452846,0.3699999999999992,53.207,CI,2
34.717118345364526,53.719433134599356,1.680396392179044,54.03535126527704,34.78779995652132,53.87074484182435,0.3699999999999992,53.207,CI,2
34.81902369717095,53.92410635163449,1.6870727461272699,54.238108539756155,34.88984654236872,54.07424632743385,0.3780000000000001,53.627,CI,2
34.92080780514466,54.12571363976262,1.6944230025952773,54.434478031947094,34.991722430919175,54.27467060499505,0.3780000000000001,53.627,CI,2
35.02316747594535,54.32803072561893,1.7012309050367789,54.62946734894492,35.09446104051217,54.477171887721695,0.38400000000000034,54.041000000000004,CI,2
35.124581873628394,54.52402565208284,1.7078056386017748,54.82012407734346,35.19566104547504,54.670793394482665,0.38400000000000034,54.041000000000004,CI,2
35.22555288684966,54.71564453212862,1.714150157949524,55.00777608998687,35.29662956488463,54.86073804022871,0.39000000000000057,54.440000000000005,CI,2
35.32627784109857,54.906417176266864,1.720938498914214,55.19036925041217,35.397467493345005,55.05110813998952,0.39000000000000057,54.440000000000005,CI,2
35.427247143795285,55.091371137258015,1.7274984982207664,55.37003252874428,35.498668062155204,55.23386728852836,0.3949999999999996,54.824,CI,2
35.52817756593954,55.27186817683671,1.7341000544834206,55.54461410404135,35.599778368533336,55.41264330143688,0.40000000000000036,55.195,CI,2
35.62891077054884,55.448500982299464,1.7405654364446177,55.71623018561137,35.70066311460778,55.587757538323764,0.40000000000000036,55.195,CI,2
35.73138722603757,55.6213430237923,1.7472502946951627,55.88375065745282,35.8039781696275,55.75911820360162,0.4089999999999989,55.550000000000004,CI,2
35.83252747565633,55.79046387917911,1.753745117480252,56.04772264913892,35.90493137829298,55.92673393802085,0.4089999999999989,55.550000000000004,CI,2
35.93317105932233,55.95580929905988,1.7600864940700438,56.20781539125831,36.00567321022009,56.09056359752438,0.4089999999999989,55.550000000000004,CI,2
36.033352440167455,56.117415278749604,1.7660631529760347,56.365075922579244,36.10597144061653,56.25066278765472,0.4089999999999989,55.550000000000004,CI,2
36.14027691899311,56.27134990267377,1.7720344263276337,56.51801294272437,36.21548210369314,56.40173332922368,0.4209999999999994,56.215,CI,2
36.24191418099311,56.42482072887094,1.7777068447905995,56.66832796281895,36.31573955466874,56.55476009212494,0.4209999999999994,56.215,CI,2
36.3422299623855,56.57585061853502,1.78344472633399,56.81474359416598,36.41594653114906,56.70470919715069,0.4209999999999994,56.215,CI,2
36.44217167237305,56.72407448488207,1.7889582100235994,56.958670801329745,36.51608584908831,56.851736884300216,0.42600000000000016,56.524,CI,2
36.54324817393414,56.86795276877957,1.7944203976698538,57.09953414878466,36.617868456280995,56.99387628645201,0.43099999999999916,56.822,CI,2
36.643124465537205,57.01035819539629,1.799690236642259,57.23806998022727,36.717701394112716,57.135537673779176,0.43099999999999916,56.822,CI,2
36.74242475476655,57.15034885524647,1.8052186415835139,57.37344191371877,36.817145900952845,57.2744585878969,0.4369999999999994,57.109,CI,2
36.84135577617118,57.28766179626445,1.8102911370420298,57.50692466144389,36.91628532870182,57.41060947760525,0.4369999999999994,57.109,CI,2
36.940056323984734,57.42217934385627,1.81549264844212,57.63689563758152,37.01524187608491,57.54392155955567,0.4369999999999994,57.109,CI,2
37.043871435757495,57.55013096616821,1.8205167524294004,57.764770908920894,37.12113794001674,57.66935804202098,0.4369999999999994,57.109,CI,2
37.14416640138341,57.677696295756085,1.8260611189593685,57.88885856892511,37.220679443914,57.79648830301631,0.44399999999999906,57.383,CI,2
37.24364086965115,57.80275065099158,1.8316538800430706,58.01026891700491,37.32025919312323,57.92039818960119,0.44599999999999973,57.648,CI,2
37.34843237030357,57.92377681064807,1.8376368669809462,58.12784929198276,37.42726829624516,58.03979842160097,0.44599999999999973,57.648,CI,2
37.4485809247426,58.042033011841404,1.8432177747745684,58.242512153863274,37.52626713403495,58.156726833440125,0.4510000000000005,57.9,CI,2
37.54721153839079,58.15677088200895,1.848362160829216,58.35238209192377,37.624772322723324,58.26992802403638,0.4510000000000005,57.9,CI,2
37.64523405189556,58.268116835302806,1.8527439110049395,58.45908996674627,37.72297757199511,58.37979484813507,0.45699999999999896,58.139,CI,2
37.74637150112413,58.36806351009078,1.8568453451812224,58.5618416339129,37.82551404727011,58.475417135702564,0.4610000000000003,58.364000000000004,CI,2
37.84486155542813,58.469993057376136,1.8607023983102322,58.66125241054582,37.9236509773336,58.57770098919615,0.4610000000000003,58.364000000000004,CI,2
37.942741258688834,58.56964614707099,1.8645572343940393,58.7563533548044,38.02177872729328,58.67623250403749,0.4610000000000003,58.364000000000004,CI,2
38.040379692455595,58.6660300914296,1.8680974006112405,58.84835611089638,38.11977602208665,58.77114243787271,0.4629999999999992,58.574,CI,2
38.147659520666025,58.75540404796052,1.8715019429933755,58.93583468875495,38.23083221615989,58.85779785279564,0.4670000000000005,58.768,CI,2
38.247330961359545,58.84367979455111,1.8744324958858225,59.01995729517954,38.32848274738381,58.94518204552128,0.4670000000000005,58.768,CI,2
38.344842529248915,58.928760518725845,1.8770822959932638,59.10017039688472,38.425751270768224,59.02873673726216,0.4670000000000005,58.768,CI,2
38.441707450016985,59.0102443723658,1.879461572184915,59.17683794402245,38.522876825999965,59.10857499539495,0.47199999999999953,58.95,CI,2
38.545252741713426,59.085191673480445,1.8818816116423025,59.24913135098334,38.62921756438404,59.18089679381454,0.4740000000000002,59.114000000000004,CI,2
38.64358129048856,59.15851532147682,1.8840175941602217,59.31834872478606,38.72635158216516,59.25313661239348,0.4740000000000002,59.114000000000004,CI,2
38.74037687513645,59.22859285208636,1.8860157546846374,59.38320728162536,38.82315831940751,59.32162750538866,0.4740000000000002,59.265,CI,2
38.83650565791907,59.29496634362079,1.8875213522620815,59.444868311932396,38.91958612342782,59.38626052873428,0.4740000000000002,59.265,CI,2
38.9322432398718,59.357545759886705,1.8888579041953095,59.50226188339728,39.01572373836498,59.44705977657869,0.4740000000000002,59.265,CI,2
39.039252576080564,59.41407325825677,1.8900851498226647,59.55585607072467,39.12720993991125,59.50111888113956,0.4740000000000002,59.265,CI,2
39.137749484990245,59.468300100971476,1.8912763563921748,59.6050140677746,39.2234474436432,59.553862357281226,0.47799999999999976,59.397999999999996,CI,2
39.23397007043038,59.518878857210154,1.8921533464343714,59.6506870903323,39.31948783811137,59.602607428696615,0.48099999999999987,59.518,CI,2
39.33457603123738,59.56476928296807,1.892688880958115,59.69312350289317,39.42222776245979,59.646372315806616,0.48099999999999987,59.518,CI,2
39.43103879002849,59.60777249082024,1.893150063208102,59.73137800951317,39.51791533098024,59.68772920836634,0.48099999999999987,59.622,CI,2
39.52637348887885,59.64750169927945,1.8933356132454076,59.76690715059512,39.613492434520424,59.725728431343015,0.48300000000000054,59.709,CI,2
39.62134274197922,59.6840373995114,1.8936049815100244,59.79845156281484,39.708970093854596,59.76056344095988,0.48300000000000054,59.709,CI,2
39.724816776299946,59.71693690083407,1.893635026794345,59.82768509027703,39.81607945153048,59.79169383488752,0.48499999999999943,59.783,CI,2
39.82172836479135,59.747244938738824,1.8935181553004314,59.853165624005186,39.91142559328354,59.82032907201061,0.48499999999999943,59.783,CI,2
39.91667238290721,59.77456272497961,1.892976996897917,59.87632347531475,40.00635719705553,59.845926071127224,0.48499999999999943,59.783,CI,2
40.010951380715554,59.798837015543526,1.8923559411493214,59.89599993836835,40.10106839141074,59.86847511906272,0.48499999999999943,59.783,CI,2
40.116135730416374,59.8134166945799,1.8915115631130128,59.91352030695523,40.21069764871649,59.87909419346613,0.4870000000000001,59.894000000000005,CI,2
40.213016501154776,59.83033308964872,1.8905676701171545,59.92829887864853,40.305539947644505,59.89591488162274,0.4870000000000001,59.894000000000005,CI,2
40.30780167053351,59.84572160618813,1.8895252589380747,59.9403318430573,40.40031956470614,59.910002937051516,0.4870000000000001,59.894000000000005,CI,2
40.40195233039129,59.85863947555192,1.8883417790888066,59.9496259360196,40.49494148841722,59.92131487724445,0.48799999999999955,59.931,CI,2
40.503613195945455,59.86573681279166,1.886801734279014,59.95689325721816,40.59991810191056,59.92570751173252,0.4870000000000001,59.956,CI,2
40.59920830674797,59.87264043001506,1.886801734279014,59.95689325721816,40.69417144862058,59.9316179645342,0.4870000000000001,59.956,CI,2
40.693161351573494,59.877554160816274,1.886801734279014,59.95689325721816,40.7882615819298,59.93500878796249,0.4870000000000001,59.956,CI,2
40.78664671526404,59.880116003054475,1.886801734279014,59.95689325721816,40.882278084323985,59.9359342180978,0.48799999999999955,59.97200000000001,CI,2
40.87998028742658,59.880367308361386,1.886801734279014,59.95689325721816,40.97625067733008,59.93455282963309,0.48799999999999955,59.97200000000001,CI,2
40.980997242847266,59.87498941001122,1.886801734279014,59.95689325721816,41.080657970063776,59.92644785819774,0.48799999999999955,59.97200000000001,CI,2
41.0763428991537,59.872870941339826,1.886801734279014,59.95689325721816,41.1748208288867,59.924451583517836,0.48499999999999943,59.97200000000001,CI,2
41.17034895708082,59.872566791778276,1.886801734279014,59.95689325721816,41.26907993132672,59.92389453496251,0.48499999999999943,59.97200000000001,CI,2
41.27611448020878,59.86706940986045,1.886801734279014,59.95689325721816,41.37964918610514,59.915871563328196,0.48499999999999943,59.97200000000001,CI,2
41.37285623217183,59.867251049061046,1.886801734279014,59.95689325721816,41.473989961206755,59.916952558248795,0.48499999999999943,59.96600000000001,CI,2
41.46730185934933,59.86868774560488,1.886801734279014,59.95689325721816,41.56825935671153,59.91795613825442,0.48499999999999943,59.96600000000001,CI,2
41.56117390497377,59.87019249045486,1.886801734279014,59.95689325721816,41.662509251989604,59.91867496943837,0.4870000000000001,59.967,CI,2
41.65890083227374,59.86969640494862,1.886801734279014,59.95689325721816,41.76215353012903,59.91673272296584,0.4859999999999989,59.96900000000001,CI,2
41.75361148946872,59.87031901944082,1.886801734279014,59.95689325721816,41.85637185691761,59.9168762815334,0.4859999999999989,59.96900000000001,CI,2
41.847541547493854,59.87109359234764,1.886801734279014,59.95689325721816,41.95055572556621,59.91690304530036,0.4859999999999989,59.96900000000001,CI,2
41.9413181166413,59.87198389586139,1.886801734279014,59.95689325721816,42.04478652468056,59.917056469504494,0.4859999999999989,59.96900000000001,CI,2
42.04442599728533,59.871184268608296,1.886801734279014,59.95689325721816,42.15171946897284,59.915001965163654,0.48499999999999943,59.968,CI,2
42.140759605023575,59.87203340425519,1.886801734279014,59.95689325721816,42.24616624554809,59.915502114963004,0.48499999999999943,59.968,CI,2
42.23531634522495,59.873221552005695,1.886801734279014,59.95689325721816,42.34055540984137,59.916019171999515,0.48499999999999943,59.968,CI,2
