Filter X,Filter Y,IMU X,IMU Y,GPS X,GPS Y,Ground Truth X,Ground Truth Y,Algorithm,Spoofing Rate
1.0431178115588704,-0.010579707450270806,0.0,0.0,2.239632712785029,-0.023804007056914524,0.0,0.0,KFNO,2
1.1869656300891558,-0.012116307975674768,0.0,0.0,2.3409042095732433,-0.0248603129630243,0.0,0.0,KFNO,2
1.253853525816005,-0.012816482838179674,0.0,0.0,2.4422486404539767,-0.025923378592704934,0.0,0.0,KFNO,2
1.3085728903383451,-0.013979518497072733,0.0,0.0,2.5466143025573684,-0.028440220916489175,0.0009999999999994458,0.0,KFNO,2
1.3599442252939478,-0.014642151258880364,0.0,0.0,2.64796913488776,-0.02956259174034473,0.0009999999999994458,0.0,KFNO,2
1.4107293018648415,-0.015201562906648548,0.0,0.0,2.7492964207965773,-0.030641129046099662,0.0009999999999994458,0.0,KFNO,2
1.4624773321109585,-0.016309001220214687,0.0,0.0,2.853191348501357,-0.03308134833181321,0.0009999999999994458,0.0,KFNO,2
1.513341827071665,-0.016949045503354975,0.0,0.0,2.954554367190957,-0.0341769529045467,0.0,-0.001000000000000334,KFNO,2
1.5640472317299154,-0.017521095249342585,0.0,0.0,3.0558992798779254,-0.03529727019843272,0.0009999999999994458,0.0,KFNO,2
1.6147242756793898,-0.018062816694970854,0.0,0.0,3.1572416212882994,-0.03637237971550833,0.0009999999999994458,0.0,KFNO,2
1.6667509928092228,-0.015582140634223971,0.0,0.0,3.261854121160145,-0.030197120869998324,0.0009999999999994458,0.0,KFNO,2
1.717667242984041,-0.015610572638673671,0.0,0.0,3.363226636253487,-0.031242226964889028,0.0009999999999994458,0.0,KFNO,2
1.7683991854039482,-0.016069155378658963,0.0,0.0,3.464614177723492,-0.03233214795545389,0.0009999999999994458,0.0,KFNO,2
1.8190883477845383,-0.01657087518516627,0.0,0.0,3.565974782679436,-0.03335747155704571,0.0009999999999994458,0.0,KFNO,2
1.8717153557997004,-0.016249672707450414,0.0,0.0,3.6720314838477504,-0.03239175180879341,0.0019999999999988916,0.0,KFNO,2
1.9227412577751457,-0.016623844982668924,0.0,0.0,3.773420085113659,-0.033413942763734744,0.0019999999999988916,0.0,KFNO,2
1.9734975911448607,-0.017126940216208857,0.0,0.0,3.8748210931286513,-0.034476065386997275,0.0019999999999988916,0.0,KFNO,2
2.0242103752044334,-0.01762938299313859,0.0,0.0,3.9762286237523075,-0.035487255531555684,0.0019999999999988916,-0.001000000000000334,KFNO,2
2.076558370802023,-0.018419468888766076,0.0,0.0,4.081601941615699,-0.03718849528714649,0.0019999999999988916,-0.001000000000000334,KFNO,2
2.127547016152619,-0.018942661007148517,0.0,0.0,4.183016176781676,-0.0381403602023605,0.0019999999999988916,-0.001000000000000334,KFNO,2
2.178315793744102,-0.019411298367983842,0.0,0.0,4.284462663884509,-0.03906400664386811,0.0019999999999988916,0.0,KFNO,2
2.2290320545341595,-0.019861173495518376,0.0,0.0,4.385873436570299,-0.03996379391755745,0.0019999999999988916,0.0,KFNO,2
2.279705318203713,-0.020269243501132954,0.0,0.0,4.487202159199219,-0.04077086641190017,0.0019999999999988916,0.0,KFNO,2
2.3322718587517204,-0.020005383308253518,0.0,0.0,4.593119477379971,-0.03998513619811615,0.0019999999999988916,0.0,KFNO,2
2.383282860030258,-0.02011280994047924,0.0,0.0,4.694497145461657,-0.040342919210258336,0.0009999999999994458,0.0009999999999994458,KFNO,2
2.4340158345367877,-0.020114753631893887,0.0,0.0,4.79584793575202,-0.04030768036624901,0.0030000000000001137,0.0019999999999997797,KFNO,2
2.484483894761284,-0.018942577454781655,0.0,0.0,4.896674346460248,-0.03750222460038528,0.0030000000000001137,0.0019999999999997797,KFNO,2
2.535095423399979,-0.018300602593505605,0.0,0.0,4.997956804494818,-0.036407685131946525,0.0030000000000001137,0.0030000000000001137,KFNO,2
2.585733764801975,-0.017505608610694286,0.0,0.0,5.099244587488905,-0.03474695940563443,0.0039999999999995595,0.004999999999999893,KFNO,2
2.6363204416288597,-0.0165010847132006,0.0,0.0,5.200396534367648,-0.03264218579202117,0.0039999999999995595,0.004999999999999893,KFNO,2
2.6866661514869166,-0.015241153104842498,0.0,0.0,5.300988134698054,-0.030004644769248797,0.0039999999999995595,0.01100000000000012,KFNO,2
2.73712759913024,-0.01369160620410802,0.0,0.0,5.401958962205806,-0.026769557420199437,0.0039999999999995595,0.01100000000000012,KFNO,2
2.7876387987096525,-0.01178931202017552,0.0,0.0,5.503001962724877,-0.02279857886295985,0.0039999999999995595,0.019999999999999574,KFNO,2
2.8381962899712403,-0.009594130382690552,0.0,0.0,5.604136119301021,-0.0182583406223588,0.0039999999999995595,0.019999999999999574,KFNO,2
2.8885718309372126,-0.005263009023645618,0.0,0.0,5.704811799036214,-0.008718379006552146,0.006999999999999673,0.03000000000000025,KFNO,2
2.939053331111337,-0.0021544806290209845,0.0,0.0,5.8058187961380785,-0.0028986951959963448,0.006999999999999673,0.03000000000000025,KFNO,2
2.9894918087368003,0.0010425304065966748,0.0,0.0,5.906678022248224,0.0035904808958605,0.006999999999999673,0.03000000000000025,KFNO,2
3.039903548824998,0.0044650434798581985,0.0,0.0,6.007490553116774,0.01058672487027561,0.007999999999999119,0.041999999999999815,KFNO,2
3.0868212769591707,0.008933589511115454,0.0,0.0,6.099878845342783,0.02000150240422424,0.012000000000000455,0.05600000000000005,KFNO,2
3.1366423785666933,0.013097440324174968,0.0,0.0,6.200724013618838,0.028298516737642533,0.012000000000000455,0.05600000000000005,KFNO,2
3.1869500869076033,0.017500599496443146,0.0,0.0,6.30154133784005,0.03728310185788971,0.016000000000000014,0.07299999999999951,KFNO,2
3.2373138833764243,0.02217559442301053,0.0,0.0,6.4022926081571505,0.046829907216261554,0.016000000000000014,0.07299999999999951,KFNO,2
3.28765612209072,0.027148946634661317,0.0,0.0,6.502968716020048,0.05699031610804808,0.016000000000000014,0.07299999999999951,KFNO,2
3.338114432139415,0.0326916356756611,0.0,0.0,6.603934058547605,0.06840236465980837,0.016000000000000014,0.07299999999999951,KFNO,2
3.3885029925370542,0.03833952443182148,0.0,0.0,6.704683242099292,0.07985592115427421,0.017999999999998906,0.09399999999999942,KFNO,2
3.4389048422189803,0.044259659105053646,0.0,0.0,6.80549353003375,0.09192292399732752,0.022999999999999687,0.11599999999999966,KFNO,2
3.4887999757231603,0.05013896186687237,0.0,0.0,6.905075308429114,0.10379300705900972,0.022999999999999687,0.11599999999999966,KFNO,2
3.539714104876594,0.09988342275540145,0.0013005740879431116,0.1033157755333894,7.006011714353326,0.11722547998197792,0.026999999999999247,0.14100000000000001,KFNO,2
3.585968832224298,0.13204053595806664,-0.009040319238215747,0.14767894203597526,7.106950476459534,0.13128942497810814,0.026999999999999247,0.14100000000000001,KFNO,2
3.6335375604324223,0.15698779194083412,-0.014385466283533693,0.1805492382426995,7.207995732126042,0.14615621460256983,0.03200000000000003,0.16699999999999982,KFNO,2
3.6801466075423286,0.18219358775549077,-0.0155031618718855,0.2091870842807011,7.301948558707732,0.16855621438312754,0.038000000000000256,0.2029999999999994,KFNO,2
3.7303122588224626,0.20356555995803888,-0.014960573780933175,0.23455531111060676,7.403232357070332,0.18496411876201088,0.038000000000000256,0.2029999999999994,KFNO,2
3.781711158987323,0.22380701566995542,-0.012939234631595173,0.25809014689316895,7.504539638918044,0.20193558870192932,0.038000000000000256,0.2029999999999994,KFNO,2
3.8334538508282225,0.24383674867584676,-0.010531618445441746,0.2806839999171985,7.605780535027495,0.21976779134156008,0.038000000000000256,0.2029999999999994,KFNO,2
3.888051900179436,0.267184952829564,-0.007135904445768315,0.30288413818533544,7.712781598856575,0.24600645272845933,0.04100000000000037,0.23499999999999943,KFNO,2
3.940864978179899,0.2886300014705462,-0.0034789897951075753,0.32545786500017293,7.814043314944466,0.26610588205947866,0.04499999999999993,0.2709999999999999,KFNO,2
3.993755848346153,0.31082468324227436,0.0008537698980950565,0.3489739768016543,7.915553155136898,0.287763125046617,0.04499999999999993,0.2709999999999999,KFNO,2
4.046694489315252,0.3346829697445805,0.005024887582904509,0.37411623327599564,8.017309952571507,0.3114983618658957,0.051000000000000156,0.31099999999999994,KFNO,2
4.09489551415519,0.3633618904195743,0.009929135534300486,0.40152924348868535,8.106876153411495,0.3438843305074298,0.054999999999999716,0.35599999999999987,KFNO,2
4.147872289337496,0.39257622221487887,0.015610698957529735,0.43132907841712476,8.209173838372028,0.3733561533995186,0.054999999999999716,0.35599999999999987,KFNO,2
4.20285783907572,0.42381534996382514,0.02399408612934803,0.4625398026045245,8.31164458285638,0.4060790114508124,0.058999999999999275,0.41000000000000014,KFNO,2
4.258985521173312,0.45709286456251697,0.03404904694138023,0.49454884430003193,8.414378026861726,0.442137852386749,0.058999999999999275,0.41000000000000014,KFNO,2
4.316462656508217,0.4905121853438267,0.04637185334926659,0.522680511684176,8.51764324124165,0.4816665644557064,0.058999999999999275,0.41000000000000014,KFNO,2
4.352946046782591,0.5325342716372556,0.009544147748870847,0.5609273076235413,8.618808088861261,0.5316675901056306,0.058999999999999275,0.41000000000000014,KFNO,2
4.3931258080528695,0.5801023423804927,-0.013048011165385998,0.6116913811775964,8.723377288249369,0.5791109782563321,0.06199999999999939,0.47799999999999976,KFNO,2
4.4380296031737165,0.632981246623799,-0.026246590129152272,0.668750492183531,8.828448934806241,0.6309087188551561,0.07399999999999984,0.5619999999999994,KFNO,2
4.484935533458693,0.6927656139012217,-0.03235969265299209,0.7333518916167686,8.929333235354468,0.6897301731828944,0.07399999999999984,0.5619999999999994,KFNO,2
4.535791988990437,0.7567340765095465,-0.033827583560179,0.8029687155527472,9.034322853799194,0.7509818078953964,0.08499999999999908,0.6559999999999997,KFNO,2
4.589493054205975,0.825973806208833,-0.03009041124034676,0.8792339217945948,9.139367281744562,0.8166591278499398,0.08499999999999908,0.6559999999999997,KFNO,2
4.645440149660577,0.8990276372612638,-0.022757025729251465,0.9585178153329945,9.245106888234478,0.8864994251108266,0.09499999999999886,0.7720000000000002,KFNO,2
4.702240925992709,0.9786523010052235,-0.010676279309238708,1.0420575585992822,9.347258644340645,0.966402675916382,0.10099999999999909,0.907,KFNO,2
4.762150678540061,1.0587388321724482,0.003006073444325446,1.127231666245979,9.455046019726375,1.0433310648396101,0.10099999999999909,0.907,KFNO,2
4.823792572535337,1.1408874137343292,0.018960066296233133,1.2143028309330932,9.563489954161376,1.1231514760470125,0.11099999999999888,1.056,KFNO,2
4.885847535344086,1.2250038352371924,0.034846190813321756,1.3027725913154269,9.672333826637333,1.205534655688777,0.11099999999999888,1.056,KFNO,2
4.945243383156604,1.3117950823176594,0.05157610772289071,1.393265083343363,9.773796197201833,1.2915888285319879,0.12299999999999933,1.2199999999999998,KFNO,2
5.007086535980458,1.4004988487202739,0.06786232940267668,1.4861570660790717,9.882759966907832,1.3787755760169977,0.12299999999999933,1.2199999999999998,KFNO,2
5.069269459004777,1.4896180985307574,0.08402627721447667,1.5772601320254653,9.991729125126094,1.4680595980751558,0.12299999999999933,1.2199999999999998,KFNO,2
5.131158132159475,1.5809582065646477,0.09922490297885593,1.6715591222031823,10.100852199804425,1.5593141648825357,0.1349999999999998,1.3919999999999995,KFNO,2
5.1904050658203476,1.6754846383866284,0.11334157105579248,1.7676166471406112,10.204863963687293,1.6556185468041738,0.14400000000000013,1.5750000000000002,KFNO,2
5.251071362245618,1.77050437897905,0.12640376687088212,1.8650374259311413,10.314525647312607,1.7504847585649383,0.14400000000000013,1.5750000000000002,KFNO,2
5.311947401414391,1.867755136874337,0.13934425712738538,1.9658590088436618,10.424276455917441,1.8471168361301116,0.14899999999999913,1.7649999999999997,KFNO,2
5.372447725190239,1.965198560432345,0.15141082320569768,2.064541961341073,10.533999587386498,1.9455009987290355,0.14899999999999913,1.7649999999999997,KFNO,2
5.433197798032265,2.0647266817967296,0.16424539474060054,2.166440022140766,10.643746987756062,2.0455659969286755,0.14899999999999913,1.7649999999999997,KFNO,2
5.490245524163531,2.1661269143163753,0.17735167135235938,2.2696402829398403,10.744277132338603,2.1480463661587574,0.14899999999999913,1.7649999999999997,KFNO,2
5.5509213846463545,2.268548012560591,0.19101574276349198,2.3739656421387862,10.854561721838907,2.251006904250429,0.16000000000000014,1.9589999999999996,KFNO,2
5.61226938208078,2.373120507874376,0.204733757879755,2.481837942779754,10.96499658603081,2.3552218624052292,0.16900000000000048,2.16,KFNO,2
5.670476408433371,2.480264937172973,0.2171812220114622,2.588421642651627,11.06894048114437,2.466087512131851,0.16900000000000048,2.16,KFNO,2
5.730236690815567,2.586775656069638,0.2290239766226668,2.696464848253487,11.17860092882596,2.5728734585959945,0.17900000000000027,2.369999999999999,KFNO,2
5.789952459417221,2.693578185503059,0.2401434664267548,2.804080979517593,11.288291770572537,2.6810224294030065,0.1869999999999994,2.583,KFNO,2
5.8499437933083405,2.802799302387352,0.2519110689740869,2.916195723274523,11.398043451792653,2.79031705937627,0.1869999999999994,2.583,KFNO,2
5.9064206524132,2.9122858790616664,0.2628414111569219,3.0279138053258325,11.500169422828742,2.8997133619032165,0.19200000000000017,2.802999999999999,KFNO,2
5.9652729296495375,3.023513416013802,0.2735979905358285,3.1411132508529036,11.609605613045616,3.011551910439655,0.19200000000000017,2.802999999999999,KFNO,2
6.024515776729475,3.136191713206876,0.28432983997257383,3.255610458535287,11.719127233899522,3.1248947384997843,0.19200000000000017,2.802999999999999,KFNO,2
6.083422456982491,3.2495530158997843,0.2943999464917033,3.369810805410427,11.828413878278873,3.2395676060670695,0.19200000000000017,2.802999999999999,KFNO,2
6.14032959129892,3.368065565000534,0.3060795799527209,3.490067705572617,11.931412318800765,3.360251698872737,0.20500000000000007,3.2569999999999997,KFNO,2
6.199335166052611,3.48567486844529,0.31703847971840915,3.609243387595474,12.041114070228208,3.477696615062325,0.20500000000000007,3.2569999999999997,KFNO,2
6.258711049074023,3.604635432755657,0.3279546396033452,3.729890519546457,12.15092225596595,3.5972504325563484,0.20500000000000007,3.2569999999999997,KFNO,2
6.317759657161098,3.7248496731922325,0.33865851986420253,3.8519409524872987,12.260056373131603,3.717827919804504,0.2140000000000004,3.4909999999999997,KFNO,2
6.377029407893611,3.8464624382380053,0.34930497142137396,3.975057700299071,12.369941646702689,3.840128396061543,0.21999999999999886,3.731,KFNO,2
6.435566349964241,3.969524895568048,0.3595209404756309,4.09957078689863,12.478448204744026,3.9639081420847315,0.21999999999999886,3.731,KFNO,2
6.4938972260115095,4.094678475232421,0.369327384406424,4.226496802070636,12.587177232260183,4.089645015930673,0.21999999999999886,3.731,KFNO,2
6.55200765879032,4.221613649454852,0.3785481857914385,4.355507110062747,12.696079035956158,4.216676759943787,0.2240000000000002,3.978999999999999,KFNO,2
6.609146244148771,4.349457730166956,0.38549463032686915,4.484254191610307,12.80504518946517,4.345379408017617,0.2240000000000002,3.978999999999999,KFNO,2
6.660930787688981,4.482583976499038,0.3925876324904373,4.619393250824766,12.90137262038323,4.480007548341173,0.2240000000000002,3.978999999999999,KFNO,2
6.715456547941922,4.614286689232702,0.3965693641325033,4.7516265259031725,13.009540253159798,4.611781366209833,0.2259999999999991,4.234,KFNO,2
6.770635503667685,4.749138164505174,0.4011162691574707,4.890358417407979,13.117595345323474,4.745189408590925,0.23000000000000043,4.491999999999999,KFNO,2
6.822933532439009,4.886157823463758,0.4042588390152307,5.028416406455307,13.219934813804775,4.883191881684019,0.23000000000000043,4.491999999999999,KFNO,2
6.877377986249672,5.024242545589397,0.4080589610602746,5.168715423688718,13.327863100721148,5.020498897821541,0.23499999999999943,4.756,KFNO,2
6.93194667342063,5.164604364557045,0.4116721908054316,5.3118602237973445,13.435442441233157,5.159983287084838,0.23499999999999943,4.756,KFNO,2
6.986674480108123,5.307610170277082,0.41576344662289916,5.456842547065774,13.542871914081715,5.303010395474673,0.238999999999999,5.029999999999999,KFNO,2
7.036211516230096,5.453353530276874,0.42030775789526315,5.605310363194927,13.637360540564009,5.448052169003937,0.2419999999999991,5.311999999999999,KFNO,2
7.091006427063457,5.602024472240301,0.425939112875519,5.756198489051353,13.745284207543223,5.59643026598528,0.2419999999999991,5.311999999999999,KFNO,2
7.147099226669253,5.753776572145844,0.43251043048496157,5.910557617178267,13.853386563581612,5.747576975243671,0.2419999999999991,5.311999999999999,KFNO,2
7.203557869671892,5.908636082350023,0.4395473487366383,6.067919815202535,13.96139969300321,5.901907251194695,0.2469999999999999,5.606,KFNO,2
7.257824138762325,6.0671357262537375,0.4467241768838481,6.228336821302691,14.063870709986304,6.060646183426953,0.2519999999999989,5.911,KFNO,2
7.313833327350233,6.228407453631062,0.4536099924391866,6.391913971496851,14.17160502004556,6.221320318360708,0.2519999999999989,5.911,KFNO,2
7.369836769809971,6.3931494609713,0.45985993543854364,6.559608013330396,14.279277830229459,6.385073706917981,0.2519999999999989,5.911,KFNO,2
7.425492020778419,6.560615522204105,0.46542258798255676,6.729514710900145,14.386782560540423,6.551705492530343,0.2569999999999997,6.228,KFNO,2
7.47506045116655,6.730875845708146,0.4697145890759853,6.902677966307615,14.481096172443094,6.720673093539346,0.26099999999999923,6.557,KFNO,2
7.528905895626325,6.903471768970059,0.4737881441790261,7.077247228217249,14.5880766075626,6.892596728832843,0.26099999999999923,6.557,KFNO,2
7.583660627504317,7.078620924279443,0.47835960696436797,7.25449033220787,14.695100302714854,7.067033458396439,0.26399999999999935,6.898,KFNO,2
7.638850482226025,7.256057836916453,0.4834353606764174,7.433848370577269,14.802280895143701,7.243785785429872,0.26399999999999935,6.898,KFNO,2
7.694367292141189,7.435976909666511,0.4889109813416492,7.615955043445776,14.90963442700919,7.4227970942751345,0.26399999999999935,6.898,KFNO,2
7.743305819215015,7.619479649209791,0.49508858668247013,7.799926187190765,15.000388889183736,7.607549397339149,0.26399999999999935,6.898,KFNO,2
7.798822091315375,7.803541701316469,0.5021597412402558,7.985230021192458,15.108366853242073,7.790753474999275,0.26500000000000057,7.247999999999999,KFNO,2
7.855682520030341,7.987925362863804,0.5095688672565151,8.169144836718841,15.216731375149903,7.975889602251768,0.266,7.609999999999999,KFNO,2
7.907522542642795,8.174829808703748,0.5172213152440422,8.361708475469513,15.312299013065997,8.158312530929566,0.266,7.609999999999999,KFNO,2
7.963344928344864,8.36394942318379,0.5243845685812467,8.552483604218134,15.419679337415383,8.346780715393333,0.2729999999999997,7.978,KFNO,2
8.019479050953073,8.554803083754305,0.5310184525570272,8.744942599394518,15.52681093598028,8.536820990109513,0.2729999999999997,7.978,KFNO,2
8.075493248998066,8.746797329319852,0.537279852218522,8.938256979523924,15.633862502020186,8.728019998390177,0.2789999999999999,8.352,KFNO,2
8.124704357480336,8.938589694577121,0.5434056232146175,9.133563051627398,15.7247811084025,8.916248484502015,0.28200000000000003,8.733,KFNO,2
8.179434564574606,9.132503921245872,0.5495041145632127,9.328238403555357,15.831378214144648,9.110293332340797,0.28200000000000003,8.733,KFNO,2
8.23524637514111,9.328625268783117,0.5559084399881942,9.525876680570283,15.938167548469222,9.305812708732013,0.28200000000000003,8.733,KFNO,2
8.291537944545501,9.52558128861128,0.5626618121636013,9.723421065054394,16.045308281234604,9.502513458034072,0.28200000000000003,8.733,KFNO,2
8.339330686003697,9.727397333211172,0.5697381001894053,9.924268404043184,16.13159134472449,9.70727794612211,0.28500000000000014,9.514,KFNO,2
8.394492195685885,9.92709384339044,0.5764552236863003,10.123482398412214,16.238928549647344,9.906557253318606,0.28500000000000014,9.514,KFNO,2
8.45043080662976,10.126623294894816,0.5829095317507532,10.322121654828289,16.345623747468917,10.106866190909187,0.28500000000000014,9.514,KFNO,2
8.5061320808497,10.329531242692381,0.5888913686823388,10.528054133027656,16.45190314889402,10.308097296607441,0.2889999999999997,9.913,KFNO,2
8.554122932198839,10.535285325995087,0.5947083910613463,10.732228508841157,16.539959357483816,10.516538202127872,0.29299999999999926,10.315,KFNO,2
8.60844198072029,10.739437747381645,0.6000733294230254,10.936500110950135,16.646389497795855,10.7198699186944,0.29299999999999926,10.315,KFNO,2
8.663685908245236,10.944395495203175,0.6052747212656107,11.142420525602367,16.75282550110041,10.92413676021079,0.2919999999999998,10.720999999999998,KFNO,2
8.718889253552211,11.150062294169665,0.6101455686288012,11.348674039122825,16.85911840568734,11.129441598947341,0.2919999999999998,10.720999999999998,KFNO,2
8.773998673790892,11.356741367184906,0.6150492540650875,11.556146316338817,16.965133605368553,11.335674897751655,0.2919999999999998,10.720999999999998,KFNO,2
8.823125818802838,11.562564810350176,0.620216508165225,11.764019826092268,17.056578268680113,11.539004688001228,0.2919999999999998,10.720999999999998,KFNO,2
8.877520878485578,11.77092781776959,0.6257368750054157,11.97358829012685,17.162453695962327,11.74716725842894,0.2940000000000005,11.130999999999998,KFNO,2
8.932899564861627,11.979952344801333,0.6314476105054675,12.182961982389209,17.26850107358124,11.956046545343636,0.2940000000000005,11.130999999999998,KFNO,2
8.97953634563828,12.191003930817379,0.6371593495169371,12.393992000890446,17.35326153659931,12.167855110832685,0.2970000000000006,11.543000000000001,KFNO,2
9.033529274263932,12.402105013295742,0.6428453666305706,12.60553434963411,17.458828311705314,12.37850741937241,0.29800000000000004,11.961,KFNO,2
9.088740924602874,12.61424579170076,0.648755101638528,12.818587919573563,17.564341233144678,12.5900990389158,0.29800000000000004,11.961,KFNO,2
9.14416525790868,12.826979453949296,0.6544556510031547,13.031753297759463,17.67009493974145,12.802573501890507,0.2970000000000006,12.380999999999998,KFNO,2
9.19445261524844,13.04289029551043,0.6601619922821897,13.248091429856764,17.763466936077602,13.0192794233729,0.2989999999999995,12.804,KFNO,2
9.249202459492146,13.257185616479504,0.665880763555682,13.461751770691853,17.869345796790327,13.233503064993238,0.2989999999999995,12.804,KFNO,2
9.304630914157904,13.472378478241792,0.6716335427511758,13.677011224464072,17.975153666080438,13.44893513128452,0.2970000000000006,13.232999999999999,KFNO,2
9.360150330621524,13.6887685126787,0.6774573286844432,13.894073015978496,18.080836056460985,13.665080164555832,0.2970000000000006,13.232999999999999,KFNO,2
9.407781972212529,13.90663965013804,0.6835296949588416,14.112138593530908,18.167354894011158,13.88327071494777,0.2970000000000006,13.232999999999999,KFNO,2
9.46223993093714,14.124958215606858,0.6896553925220437,14.33079057172837,18.273034193455707,14.101431250095283,0.2989999999999995,13.664,KFNO,2
9.517622529724388,14.344576421606877,0.6957118679949951,14.551332918335975,18.37844991300091,14.32060779013501,0.29999999999999893,14.098999999999998,KFNO,2
9.573018914990838,14.5648886871329,0.70173625154418,14.771931508520256,18.483567444395334,14.540860716066883,0.29999999999999893,14.098999999999998,KFNO,2
9.619444261725604,14.78620240665343,0.7074858743825749,14.993936252002802,18.567488335595225,14.76180084528938,0.3019999999999996,14.537999999999998,KFNO,2
9.673142492593094,15.008290961156215,0.7130767052301418,15.21660609318782,18.672261636319305,14.983637666746706,0.3019999999999996,14.537999999999998,KFNO,2
9.72809602185893,15.231149614534285,0.7187826477475593,15.439955412699657,18.77721018687551,15.206282618177054,0.2989999999999995,14.981,KFNO,2
9.783501794849073,15.454895900242688,0.7248537516300606,15.66430934499589,18.882397930424904,15.429740164566745,0.2989999999999995,14.981,KFNO,2
9.839030635311476,15.679432994407184,0.7310077707816799,15.88938795275588,18.987613355661907,15.654013623889302,0.2989999999999995,14.981,KFNO,2
9.886528279735433,15.904382895142549,0.7372189768061583,16.115522711430724,19.073505492252195,15.877864901597906,0.2989999999999995,14.981,KFNO,2
9.941009485947006,16.130653129503447,0.7436546707314724,16.34250766337762,19.178839571572603,16.103984314584224,0.2970000000000006,15.427000000000001,KFNO,2
9.996758531970215,16.357861359028277,0.75038858580608,16.570320608726295,19.284300961538722,16.330942496152673,0.2989999999999995,15.877,KFNO,2
10.043636266032006,16.58450076870347,0.7570822797140193,16.798025930707517,19.368102888243456,16.556197134939207,0.2989999999999995,15.877,KFNO,2
10.097717258112173,16.81356244026081,0.7634021576388683,17.028276849961216,19.472799677809324,16.785099083357732,0.30299999999999905,16.33,KFNO,2
10.152680243713899,17.043856766888812,0.7694873349472944,17.2595595368833,19.577145738036688,17.014887374006754,0.3019999999999996,16.786,KFNO,2
10.207981825441712,17.274568016591083,0.7758937030955289,17.490509261348503,19.681639568742437,17.245500926043672,0.3019999999999996,16.786,KFNO,2
10.252244949725188,17.509059084327127,0.7824940789638961,17.722567394691715,19.75942635788053,17.48390093528492,0.3019999999999996,17.247999999999998,KFNO,2
10.30625612001356,17.742337169876784,0.789552668720454,17.956027584733388,19.864111524819844,17.716560153280028,0.3019999999999996,17.247999999999998,KFNO,2
10.36180785303098,17.975911131946443,0.7967412044835323,18.18985035782398,19.968742684524795,17.949991764037723,0.3019999999999996,17.247999999999998,KFNO,2
10.417646945979824,18.210419685160414,0.8038368445748348,18.424773686698387,20.073583477410278,18.184443763145122,0.3019999999999996,17.247999999999998,KFNO,2
10.466711478991058,18.444984956492213,0.8107278420119178,18.6606712277238,20.162309515458563,18.417638442287636,0.3019999999999996,18.183,KFNO,2
10.520942765366796,18.68091557382413,0.8172094012663366,18.89710669073396,20.26631258026055,18.653654715015456,0.3019999999999996,18.183,KFNO,2
10.575832390783315,18.918499224363604,0.8234639879189993,19.136411245156047,20.37019103708307,18.89018507390123,0.3019999999999996,18.183,KFNO,2
10.630922050521246,19.15589364605479,0.8297778674453055,19.373658750938965,20.474225948326026,19.127629696345714,0.30299999999999905,18.656,KFNO,2
10.678241495967495,19.394739114106052,0.8358247684308459,19.612995203381015,20.559878148880994,19.366525663303662,0.29999999999999893,19.130000000000003,KFNO,2
10.731768265973743,19.63454414678494,0.8415803088829851,19.853853574629554,20.66353482153767,19.60572028024706,0.29999999999999893,19.130000000000003,KFNO,2
10.785996527653353,19.874452742687907,0.8469269687767874,20.093765234196788,20.76696444961272,19.84566248888098,0.29800000000000004,19.609,KFNO,2
10.840285294161664,20.11506233448772,0.8521188659646319,20.33454092039842,20.87043635720406,20.086383267994574,0.29800000000000004,19.609,KFNO,2
10.884794143908865,20.357319326480955,0.857356246000457,20.57717949283513,20.950454119403762,20.32887905433261,0.29800000000000004,19.609,KFNO,2
10.937623988787466,20.599997140309792,0.8625680222588726,20.820555982512357,21.05400800623121,20.57110566461921,0.29499999999999993,20.092,KFNO,2
10.991699431451542,20.843298972508638,0.8679271546121111,21.06444187745461,21.157305545802043,20.81408408306402,0.2940000000000005,20.576999999999998,KFNO,2
11.045737048318887,21.087953793413895,0.8729295517133093,21.31032671377904,21.26041158939483,21.05805887208321,0.2940000000000005,20.576999999999998,KFNO,2
11.092178924801404,21.331106579684345,0.8778170397855392,21.552236621025624,21.34546309439115,21.301789166991377,0.2940000000000005,20.576999999999998,KFNO,2
11.14424300196478,21.577630450849405,0.8816760461610931,21.80128282628981,21.447834247012786,21.547235655740632,0.2919999999999998,21.063000000000002,KFNO,2
11.197518646655215,21.82425164590696,0.8860719018233754,22.04839543617832,21.55044993140557,21.793414623450083,0.2919999999999998,21.063000000000002,KFNO,2
11.251154134121384,22.071263243912053,0.8905029800793065,22.295696360245806,21.65344554570637,22.04029718556037,0.28699999999999903,21.554000000000002,KFNO,2
11.296168234282932,22.319826008581202,0.8951765800359629,22.544434624412837,21.735454396025258,22.289278855892853,0.2829999999999995,22.049,KFNO,2
11.348258933519574,22.568528555933582,0.8993242811441614,22.79337922349488,21.838095377376927,22.53786630883094,0.2829999999999995,22.049,KFNO,2
11.401125273260377,22.818307015472026,0.9031563053304041,23.04419223733904,21.940287785273572,22.78706212849332,0.27999999999999936,22.546999999999997,KFNO,2
11.454090273886388,23.068885037065247,0.9069559398094216,23.295536762250585,22.042459486815314,23.03720473719206,0.27999999999999936,22.546999999999997,KFNO,2
11.499600061673661,23.319036953888286,0.9106166117934186,23.547337371842186,22.126898661149763,23.28549584591724,0.2759999999999998,23.043,KFNO,2
11.55148829260407,23.57060880375143,0.9145665664789524,23.79973222734245,22.229077491829628,23.53689406534702,0.2759999999999998,23.043,KFNO,2
11.604294933131607,23.82289776845132,0.9183810051599102,24.05246338622875,22.331215256119826,23.789046591715085,0.2759999999999998,23.043,KFNO,2
11.657298947723628,24.0757734243656,0.9223954247321999,24.30591234107231,22.433285260323274,24.04159308862006,0.27200000000000024,23.546,KFNO,2
11.704394954910308,24.330112586307408,0.9266946355877149,24.559673301853007,22.520873453974463,24.29708676072229,0.27200000000000024,23.546,KFNO,2
11.756919015410997,24.583378912291327,0.9313529291003366,24.81283585450347,22.623255391576084,24.550066138862142,0.2679999999999989,24.051000000000002,KFNO,2
11.810516587507461,24.836483245436288,0.9363456505284783,25.066071334319236,22.7258679700443,24.802979415028478,0.26500000000000057,24.558,KFNO,2
11.864229289414148,25.089878178580467,0.9412986788391363,25.319783230474112,22.828403856745723,25.05617446166194,0.26500000000000057,24.558,KFNO,2
11.91147977584664,25.34293152478962,0.946056042452879,25.574071425716998,22.91563678526723,25.307816835918935,0.26500000000000057,24.558,KFNO,2
11.964105568225628,25.596217134939437,0.9510022582361883,25.827506529339537,23.0179345580827,25.561097934073754,0.26500000000000057,24.558,KFNO,2
12.01758721958175,25.849483895958084,0.9560809414940334,26.080860484655386,23.120152068033143,25.8142741776976,0.26200000000000045,25.569000000000003,KFNO,2
12.07112893895595,26.102606600380383,0.9611209674359406,26.333749923685062,23.222236904508797,26.06756704776507,0.26200000000000045,25.569000000000003,KFNO,2
12.11749190359647,26.35518564006132,0.9661151240569237,26.58698588807797,23.307178766161314,26.31922581863229,0.26200000000000045,25.569000000000003,KFNO,2
12.169887534229643,26.60833293064213,0.9709898916880364,26.840224089191267,23.40933450462772,26.572571437882605,0.2599999999999998,26.076999999999998,KFNO,2
12.223239097067406,26.86157705783245,0.9760648585356825,27.093721790618922,23.511335491144422,26.82560687932969,0.2569999999999997,26.583,KFNO,2
12.276836021684673,27.114601705591056,0.9813021674116628,27.346495355370504,23.613407675939822,27.078788808104136,0.2569999999999997,26.583,KFNO,2
12.328334085568383,27.36702460697949,0.986443318525006,27.600376554345463,23.71046553002722,27.32948921709246,0.2560000000000002,27.090000000000003,KFNO,2
12.381819024576297,27.619559979602982,0.9918323910551864,27.852488181935772,23.812809683229812,27.582507262545914,0.2560000000000002,27.090000000000003,KFNO,2
12.43548640509256,27.87237209849917,0.9969838093406813,28.105639273815928,23.91509056351334,27.835090499747196,0.2560000000000002,27.090000000000003,KFNO,2
12.489203218763958,28.12461607743499,1.0023157601175667,28.35719654529301,24.01723596026816,28.087781045751026,0.2560000000000002,27.090000000000003,KFNO,2
12.539429083714612,28.37904050513223,1.0071622036261099,28.610038359211522,24.11151552359123,28.344666293960522,0.2560000000000002,27.090000000000003,KFNO,2
12.59224571309225,28.63126606835295,1.0117495588007615,28.86173637782146,24.21351233736501,28.596533967051922,0.254999999999999,28.105000000000004,KFNO,2
12.645424567642257,28.882921411562013,1.016357241333392,29.113390029805522,24.315411172295324,28.84795506447014,0.254999999999999,28.105000000000004,KFNO,2
12.698797990262387,29.134315426499008,1.021273282689412,29.36473856240288,24.4173374572534,29.0992832332887,0.2530000000000001,28.61,KFNO,2
12.747697867506394,29.38622204586869,1.0261863259490056,29.616408166269927,24.508502015051445,29.351612025294575,0.25099999999999945,29.114000000000004,KFNO,2
12.800403124095162,29.63727259433572,1.0310909819331187,29.867301966352848,24.610423713973063,29.602498012894632,0.25099999999999945,29.114000000000004,KFNO,2
12.853676565576478,29.888210894249255,1.0360274727780427,30.11863182033508,24.71226846391284,29.852998470744435,0.24900000000000055,29.615000000000002,KFNO,2
12.907351455811083,30.13833393876854,1.0414407313138914,30.368340234543012,24.814384189178043,30.103195786125244,0.24900000000000055,29.615000000000002,KFNO,2
12.955525968182114,30.392019982151925,1.0473613860437665,30.61810835042447,24.90271523435255,30.362238010694707,0.24900000000000055,29.615000000000002,KFNO,2
13.008941341196913,30.64215427343484,1.0534765230907728,30.867058540672915,25.005373138640902,30.612132638695176,0.24900000000000055,29.615000000000002,KFNO,2
13.062938867094504,30.892082100280284,1.0592714734145516,31.116977086650152,25.107830920494177,30.861980809091722,0.24799999999999933,30.115000000000002,KFNO,2
13.116899501481981,31.14150196218015,1.0650833530531072,31.366012822926518,25.20996867183946,31.11156535920029,0.24900000000000055,30.616,KFNO,2
13.167029846031564,31.391726067801283,1.0708789416597373,31.615604101741212,25.302984591389947,31.362726864223944,0.24900000000000055,30.616,KFNO,2
13.220404614899817,31.641163297081007,1.0767236142768528,31.864992240966725,25.405116837207718,31.611911477743224,0.25,31.114000000000004,KFNO,2
13.274238187913808,31.890012981888653,1.082561073459301,32.113416309308526,25.507153453656795,31.86093990876767,0.25,31.614000000000004,KFNO,2
13.328147470357523,32.13857021421341,1.088495678449773,32.36173077443747,25.60910779693384,32.109610661202126,0.25,31.614000000000004,KFNO,2
13.37748138115022,32.388024971362846,1.0945570925289412,32.61054850198053,25.69997222976572,32.36004223396362,0.24900000000000055,32.113,KFNO,2
13.430890592614546,32.63617170607249,1.1009944603101145,32.85836845931258,25.801886072739883,32.60800635491659,0.24900000000000055,32.113,KFNO,2
13.485076870157505,32.884253383318374,1.1073992248640399,33.106612433873515,25.904190049315023,32.85589581254382,0.24799999999999933,32.613,KFNO,2
13.53952653296415,33.13168616360862,1.1140144491041832,33.35351343775418,26.006623133854408,33.1035832777989,0.24799999999999933,32.613,KFNO,2
13.591454964506244,33.38047660526556,1.1205564124296121,33.60123218924312,26.1030137970862,33.35398262320941,0.25,33.107,KFNO,2
13.645535490656865,33.627976965849406,1.1271246070578578,33.84863471518259,26.205438379135757,33.601058977178646,0.25,33.107,KFNO,2
13.699853147711217,33.875059902734485,1.1336093433798495,34.095623633368625,26.30772303458514,33.84805551848428,0.25,33.107,KFNO,2
13.754269308130505,34.12185192583837,1.140180504611605,34.34230878998979,26.41007011014348,34.09482443516913,0.25099999999999945,33.602000000000004,KFNO,2
13.803468232768552,34.37064619047855,1.1467840122953723,34.58889119728033,26.49988318360226,34.34662196561174,0.25099999999999945,34.097,KFNO,2
13.857012295213801,34.61748430086212,1.1532916230821337,34.835123273385115,26.602087429776812,34.59329301230547,0.25099999999999945,34.097,KFNO,2
13.911133018074283,34.864093938595424,1.1597008385037972,35.08164932882267,26.704173373940346,34.839888472945276,0.2519999999999989,34.592,KFNO,2
13.965440572678336,35.11068110228797,1.1662746924898812,35.328140373477424,26.806330393067963,35.08655436201619,0.2519999999999989,34.592,KFNO,2
14.017882982796674,35.35731141083296,1.172381575156285,35.575856298491544,26.904424122674037,35.33209823787776,0.2519999999999989,34.592,KFNO,2
14.071507019436574,35.60354179537287,1.1784362732207372,35.82143311177712,27.00608296866425,35.57882162195422,0.25399999999999956,35.083,KFNO,2
14.124886402732855,35.8505696016671,1.1839482026402128,36.069082629339974,27.10726717275261,35.82554981727424,0.25399999999999956,35.083,KFNO,2
14.178431871017903,36.09752450127984,1.18966944163463,36.316048706106805,27.208721348276725,36.07246001477468,0.2530000000000001,35.577,KFNO,2
14.228381110667813,36.34628716895819,1.1959007853735684,36.56294107660326,27.301012839423294,36.32381754914643,0.2530000000000001,35.577,KFNO,2
14.282081590468529,36.59398365861796,1.202317395270445,36.810885321268145,27.403400341926794,36.57085667554964,0.2519999999999989,36.071000000000005,KFNO,2
14.336743071358038,36.84101830205048,1.209407700444631,37.05770027201075,27.506027290974583,36.81783767115741,0.2519999999999989,36.071000000000005,KFNO,2
14.39131576152188,37.0882474809352,1.215732744261824,37.30518818068481,27.608858673687898,37.06487855363338,0.25,36.566,KFNO,2
14.443397374100643,37.33443275934876,1.222517732403103,37.551604283312415,27.70529819951349,37.3103807819224,0.254999999999999,37.062000000000005,KFNO,2
14.497267872048266,37.58199978925145,1.2290134752145094,37.800259355640925,27.807243077118258,37.557440926541545,0.254999999999999,37.062000000000005,KFNO,2
14.551427470630466,37.829530683534614,1.2355162599686322,38.04799938066379,27.909194375117238,37.8047444990833,0.254999999999999,37.062000000000005,KFNO,2
14.605584192704058,38.076768080420784,1.2419808352224613,38.295341875558655,28.011068140914485,38.05174966417389,0.254999999999999,37.062000000000005,KFNO,2
14.654335724015116,38.32527477787321,1.2483663286414175,38.54257501099021,28.100105006915637,38.30202184717968,0.2579999999999991,37.556000000000004,KFNO,2
14.707594039071532,38.57276998236308,1.2546145452870285,38.79010640696595,28.20204328856074,38.549103972023886,0.2579999999999991,38.051,KFNO,2
14.761728542229317,38.819956062052825,1.26128959592038,39.03706852472226,28.303986359678703,38.79638891454712,0.2579999999999991,38.051,KFNO,2
14.816144430329393,39.06727638590903,1.2680489715009737,39.284542104147036,28.40619844486455,39.04360666359828,0.2579999999999991,38.545,KFNO,2
14.870083707110231,39.3150536992665,1.2747027539674538,39.53189296808089,28.507272556018048,39.29198973889394,0.2599999999999998,39.038000000000004,KFNO,2
14.924617511195365,39.56260608363922,1.2814974880966328,39.779516821859964,28.609797375181383,39.539376275479896,0.2599999999999998,39.038000000000004,KFNO,2
14.97918571840585,39.81013883351522,1.2882225350856422,40.02711733550436,28.712254036724797,39.78682649011129,0.26200000000000045,39.533,KFNO,2
15.033336565979372,40.05748452933339,1.2946103995511684,40.274392997304446,28.81403498043724,40.034156170059234,0.26200000000000045,39.533,KFNO,2
15.084680061905159,40.30621808771027,1.300772287707478,40.5222443624705,28.909490793355623,40.284326694384745,0.26200000000000045,39.533,KFNO,2
15.138418724424795,40.5533480626683,1.3072706477517206,40.76867209078706,29.011356951844206,40.53151722589602,0.266,40.028,KFNO,2
15.192624379666096,40.800317947591424,1.3137419708515876,41.015412964332434,29.11349221322974,40.77864941792425,0.2629999999999999,40.524,KFNO,2
15.247024546446253,41.047490049898556,1.320329080368352,41.2628939205859,29.215806735635365,41.02559198165609,0.2629999999999999,40.524,KFNO,2
15.297532531706898,41.29737699745154,1.3273512422484504,41.50853452577114,29.30831789128961,41.280821936172224,0.2629999999999999,40.524,KFNO,2
15.351471861450923,41.5446770056307,1.3340719931631253,41.75559564328868,29.41074057744232,41.52732293874504,0.26699999999999946,41.019,KFNO,2
15.40593537813007,41.79078407484609,1.3410775430660848,42.00124266346513,29.51287721943821,41.77339635027783,0.2699999999999996,41.512,KFNO,2
15.460262094785925,42.03685366370512,1.3477223229727635,42.24755797247915,29.614865152964153,42.01919698224355,0.2699999999999996,41.512,KFNO,2
15.51033348696288,42.28129674871795,1.3543624245298447,42.49230830158552,29.706724594062205,42.26263341602297,0.27500000000000036,42.004000000000005,KFNO,2
15.564001793513809,42.52630403617798,1.3609652627749356,42.737434850540666,29.80881773159599,42.50778322434716,0.27500000000000036,42.004000000000005,KFNO,2
15.618296226955891,42.77007517073011,1.3677705308397508,42.9799284950523,29.910859573400653,42.752320060083115,0.27500000000000036,42.004000000000005,KFNO,2
15.67242744162305,43.014899482525536,1.3741007805876715,43.22589613959801,30.012771283484525,42.99642714853005,0.27699999999999925,42.495000000000005,KFNO,2
15.725494070693546,43.25939508664715,1.3811574292840816,43.46903756794924,30.11145897622711,43.24212956001083,0.2789999999999999,42.984,KFNO,2
15.779965398679622,43.50306658180177,1.3881879918884257,43.71266582973404,30.213924008748005,43.48550917053969,0.2789999999999999,42.984,KFNO,2
15.834572629452298,43.745945767862025,1.3952050370465865,43.955130513276785,30.316208827890556,43.728467969802054,0.2789999999999999,42.984,KFNO,2
15.888939333188564,43.98851585832184,1.4019120308972877,44.19753199069579,30.41818279235662,43.97106844923382,0.2839999999999989,43.47,KFNO,2
15.94297912939177,44.23147473205498,1.408417574960107,44.44038706891449,30.519668597369595,44.21428194273824,0.2859999999999996,43.955,KFNO,2
15.997280144401778,44.47315521635116,1.415228852819853,44.68135987495396,30.62158248804036,44.4561373439391,0.2859999999999996,43.955,KFNO,2
16.051732792673786,44.714591311175674,1.4220220303512205,44.92274424777885,30.723789055490638,44.69751706214276,0.2889999999999997,44.438,KFNO,2
16.106266691848635,44.95508871370667,1.4290296834736722,45.16218772804181,30.825915062223796,44.938672564974446,0.2889999999999997,44.438,KFNO,2
16.15889179266443,45.19703960382858,1.4360570789022082,45.40241636716394,30.923440977590538,45.18292729209099,0.2889999999999997,44.438,KFNO,2
16.213333460346714,45.43741023452022,1.4433072107753402,45.64227970615437,31.02577279512199,45.42316241893293,0.29100000000000037,44.923,KFNO,2
16.268119673455608,45.676964054344694,1.4505597043550307,45.88130031095279,31.128261369210566,45.66290546273345,0.29499999999999993,45.403,KFNO,2
16.32276780387524,45.916238174284686,1.4576000151588488,46.12039841521615,31.23050945634188,45.90222894936566,0.29499999999999993,45.403,KFNO,2
16.376041153900168,46.1558273222516,1.464472135780342,46.358347874155946,31.329691773597197,46.14357132666482,0.29499999999999993,45.403,KFNO,2
16.429999587502746,46.394320283629625,1.4709877482441513,46.59698561367517,31.431368277531156,46.38146733344637,0.30100000000000016,45.881,KFNO,2
16.484251068998674,46.631527182053226,1.4778459949098144,46.833218259697276,31.53315078405701,46.619112176042314,0.30100000000000016,45.881,KFNO,2
16.538614325496038,46.86879025492394,1.4846602251404828,47.07058484262035,31.63514711289445,46.85628669427278,0.3049999999999997,46.356,KFNO,2
16.59260826462412,47.10347361734687,1.4920395885912259,47.303948684897975,31.735638359537585,47.09121314871046,0.30599999999999916,46.831,KFNO,2
16.646891479686644,47.33974603085371,1.498669411483035,47.54127023476358,31.8377385615064,47.32708495326562,0.30599999999999916,46.831,KFNO,2
16.7016198968965,47.57479679920997,1.5059153996280186,47.775421190677115,31.94015635777478,47.56252452741143,0.30599999999999916,46.831,KFNO,2
16.756281282467203,47.80936048409346,1.5129142562303075,48.00955170910058,32.04250276185211,47.7973084693363,0.30599999999999916,46.831,KFNO,2
16.811075638507393,48.04570229392632,1.5197065434157484,48.243708017088224,32.14541009492673,48.036559878335964,0.3089999999999993,47.304,KFNO,2
16.8655219326101,48.27992212532157,1.5265799127586768,48.47749404863172,32.24732421775877,48.27032584265431,0.31400000000000006,47.775,KFNO,2
16.920014375844396,48.51289588535946,1.5335027761133833,48.709625940858324,32.34943997751577,48.503617596771896,0.31400000000000006,47.775,KFNO,2
16.974554268309536,48.74517703025571,1.5405448960629526,48.94130304031021,32.45153903394647,48.73620655195929,0.3179999999999996,48.241,KFNO,2
17.028876649841507,48.97804355044687,1.547309136902174,49.17282317503816,32.55338567971407,48.97064930309737,0.3179999999999996,48.241,KFNO,2
17.083170865381682,49.20935033402306,1.5540253848174845,49.403260793970446,32.65527765584208,49.20217211247726,0.3230000000000004,48.705,KFNO,2
17.137637857953564,49.43996093548566,1.5610197987855035,49.633091106553245,32.75732429931961,49.43326663532431,0.32699999999999996,49.17,KFNO,2
17.192397113484386,49.6701081141658,1.5681994316244605,49.86284648237408,32.859822702853194,49.663604978649666,0.32699999999999996,49.17,KFNO,2
17.246492258701245,49.90048203125525,1.5751229976479268,50.09258068917231,32.96088397458905,49.89469674870217,0.32699999999999996,49.17,KFNO,2
17.300712258003458,50.129474940796236,1.5817154976761614,50.320845228787945,33.06280963637551,50.123839997880424,0.32699999999999996,49.17,KFNO,2
17.354536138868387,50.3581880925777,1.5876623597957433,50.549506157311455,33.16439698281994,50.35247799879163,0.3360000000000003,50.089,KFNO,2
17.40833531135083,50.58619220381945,1.5936144975301996,50.777089006921,33.26606409044654,50.58060258304903,0.3360000000000003,50.089,KFNO,2
17.459277209312138,50.81269785526126,1.5993452858898207,51.00343935842662,33.36112616267901,50.80662168390075,0.3360000000000003,50.089,KFNO,2
17.51268142016098,51.03872599978511,1.6051773472371593,51.228241070571826,33.46304683732441,51.03369576885796,0.33699999999999974,50.546,KFNO,2
17.56625142770294,51.26392104168518,1.6104127432350295,51.452300432596196,33.56504561328629,51.259675587826216,0.34299999999999997,51.002,KFNO,2
17.619873989643533,51.48829640080038,1.6155676157519199,51.675654536796685,33.66719251679871,51.48472469856287,0.34299999999999997,51.002,KFNO,2
17.67321328918877,51.713108285389204,1.620538034039071,51.898101751513025,33.768835725211055,51.712070058420835,0.34299999999999997,51.002,KFNO,2
17.7267723921033,51.93592222569159,1.6257748714566265,52.120157557591966,33.87082656960289,51.934810330838935,0.3490000000000002,51.454,KFNO,2
17.780560193872507,52.15679984506475,1.6315018965921269,52.33977116449728,33.97279997156342,52.156142998590965,0.3490000000000002,51.454,KFNO,2
17.834380520894793,52.37666285663621,1.637231788941409,52.55901808234311,34.07477513346652,52.3761901047446,0.35599999999999987,51.899,KFNO,2
17.888656595552767,52.59386779170421,1.643183973727641,52.77527806613503,34.17759933833645,52.59323080617178,0.359,52.341,KFNO,2
17.942385211614017,52.810263283403344,1.6489188097806469,52.99093641620064,34.27918164883878,52.810008065757515,0.359,52.341,KFNO,2
17.99605693174274,53.0245417763776,1.654944539760778,53.20355366967973,34.38053398607776,53.02505738546972,0.359,52.341,KFNO,2
18.049735282428735,53.23727744550577,1.6609200279718608,53.41514623409107,34.48198290781292,53.2382819549564,0.36599999999999966,52.777,KFNO,2
18.10376111754521,53.45022456606852,1.6672347809371433,53.6241848259192,34.583934276135096,53.45520869180431,0.36599999999999966,52.777,KFNO,2
18.15787240681928,53.659250171624116,1.6736255047044484,53.83157221539415,34.68585819150109,53.664234886452846,0.3699999999999992,53.207,KFNO,2
18.21215572495096,53.86506785189153,1.680396392179044,54.03535126527704,34.78779995652132,53.87074484182435,0.3699999999999992,53.207,KFNO,2
18.266463246566047,54.06866805649362,1.6870727461272699,54.238108539756155,34.88984654236872,54.07424632743385,0.3780000000000001,53.627,KFNO,2
18.32098727927415,54.2679663764707,1.6944230025952773,54.434478031947094,34.991722430919175,54.27467060499505,0.3780000000000001,53.627,KFNO,2
18.375663773555992,54.466819460887265,1.7012309050367789,54.62946734894492,35.09446104051217,54.477171887721695,0.38400000000000034,54.041000000000004,KFNO,2
18.42963626230352,54.66012258998135,1.7078056386017748,54.82012407734346,35.19566104547504,54.670793394482665,0.38400000000000034,54.041000000000004,KFNO,2
18.483293539608514,54.849706741303926,1.714150157949524,55.00777608998687,35.29662956488463,54.86073804022871,0.39000000000000057,54.440000000000005,KFNO,2
18.537025189141865,55.03673399425799,1.720938498914214,55.19036925041217,35.397467493345005,55.05110813998952,0.39000000000000057,54.440000000000005,KFNO,2
18.59082729290906,55.218955964175855,1.7274984982207664,55.37003252874428,35.498668062155204,55.23386728852836,0.3949999999999996,54.824,KFNO,2
18.64461247409771,55.396600964614706,1.7341000544834206,55.54461410404135,35.599778368533336,55.41264330143688,0.40000000000000036,55.195,KFNO,2
18.698234831192394,55.57071820448429,1.7405654364446177,55.71623018561137,35.70066311460778,55.587757538323764,0.40000000000000036,55.195,KFNO,2
18.75293644440102,55.7409766362846,1.7472502946951627,55.88375065745282,35.8039781696275,55.75911820360162,0.4089999999999989,55.550000000000004,KFNO,2
18.80673380199701,55.90756034154573,1.753745117480252,56.04772264913892,35.90493137829298,55.92673393802085,0.4089999999999989,55.550000000000004,KFNO,2
18.860234023273158,56.070336373854026,1.7600864940700438,56.20781539125831,36.00567321022009,56.09056359752438,0.4089999999999989,55.550000000000004,KFNO,2
18.913344633492738,56.22974196129386,1.7660631529760347,56.365075922579244,36.10597144061653,56.25066278765472,0.4089999999999989,55.550000000000004,KFNO,2
18.970247467676266,56.38302687272633,1.7720344263276337,56.51801294272437,36.21548210369314,56.40173332922368,0.4209999999999994,56.215,KFNO,2
19.0237255073202,56.535017459268985,1.7777068447905995,56.66832796281895,36.31573955466874,56.55476009212494,0.4209999999999994,56.215,KFNO,2
19.076682150209937,56.68388049323401,1.78344472633399,56.81474359416598,36.41594653114906,56.70470919715069,0.4209999999999994,56.215,KFNO,2
19.129432238915903,56.82996534983417,1.7889582100235994,56.958670801329745,36.51608584908831,56.851736884300216,0.42600000000000016,56.524,KFNO,2
19.182816068607345,56.97227724655595,1.7944203976698538,57.09953414878466,36.617868456280995,56.99387628645201,0.43099999999999916,56.822,KFNO,2
19.235393347373705,57.112787743182544,1.799690236642259,57.23806998022727,36.717701394112716,57.135537673779176,0.43099999999999916,56.822,KFNO,2
19.287792774676905,57.250539854947974,1.8052186415835139,57.37344191371877,36.817145900952845,57.2744585878969,0.4369999999999994,57.109,KFNO,2
19.33984298098061,57.38589009672151,1.8102911370420298,57.50692466144389,36.91628532870182,57.41060947760525,0.4369999999999994,57.109,KFNO,2
19.391816126051786,57.51819658490663,1.81549264844212,57.63689563758152,37.01524187608491,57.54392155955567,0.4369999999999994,57.109,KFNO,2
19.446605220651335,57.64584265953366,1.8205167524294004,57.764770908920894,37.12113794001674,57.66935804202098,0.4369999999999994,57.109,KFNO,2
19.49937910218415,57.77184597052603,1.8260611189593685,57.88885856892511,37.220679443914,57.79648830301631,0.44399999999999906,57.383,KFNO,2
19.55187767552285,57.89511489287467,1.8316538800430706,58.01026891700491,37.32025919312323,57.92039818960119,0.44599999999999973,57.648,KFNO,2
19.60760323347863,58.01445004284503,1.8376368669809462,58.12784929198276,37.42726829624516,58.03979842160097,0.44599999999999973,57.648,KFNO,2
19.66030747364278,58.13090572246461,1.8432177747745684,58.242512153863274,37.52626713403495,58.156726833440125,0.4510000000000005,57.9,KFNO,2
19.712151602621013,58.24332557374681,1.848362160829216,58.35238209192377,37.624772322723324,58.26992802403638,0.4510000000000005,57.9,KFNO,2
19.763410038809447,58.35236196946484,1.8527439110049395,58.45908996674627,37.72297757199511,58.37979484813507,0.45699999999999896,58.139,KFNO,2
19.816279762813245,58.45326858076796,1.8568453451812224,58.5618416339129,37.82551404727011,58.475417135702564,0.4610000000000003,58.364000000000004,KFNO,2
19.867420160881146,58.55418247511939,1.8607023983102322,58.66125241054582,37.9236509773336,58.57770098919615,0.4610000000000003,58.364000000000004,KFNO,2
19.918299015760066,58.651746053015096,1.8645572343940393,58.7563533548044,38.02177872729328,58.67623250403749,0.4610000000000003,58.364000000000004,KFNO,2
19.96894667798797,58.745952604050565,1.8680974006112405,58.84835611089638,38.11977602208665,58.77114243787271,0.4629999999999992,58.574,KFNO,2
20.024962566265607,58.83427218571687,1.8715019429933755,58.93583468875495,38.23083221615989,58.85779785279564,0.4670000000000005,58.768,KFNO,2
20.07599409406935,58.920546688240286,1.8744324958858225,59.01995729517954,38.32848274738381,58.94518204552128,0.4670000000000005,58.768,KFNO,2
20.12597198743144,59.00324004271912,1.8770822959932638,59.10017039688472,38.425751270768224,59.02873673726216,0.4670000000000005,58.768,KFNO,2
20.175607520117673,59.082308410980296,1.879461572184915,59.17683794402245,38.522876825999965,59.10857499539495,0.47199999999999953,58.95,KFNO,2
20.229058114053966,59.15581607728521,1.8818816116423025,59.24913135098334,38.62921756438404,59.18089679381454,0.4740000000000002,59.114000000000004,KFNO,2
20.27911821620613,59.22710301103893,1.8840175941602217,59.31834872478606,38.72635158216516,59.25313661239348,0.4740000000000002,59.114000000000004,KFNO,2
20.328455287253554,59.29463329663929,1.8860157546846374,59.38320728162536,38.82315831940751,59.32162750538866,0.4740000000000002,59.265,KFNO,2
20.37730818365729,59.35859727957102,1.8875213522620815,59.444868311932396,38.91958612342782,59.38626052873428,0.4740000000000002,59.265,KFNO,2
20.42588851610309,59.41859443765403,1.8888579041953095,59.50226188339728,39.01572373836498,59.44705977657869,0.4740000000000002,59.265,KFNO,2
20.480789943983556,59.4735248663083,1.8900851498226647,59.55585607072467,39.12720993991125,59.50111888113956,0.4740000000000002,59.265,KFNO,2
20.530279858328242,59.52526826242557,1.8912763563921748,59.6050140677746,39.2234474436432,59.553862357281226,0.47799999999999976,59.397999999999996,KFNO,2
20.57870259046192,59.5733384434144,1.8921533464343714,59.6506870903323,39.31948783811137,59.602607428696615,0.48099999999999987,59.518,KFNO,2
20.629609012228318,59.617362845763125,1.892688880958115,59.69312350289317,39.42222776245979,59.646372315806616,0.48099999999999987,59.518,KFNO,2
20.677918022716614,59.65799402942174,1.893150063208102,59.73137800951317,39.51791533098024,59.68772920836634,0.48099999999999987,59.622,KFNO,2
20.7256497479782,59.695513475454106,1.8933356132454076,59.76690715059512,39.613492434520424,59.725728431343015,0.48300000000000054,59.709,KFNO,2
20.77327991529296,59.729537770483354,1.8936049815100244,59.79845156281484,39.708970093854596,59.76056344095988,0.48300000000000054,59.709,KFNO,2
20.82564421069859,59.76045790871383,1.893635026794345,59.82768509027703,39.81607945153048,59.79169383488752,0.48499999999999943,59.783,KFNO,2
20.87377293207192,59.78830929861207,1.8935181553004314,59.853165624005186,39.91142559328354,59.82032907201061,0.48499999999999943,59.783,KFNO,2
20.9208765271532,59.8133943490753,1.892976996897917,59.87632347531475,40.00635719705553,59.845926071127224,0.48499999999999943,59.783,KFNO,2
20.96768973182394,59.83529783223384,1.8923559411493214,59.89599993836835,40.10106839141074,59.86847511906272,0.48499999999999943,59.783,KFNO,2
21.02059969872903,59.850794461400255,1.8915115631130128,59.91352030695523,40.21069764871649,59.87909419346613,0.4870000000000001,59.894000000000005,KFNO,2
21.06821147222646,59.86671137828592,1.8905676701171545,59.92829887864853,40.305539947644505,59.89591488162274,0.4870000000000001,59.894000000000005,KFNO,2
21.114933645524797,59.88039326816453,1.8895252589380747,59.9403318430573,40.40031956470614,59.910002937051516,0.4870000000000001,59.894000000000005,KFNO,2
21.161388663262763,59.891405387706826,1.8883417790888066,59.9496259360196,40.49494148841722,59.92131487724445,0.48799999999999955,59.931,KFNO,2
21.211976259208893,59.89823731525085,1.886801734279014,59.95689325721816,40.59991810191056,59.92570751173252,0.4870000000000001,59.956,KFNO,2
21.25936852053428,59.90202465448388,1.886801734279014,59.95689325721816,40.69417144862058,59.9316179645342,0.4870000000000001,59.956,KFNO,2
21.30617287480236,59.90423497940316,1.886801734279014,59.95689325721816,40.7882615819298,59.93500878796249,0.4870000000000001,59.956,KFNO,2
21.35284987594873,59.90515472492114,1.886801734279014,59.95689325721816,40.882278084323985,59.9359342180978,0.48799999999999955,59.97200000000001,KFNO,2
21.399486398709282,59.90490109158621,1.886801734279014,59.95689325721816,40.97625067733008,59.93455282963309,0.48799999999999955,59.97200000000001,KFNO,2
21.45047823018094,59.90164163663884,1.886801734279014,59.95689325721816,41.080657970063776,59.92644785819774,0.48799999999999955,59.97200000000001,KFNO,2
21.497857043367254,59.90046704936258,1.886801734279014,59.95689325721816,41.1748208288867,59.924451583517836,0.48499999999999943,59.97200000000001,KFNO,2
21.544716785295282,59.90021562208906,1.886801734279014,59.95689325721816,41.26907993132672,59.92389453496251,0.48499999999999943,59.97200000000001,KFNO,2
21.59832362077687,59.896985334525304,1.886801734279014,59.95689325721816,41.37964918610514,59.915871563328196,0.48499999999999943,59.97200000000001,KFNO,2
21.64619843560653,59.89712058412579,1.886801734279014,59.95689325721816,41.473989961206755,59.916952558248795,0.48499999999999943,59.96600000000001,KFNO,2
21.69315799071431,59.89774588141941,1.886801734279014,59.95689325721816,41.56825935671153,59.91795613825442,0.48499999999999943,59.96600000000001,KFNO,2
21.739971557030803,59.8983289849297,1.886801734279014,59.95689325721816,41.662509251989604,59.91867496943837,0.4870000000000001,59.967,KFNO,2
21.789020084444086,59.89778924840985,1.886801734279014,59.95689325721816,41.76215353012903,59.91673272296584,0.4859999999999989,59.96900000000001,KFNO,2
21.836153248181642,59.89795806031378,1.886801734279014,59.95689325721816,41.85637185691761,59.9168762815334,0.4859999999999989,59.96900000000001,KFNO,2
21.88297445065359,59.89818323790361,1.886801734279014,59.95689325721816,41.95055572556621,59.91690304530036,0.4859999999999989,59.96900000000001,KFNO,2
21.929768835270426,59.89846906399311,1.886801734279014,59.95689325721816,42.04478652468056,59.917056469504494,0.4859999999999989,59.96900000000001,KFNO,2
21.98186359326916,59.89782324346262,1.886801734279014,59.95689325721816,42.15171946897284,59.915001965163654,0.48499999999999943,59.968,KFNO,2
22.02959287174649,59.898152170038806,1.886801734279014,59.95689325721816,42.24616624554809,59.915502114963004,0.48499999999999943,59.968,KFNO,2
22.076608414258676,59.89861712855362,1.886801734279014,59.95689325721816,42.34055540984137,59.916019171999515,0.48499999999999943,59.968,KFNO,2
