Filter X,Filter Y,IMU X,IMU Y,GPS X,GPS Y,Ground Truth X,Ground Truth Y,Algorithm,Spoofing Rate
0.035526315789473684,0.0,0.0,0.0,0.0,0.0,0.004000000000001336,0.0019999999999997797,CI,2
0.06780821917808219,0.0,0.0,0.0,0.0,0.0,0.004000000000001336,0.0019999999999997797,CI,2
0.0782967032967033,0.0,0.0,0.0,0.0,0.0,0.004000000000001336,0.0009999999999994458,CI,2
0.08125613346418059,0.0,0.0,0.0,0.0,0.0,0.004000000000001336,0.0009999999999994458,CI,2
0.08206021561924796,0.0,0.0,0.0,0.0,0.0,0.0030000000000001137,0.0009999999999994458,CI,2
0.08227647431832592,0.0,0.0,0.0,0.0,0.0,0.0030000000000001137,0.0009999999999994458,CI,2
0.08233447865732788,0.0,0.0,0.0,0.0,0.0,0.0030000000000001137,0.0019999999999997797,CI,2
0.08235002504008943,0.0,0.0,0.0,0.0,0.0,0.0030000000000001137,0.0019999999999997797,CI,2
0.08235419098003019,0.0,0.0,0.0,0.0,0.0,0.0010000000000012221,0.0009999999999994458,CI,2
0.08235530726175826,0.0,0.0,0.0,0.0,0.0,0.0010000000000012221,0.0009999999999994458,CI,2
0.08235560637008839,0.0,0.0,0.0,0.0,0.0,0.0010000000000012221,0.0009999999999994458,CI,2
0.08235568651603466,0.0,0.0,0.0,0.0,0.0,0.0010000000000012221,0.0009999999999994458,CI,2
0.0823557079910842,0.0,0.0,0.0,0.0,0.0,0.0010000000000012221,0.0009999999999994458,CI,2
0.08235571374530692,0.0,0.0,0.0,0.0,0.0,0.0019999999999988916,0.0019999999999997797,CI,2
0.0823557152871463,0.0,0.0,0.0,0.0,0.0,0.0019999999999988916,0.0019999999999997797,CI,2
0.08235571570028094,0.0,0.0,0.0,0.0,0.0,0.0010000000000012221,0.0009999999999994458,CI,2
0.08235571581098003,0.0,0.0,0.0,0.0,0.0,0.0010000000000012221,0.0009999999999994458,CI,2
0.08235571584064176,0.0,0.0,0.0,0.0,0.0,0.0010000000000012221,0.0009999999999994458,CI,2
0.08235571584858958,0.0,0.0,0.0,0.0,0.0,0.0,0.0019999999999997797,CI,2
0.15556079660760694,0.0,0.0,0.0,0.1,0.0,0.0,0.0019999999999997797,CI,2
0.2481789933170002,-0.003228112847503322,0.0,0.0,0.19972389031384372,-0.004351128148092717,0.0,0.0009999999999994458,CI,2
0.3461613253835264,-0.0027809864426555303,0.0,0.0,0.2996696465570401,-0.0026680430792844884,0.0,0.0009999999999994458,CI,2
0.4455895406429765,-0.0010597397401022957,0.0,0.0,0.3996271007086433,-0.0005000435664808779,0.0,0.0009999999999994458,CI,2
0.5456393620001762,0.0012913033932137523,0.0,0.0,0.4999044349881546,0.0020915626302077267,0.0019999999999988916,0.0030000000000001137,CI,2
0.6460876067201263,8.464119818845393e-05,0.0,0.0,0.6004985050670152,-0.0003144989289434842,0.0019999999999988916,0.004999999999999893,CI,2
0.7463357563438852,0.0026510189782361394,0.0,0.0,0.7006734074990816,0.003540572244704926,0.0019999999999988916,0.004999999999999893,CI,2
0.8463169960411656,0.006783672174903158,0.0,0.0,0.8005569311598879,0.008250838592885432,0.0019999999999988916,0.009999999999999787,CI,2
0.9463567680830071,0.011821418924035897,0.0,0.0,0.9006181039391777,0.013661988574018265,0.0019999999999988916,0.009999999999999787,CI,2
1.0454829259243308,0.01473259583484116,0.0,0.0,0.999409980447284,0.01591646952216335,0.0,0.016000000000000014,CI,2
1.1456151601493478,0.020697412905141536,0.0,0.0,1.0999103699729114,0.022981703853103736,0.0,0.016000000000000014,CI,2
1.2460958778189468,0.028190281280688834,0.0,0.0,1.2005187042103593,0.03109615852465569,-0.0019999999999988916,0.02799999999999958,CI,2
1.3467244545287282,0.03685247783968886,0.0,0.0,1.3012016153421062,0.040282951023824586,-0.0019999999999988916,0.02799999999999958,CI,2
1.4459040606069973,0.04462083286324438,0.0,0.0,1.3998515877356508,0.047888197743320336,-0.0019999999999988916,0.02799999999999958,CI,2
1.546170979665947,0.0553457665646866,0.0,0.0,1.5005167246033173,0.059764527684111494,-0.0019999999999988916,0.02799999999999958,CI,2
1.6467622051817894,0.06808565821861626,0.0,0.0,1.601227512680524,0.07338206561453813,-0.004999999999999005,0.06099999999999994,CI,2
1.7475503803033774,0.08254419824815769,0.0,0.0,1.702089299922142,0.08865383477377833,-0.004999999999999005,0.06099999999999994,CI,2
1.844372763033787,0.09460211065189253,0.0,0.0,1.7974639873508258,0.10014542077964837,-0.0070000000000014495,0.08499999999999996,CI,2
1.9444956396055324,0.11161059556128083,0.0,0.0,1.8987960821131682,0.11907733803547899,-0.0070000000000014495,0.08499999999999996,CI,2
2.045696177623766,0.1313269807879116,0.0013802611471999144,0.09867752107481333,2.0003949815703392,0.14003360301370582,-0.012000000000000455,0.11899999999999977,CI,2
2.147255795058353,0.15321094542577712,-0.0014402534487700496,0.14622879366511365,2.102092119892138,0.16302521677725523,-0.012000000000000455,0.11899999999999977,CI,2
2.2511415263603656,0.1727177855462526,-0.005034414886378808,0.18425338513407083,2.2068410037386053,0.18212419749601272,-0.013000000000001677,0.1589999999999998,CI,2
2.353457220094259,0.197675750856366,-0.007800263624822324,0.21941388702104453,2.3085887584746567,0.20933604908832046,-0.013000000000001677,0.1589999999999998,CI,2
2.4554544268065155,0.22566838560566757,-0.009876310293642589,0.25496959776842837,2.4104826459733966,0.23885027368180242,-0.019999999999999574,0.20699999999999985,CI,2
2.557517427893482,0.25619470109693787,-0.0112953297087082,0.2914928513838815,2.5125880747577165,0.2707883886607416,-0.019999999999999574,0.20699999999999985,CI,2
2.6572649059700333,0.29116359770101224,-0.012138844215428393,0.3300255003157995,2.611509476957972,0.30788243517493824,-0.030000000000001137,0.26400000000000023,CI,2
2.7586579811874925,0.327196176885979,-0.012666307585562912,0.37045131485113275,2.7135387652669483,0.3449626828988614,-0.030000000000001137,0.26400000000000023,CI,2
2.860515007135117,0.36550156097690095,-0.012920838554918015,0.4138652037081241,2.815604969248896,0.38476779670362155,-0.04100000000000037,0.3309999999999995,CI,2
2.9623797453872505,0.40636685849850634,-0.01306055870782703,0.4596396466215993,2.9175208046284045,0.4272871287643081,-0.04100000000000037,0.3309999999999995,CI,2
3.062941783764426,0.44848490325969415,-0.012854718473166868,0.5082339556388343,3.017668615718445,0.4706744996658358,-0.05600000000000094,0.40700000000000003,CI,2
3.1645051014459233,0.4943954613642378,-0.01251736619864071,0.5595939869824208,3.119665815437426,0.5187581461230184,-0.05600000000000094,0.40700000000000003,CI,2
3.266527617649044,0.5435603478737776,-0.012136817213563529,0.6143841905918128,3.221941559484771,0.5699964526716852,-0.07199999999999918,0.4950000000000001,CI,2
3.368628095807135,0.5958166126864894,-0.01189490766803843,0.6718732649747642,3.324174556252232,0.6243473269314639,-0.07199999999999918,0.4950000000000001,CI,2
3.4694038112426453,0.6446693988288034,-0.012358043970280091,0.7332070400268424,3.4246122861494697,0.673145616199553,-0.07199999999999918,0.4950000000000001,CI,2
3.5700985167936756,0.7017354845220563,-0.013248107552358446,0.7970692413499759,3.5253935004135646,0.7341019520129709,-0.09199999999999875,0.593,CI,2
3.670206080847807,0.7632820960206362,-0.015006048620111588,0.8646299797432184,3.625451429930179,0.7984163937211214,-0.09199999999999875,0.593,CI,2
3.7697182135928156,0.8282072840126062,-0.017491863294649974,0.9348411827672843,3.7249479813498523,0.8658287281558289,-0.11599999999999966,0.7039999999999997,CI,2
3.8687021367108043,0.8925460341502324,-0.02124282698525884,1.0085688756382676,3.823993901211571,0.9313718749995465,-0.14700000000000202,0.827,CI,2
3.9669669845306865,0.9632132610587879,-0.026038808632836294,1.0854965827920164,3.922243956046973,1.0056330773698248,-0.14700000000000202,0.827,CI,2
4.064197380380902,1.0376065671977972,-0.03205579242622957,1.1655506100828505,4.019407900016675,1.0828517308980368,-0.18599999999999994,0.9629999999999992,CI,2
4.16046045269887,1.1155733879863259,-0.03857357854025123,1.2476948637278444,4.115677371643638,1.1636721346576966,-0.18599999999999994,0.9629999999999992,CI,2
4.254939441927252,1.1916514674080532,-0.04677809118232833,1.3344431595016342,4.209951890577383,1.2408055037160202,-0.2289999999999992,1.1099999999999994,CI,2
4.349239290484943,1.2748215793152569,-0.05557535871297023,1.4238663808596694,4.304605770676094,1.3280963590805663,-0.2289999999999992,1.1099999999999994,CI,2
4.44250099156063,1.3617288890238792,-0.06554281789780497,1.515944900619255,4.398006037332209,1.4181031929337955,-0.2289999999999992,1.1099999999999994,CI,2
4.534159119349317,1.4519778076114567,-0.0771505921968617,1.611206892476845,4.489665983509228,1.5113905201510367,-0.2789999999999999,1.2699999999999996,CI,2
4.621697293016758,1.542727928124778,-0.09074317999525797,1.7093825088512267,4.576383971070639,1.6042757293308507,-0.3360000000000021,1.440999999999999,CI,2
4.709444509554263,1.6383367253637628,-0.10605223710132103,1.8099148818428783,4.664896327807501,1.7034857277494535,-0.3360000000000021,1.440999999999999,CI,2
4.79583043310966,1.7365425204436788,-0.12412769480631597,1.9123221352623532,4.751583010440428,1.8046018401112682,-0.4039999999999999,1.6210000000000004,CI,2
4.880092040762257,1.837507731890117,-0.14470835233185297,2.016837662162867,4.835941902321652,1.9085723599010496,-0.4039999999999999,1.6210000000000004,CI,2
4.958541900078163,1.9343170812559278,-0.1687531364349246,2.122117719769605,4.913300879190631,2.006043468802104,-0.48100000000000165,1.811,CI,2
5.0365977513176485,2.0379763254857304,-0.19558581779752748,2.228599284197744,4.992128746115094,2.114030895153038,-0.48100000000000165,1.811,CI,2
5.113212924680866,2.1443189867812724,-0.22611235655194645,2.3359913923413633,5.069285287545842,2.223338375199911,-0.5710000000000015,2.01,CI,2
5.188177090877234,2.2531003385356807,-0.2580164169510838,2.443864233010293,5.1447936467998945,2.3350086478342718,-0.5710000000000015,2.01,CI,2
5.25607059033299,2.359226640613122,-0.29350918670654685,2.551231677010525,5.211416985823476,2.44229721598302,-0.5710000000000015,2.01,CI,2
5.325623595523063,2.4704823313742286,-0.33212234655162337,2.6603233679150833,5.28274709114866,2.5572246176648328,-0.6700000000000017,2.2089999999999996,CI,2
5.393817193043995,2.583947647464002,-0.3727752703926654,2.767224196229244,5.3517718520584,2.67341252852631,-0.7789999999999999,2.414999999999999,CI,2
5.459971007312665,2.698985296729427,-0.41591658132707365,2.874706265970352,5.418586522502964,2.790933489397901,-0.7789999999999999,2.414999999999999,CI,2
5.523140042491623,2.8087425008615092,-0.4614826337136493,2.9791016631952822,5.482213312856482,2.9007281128772515,-0.8919999999999995,2.6270000000000007,CI,2
5.584603335599377,2.9239388297855036,-0.5092978618777817,3.082614996152946,5.544446139942627,3.0195963075758194,-0.8919999999999995,2.6270000000000007,CI,2
5.6436766137093315,3.040924898120181,-0.5586868955901468,3.1796341365780507,5.6041643891049135,3.138966617858301,-1.0150000000000006,2.8409999999999993,CI,2
5.700288397304031,3.158706536533,-0.6089892914892076,3.2712572872980212,5.661444416839837,3.2587267193629676,-1.0150000000000006,2.8409999999999993,CI,2
5.751487933172025,3.2770165665044075,-0.6561488698255917,3.352258236378088,5.7122940691675055,3.3788862279238874,-1.1460000000000008,3.055999999999999,CI,2
5.802401174195708,3.3957829680715985,-0.549990418454966,3.5070311691982643,5.7646553217608645,3.4993161152836905,-1.1460000000000008,3.055999999999999,CI,2
5.851590773277812,3.515002897341238,-0.5105357754554763,3.6628332381034623,5.814808860573901,3.6201588680363757,-1.2860000000000014,3.2680000000000007,CI,2
5.898421412767165,3.634504618355601,-0.5134876616575429,3.8159094054240663,5.86238835053755,3.741160748641309,-1.2860000000000014,3.2680000000000007,CI,2
5.945616698705842,3.7500986462721437,-0.552718571460034,3.9690588140771266,5.911330158163835,3.856651139862966,-1.434000000000001,3.4830000000000005,CI,2
5.987290393149184,3.8679076608531058,-0.6105117517160713,4.116310839939231,5.952596153898627,3.9765307574776005,-1.434000000000001,3.4830000000000005,CI,2
6.025712289533239,3.986078233354702,-0.6855154064740613,4.258131912182434,5.991392896589401,4.09599640807918,-1.5919999999999987,3.6980000000000004,CI,2
6.061815794965599,4.104434907230821,-0.766139130460409,4.393710389574768,6.028167335665934,4.215496753405766,-1.5919999999999987,3.6980000000000004,CI,2
6.088596156858717,4.219839059295285,-0.8539723157778988,4.524255746671325,6.053179469520166,4.330923383397822,-1.7579999999999991,3.9079999999999995,CI,2
6.1188744962788455,4.337911460534758,-0.9427974740956784,4.649953131749428,6.08595910940514,4.450762111749476,-1.7579999999999991,3.9079999999999995,CI,2
6.148352874082327,4.456515859009347,-1.0361490907530084,4.773528817614823,6.116515936729322,4.570408011377476,-1.9299999999999997,4.119,CI,2
6.175885683399942,4.5753217243481,-1.1290679662401284,4.891568900360694,6.144717733698489,4.690103324404044,-1.9299999999999997,4.119,CI,2
6.197041571461826,4.689711271267062,-1.2262206408346574,5.006746584897185,6.165013774946361,4.803705460693965,-1.9299999999999997,4.119,CI,2
6.219507237529201,4.807414679770188,-1.3244773841079198,5.120230239887693,6.1890815327548765,4.923231186760379,-2.1050000000000004,4.333,CI,2
6.240952968639809,4.9258391725042685,-1.4269676027918985,5.2276704960516645,6.211371021957936,5.042552665662827,-2.2860000000000014,4.545,CI,2
6.260425744956536,5.044504680785431,-1.5315624513556279,5.332609624741494,6.231338438237874,5.16191356094906,-2.2860000000000014,4.545,CI,2
6.274259814497206,5.156800728612202,-1.6420638462850636,5.427384315716682,6.244414827201642,5.272500623145132,-2.469999999999999,4.76,CI,2
6.288408179766283,5.273631839796999,-1.7520584630750604,5.515817159139249,6.25962716418835,5.391429554512494,-2.469999999999999,4.76,CI,2
6.3012506794921315,5.391722187530904,-1.861177509865733,5.586111450053466,6.2730174759178485,5.510436165640033,-2.6640000000000015,4.974,CI,2
6.312669852811484,5.510341903467249,-1.961343473532784,5.6483589742621785,6.2849226399303575,5.6296804391550825,-2.6640000000000015,4.974,CI,2
6.320416482230228,5.628391511935724,-1.8947604151982136,5.805460567878279,6.292352066295043,5.74794395897526,-2.8580000000000005,5.1899999999999995,CI,2
6.328029382307943,5.747138975181182,-1.8974074339645037,5.9606020851201915,6.300782555124944,5.867291986297831,-2.8580000000000005,5.1899999999999995,CI,2
6.3343044698818005,5.866141658109409,-1.953995253160851,6.118876307019582,6.3074464972185655,5.986725922201573,-2.8580000000000005,5.1899999999999995,CI,2
6.339092528242771,5.985354303424537,-2.0374368198422443,6.270458589999006,6.312535956669073,6.106329811405235,-3.058,5.4079999999999995,CI,2
6.342782344960577,6.103687331446395,-2.1414796450235065,6.41514689211856,6.316629985613681,6.224630854797412,-3.2600000000000016,5.632,CI,2
6.344760087868301,6.223036618593978,-2.2516927666220674,6.55322265395226,6.318747310383279,6.344619013284904,-3.2600000000000016,5.632,CI,2
6.345419962308585,6.342867364062819,-2.3674216703619053,6.685389014028931,6.31964840613662,6.464870333740303,-3.468,5.8580000000000005,CI,2
6.344888957335803,6.463295422443077,-2.483392728062192,6.813828326473519,6.319366952065367,6.5857416490295195,-3.468,5.8580000000000005,CI,2
6.339965184347428,6.577531397420775,-2.598907181251562,6.939298037283392,6.31360392110405,6.697954391695133,-3.6769999999999996,6.086,CI,2
6.336332904645395,6.6967983656045655,-2.7154561872282126,7.063457878489665,6.3108971544847,6.819203465432345,-3.6769999999999996,6.086,CI,2
6.332110988370539,6.817494480906995,-2.831324665969973,7.1859416915752705,6.307007658769238,6.940588276559849,-3.8889999999999993,6.317,CI,2
6.326889162695547,6.938923510209612,-2.9485609918025046,7.308329829433727,6.3019669954642605,7.06244664798933,-3.8889999999999993,6.317,CI,2
6.320598740823962,7.055321549812836,-3.06897909318365,7.433112346123179,6.295844183649036,7.177163301289182,-3.8889999999999993,6.317,CI,2
6.313160736860255,7.176043079128372,-3.1871148581699975,7.550439164099753,6.288435867471252,7.299593432197943,-4.106999999999999,6.549999999999999,CI,2
6.304469778165837,7.298179931940019,-3.307006780364179,7.671933729737144,6.279744827658448,7.4223738912051145,-4.327999999999999,6.784000000000001,CI,2
6.295177618934633,7.421180246049191,-3.429125827244722,7.7927782748324415,6.270654462132295,7.545803329167383,-4.327999999999999,6.784000000000001,CI,2
6.2831450603214085,7.5371730097535,-3.552003624968182,7.913681814607214,6.258116181900943,7.65936100410792,-4.553000000000001,7.02,CI,2
6.271561130624517,7.6596793067395526,-3.6801788081044604,8.036497756813686,6.246959383176396,7.7843192365454446,-4.553000000000001,7.02,CI,2
6.259409326015243,7.784175611250267,-3.805321300849294,8.152900401371003,6.23493581079139,7.909628880217889,-4.780999999999999,7.260999999999999,CI,2
6.246352788785711,7.909665069115086,-3.934526084015317,8.270600704754298,6.2218881943991775,8.035566248315737,-4.780999999999999,7.260999999999999,CI,2
6.227119783883102,8.029150928123377,-4.064132517327631,8.38855161995252,6.20087125709294,8.15297004999427,-5.007999999999999,7.504,CI,2
6.21108488532132,8.154347553694436,-4.1955004799331705,8.504928741695204,6.186073171546504,8.28027315817267,-5.007999999999999,7.504,CI,2
6.1952302396635375,8.281641260720162,-4.329225548705863,8.624782584583395,6.170505519392511,8.408386936054466,-5.240000000000002,7.753,CI,2
6.178788241409421,8.410399488571517,-4.458210943726746,8.739160932618445,6.154096954530268,8.537739396236773,-5.240000000000002,7.753,CI,2
6.159068003500446,8.536101935815973,-4.588483878648113,8.856939486271578,6.1334994555567315,8.662397562573583,-5.471,8.007,CI,2
6.141138378956245,8.666088233325217,-4.719799908715818,8.975237903655055,6.116321901699034,8.793974065499134,-5.471,8.007,CI,2
6.122640091426925,8.797490048085674,-4.850343258059702,9.094445687903775,6.097820132299468,8.925940191590701,-5.705000000000002,8.266,CI,2
6.103132739003366,8.92962369405774,-4.983751607275251,9.215983569374096,6.0781528461143575,9.058388402365633,-5.705000000000002,8.266,CI,2
6.0802431231934975,9.054655963635478,-5.110781567007963,9.33569995284076,6.0543075787580705,9.180883372175416,-5.939,8.53,CI,2
6.058905727287825,9.186627548653961,-5.241174827657419,9.457912262707266,6.033549804123636,9.315397539870967,-5.939,8.53,CI,2
6.037548437448024,9.321291663157009,-5.37081648383002,9.581679181319746,6.012299905017827,9.451072109259314,-6.177,8.796999999999999,CI,2
6.015714180158659,9.45741300571516,-5.501164276697048,9.70599603928492,5.990429258657124,9.587756616444334,-6.177,8.796999999999999,CI,2
5.993984477855632,9.592794397006202,-5.633534112748986,9.833485561238655,5.968867344372164,9.722894866290464,-6.177,8.796999999999999,CI,2
5.971320675842888,9.730853303976762,-5.759718734787473,9.959120450453929,5.945993752592509,9.861961834084886,-6.4190000000000005,9.068,CI,2
5.948087088288477,9.870605485586408,-5.89249133327278,10.089635565277709,5.9226702115580165,10.00235876794444,-6.66,9.344,CI,2
5.92440910387136,10.011740178480684,-6.01802163251976,10.220666486283532,5.898939445094375,10.144022467776923,-6.66,9.344,CI,2
5.897946974106067,10.149599081838835,-6.150549308489036,10.356303359054117,5.871637239162655,10.280719391744702,-6.904,9.629,CI,2
5.872950800814859,10.291758036528483,-6.279779537149017,10.493081730608246,5.847161440328019,10.424448978417876,-6.904,9.629,CI,2
5.8480551883543725,10.43596807286388,-6.408743178091513,10.631034816474124,5.822364913548059,10.56942258880043,-7.148,9.915000000000001,CI,2
5.823152392961218,10.581770932814448,-6.535589190683436,10.768031219294087,5.797534000271533,10.715823739124929,-7.148,9.915000000000001,CI,2
5.792360653507884,10.725638087616042,-6.664689314620113,10.905920818619279,5.764815468413992,10.859028799755325,-7.393000000000001,10.203999999999999,CI,2
5.765207192510953,10.872852296147284,-6.797700357041155,11.045584700930215,5.738869941654852,11.007443067816522,-7.393000000000001,10.203999999999999,CI,2
5.73875341974974,11.021769528226683,-6.9268255555884215,11.1853383932724,5.712693964166748,11.156988063262196,-7.393000000000001,10.203999999999999,CI,2
5.712426426415091,11.17223384896919,-7.055899792679521,11.324632622299605,5.686467279128627,11.308029575630966,-7.890000000000001,10.802000000000001,CI,2
5.68263675742823,11.316804115513847,-7.184600149888712,11.46428525121203,5.655586989167987,11.45047799421664,-7.890000000000001,10.802000000000001,CI,2
5.65540385104206,11.467821234784715,-7.31316402813428,11.603827428672448,5.629190832886001,11.603834972819659,-7.890000000000001,10.802000000000001,CI,2
5.6282778403767795,11.620910289972395,-7.44194498576434,11.74452649067857,5.6021444787664745,11.757690551900204,-8.136,11.110000000000001,CI,2
5.60092133441398,11.775132517276123,-7.571444178431863,11.886644836344827,5.574765321832007,11.912339903126405,-8.136,11.110000000000001,CI,2
5.571650211691833,11.927608794649132,-7.6998844877776715,12.030772545065226,5.544905477383997,12.064199418189254,-8.387,11.421000000000001,CI,2
5.543930448408578,12.083512687971131,-7.824994723848801,12.175041690181478,5.51772200067008,12.221351666052719,-8.387,11.421000000000001,CI,2
5.516501862953302,12.24132232160433,-7.956498886721742,12.320405849253985,5.490440483611403,12.37986689475361,-8.635000000000002,11.732000000000001,CI,2
5.489265440350873,12.40031348500026,-8.08414595977606,12.467044064466187,5.463331271176407,12.53930178883362,-8.635000000000002,11.732000000000001,CI,2
5.461033699802251,12.550617281672167,-8.210362386486475,12.61439870863745,5.434869404191338,12.686452153426714,-8.635000000000002,11.732000000000001,CI,2
5.4337948434358,12.70914801859122,-8.334806403926722,12.761795005556898,5.407958111055358,12.847987165899443,-8.884,12.052000000000001,CI,2
5.4069331916607375,12.870865175008236,-8.459096870742579,12.909968913977442,5.381277789944896,13.010879126931401,-9.132000000000001,12.377,CI,2
5.380254080297955,13.033935098865603,-8.581637641991891,13.056918471908242,5.354737832833322,13.17445832674659,-9.132000000000001,12.377,CI,2
5.34789099436945,13.19379715675474,-8.703111223331277,13.204462241896065,5.320527185787704,13.333191234192231,-9.379999999999999,12.705,CI,2
5.319993152375215,13.357561220322447,-8.822125010383857,13.35171535508473,5.29412076520974,13.498355993202408,-9.379999999999999,12.705,CI,2
5.293574890921529,13.523214491773961,-8.940623142572795,13.499694981679683,5.268265181608486,13.664704879262336,-9.626000000000001,13.037,CI,2
5.268035764176868,13.690190133733262,-9.053028388778941,13.648671651133833,5.2431175885536625,13.832178015122906,-9.626000000000001,13.037,CI,2
5.241468774000247,13.849789498772427,-9.168926578799812,13.795945532692784,5.21634408362919,13.989109888115962,-9.870000000000001,13.374999999999998,CI,2
5.21640430874299,14.016446452303818,-9.277873495126684,13.94520854684227,5.1918334462699445,14.158350916803002,-9.870000000000001,13.374999999999998,CI,2
5.191808883649473,14.185370484315182,-9.383764768397898,14.095037763995016,5.167503593434295,14.328122576747157,-10.112000000000002,13.717,CI,2
5.167801986976688,14.355290323618638,-9.482721702972105,14.245156138977363,5.14382190212935,14.498427600573518,-10.112000000000002,13.717,CI,2
5.143033117847159,14.51981216076084,-9.577978070918732,14.396631094521359,5.118952003708939,14.661006742681103,-10.352,14.065,CI,2
5.120453876791162,14.689599616529444,-9.666570095875702,14.55026045580995,5.09720416376871,14.83272721751244,-10.352,14.065,CI,2
5.099193323858204,14.861448623615107,-9.751228405380822,14.707604995580397,5.076540023221709,15.00535181195452,-10.59,14.412,CI,2
5.079011676206134,15.034446877317974,-9.829026803802956,14.869690028504106,5.056902357975979,15.178797972131868,-10.59,14.412,CI,2
5.057995196889648,15.202941942787374,-9.902892242304846,15.037203939112533,5.035814203223827,15.34568678484278,-10.818999999999999,14.761000000000001,CI,2
5.038961152176583,15.375822802632225,-9.969507131379935,15.213953718337805,5.017604016604199,15.520190595589373,-10.818999999999999,14.761000000000001,CI,2
5.021038458763195,15.55031530847017,-10.030271844988599,15.396495292138596,5.000259052371513,15.695303188464983,-11.044,15.116000000000001,CI,2
5.004151259338136,15.725828312814512,-10.087610534460039,15.59736874911672,4.983944536776416,15.871223457254498,-11.044,15.116000000000001,CI,2
4.983006778882063,15.88987145587616,-10.142702319301907,15.809031748345651,4.961620552630626,16.031132579843604,-11.044,15.116000000000001,CI,2
4.966965218100631,16.063374604976595,-10.203455970392284,16.04000687578454,4.947412153989946,16.20809287978256,-11.044,15.116000000000001,CI,2
4.953059580874553,16.240169770881405,-10.535249525422445,16.342946973676973,4.9344545380744265,16.386120928007543,-11.482000000000003,15.837000000000002,CI,2
4.940913398150717,16.41833101084165,-10.784345905243795,16.613599291776854,4.923177003669988,16.56481929306731,-11.482000000000003,15.837000000000002,CI,2
4.926005253610177,16.587008789591074,-10.976033252544358,16.868225599442205,4.907654534721811,16.730089368732646,-11.687999999999999,16.200000000000003,CI,2
4.914636780082742,16.763246712570684,-11.128280556128056,17.109027151111146,4.897686280163342,16.909111373358215,-11.687999999999999,16.200000000000003,CI,2
4.904751553250617,16.941803075564444,-11.253155585895213,17.34247369491636,4.888587747342623,17.08855434142061,-11.892999999999997,16.567999999999998,CI,2
4.896175418585701,17.12152022657697,-11.357323610406478,17.564229371403666,4.880767133383015,17.268738518107746,-11.892999999999997,16.567999999999998,CI,2
4.883050171016937,17.294074244205877,-11.450233717875111,17.786216109654884,4.866433829144832,17.438737719417524,-12.093,16.933999999999997,CI,2
4.876163246839787,17.473368331444856,-11.529647644084356,17.998846435672085,4.8618801923613315,17.620506676858497,-12.093,16.933999999999997,CI,2
4.871975756968899,17.65521701503907,-11.602298429011473,18.20628177534527,4.858942182405153,17.803327835011224,-12.093,16.933999999999997,CI,2
4.869618856173614,17.838293951212126,-11.6705309653006,18.407596438084813,4.857587136730469,17.986900489141245,-12.282,17.302,CI,2
4.861262638093146,18.014521148210164,-11.736539177482348,18.605230484231576,4.847598432290425,18.160694918631688,-12.468,17.677,CI,2
4.860329880162483,18.197353186203745,-11.80084266296341,18.797621738379664,4.849456773969148,18.34595491692895,-12.468,17.677,CI,2
4.862145874642476,18.382519529441836,-11.864471515820538,18.988476922110035,4.852606584232506,18.532017376417233,-12.648,18.057000000000002,CI,2
4.865609628109204,18.56883103508112,-11.927135346665027,19.174955057002297,4.857073985721794,18.718797051741543,-12.648,18.057000000000002,CI,2
4.867569811522473,18.74864389178771,-11.988944641729052,19.36062602531047,4.858996123715585,18.896290596655906,-12.823000000000004,18.436999999999998,CI,2
4.873520017744818,18.934763777821903,-12.05030639781646,19.54079808429964,4.866701666603118,19.084752497967777,-12.823000000000004,18.436999999999998,CI,2
4.880571637640164,19.12307643294458,-12.110525427751245,19.72482864011128,4.8745963080475825,19.273914852667307,-12.991000000000003,18.820999999999998,CI,2
4.888454503758527,19.312256220042148,-12.174506920077384,19.903227793088615,4.883241219976824,19.463458506824217,-12.991000000000003,18.820999999999998,CI,2
4.894943221146193,19.49920977566163,-12.238956278271397,20.081301735741533,4.88973539786749,19.649646202036376,-12.991000000000003,18.820999999999998,CI,2
4.904620890936524,19.689104029387423,-12.30403685406226,20.258207852877796,4.9009305095636115,19.840648840528186,-12.991000000000003,18.820999999999998,CI,2
4.916215954947222,19.880421761618123,-12.369176879971679,20.434266265303293,4.91365411011367,20.03252418337978,-13.320000000000004,19.598,CI,2
4.929383870898399,20.072635957068794,-12.434337810578695,20.610009708244366,4.9278532215372515,20.225103034587676,-13.320000000000004,19.598,CI,2
4.939875792501061,20.261313468940198,-12.499919853166578,20.78511887186995,4.937940120392177,20.41252789988213,-13.474999999999998,19.990000000000002,CI,2
4.954833940396793,20.454002873472298,-12.565796961881006,20.95872072400104,4.954855253105897,20.606708372383558,-13.474999999999998,19.990000000000002,CI,2
4.97192183415586,20.648190810156823,-12.63117931268965,21.131435769871782,4.973169529757655,20.80147331541578,-13.626000000000001,20.384999999999998,CI,2
4.990620713163102,20.843335201569744,-12.698425848772125,21.30164888403657,4.992940535935535,20.996995768351383,-13.626000000000001,20.384999999999998,CI,2
5.008806189885155,21.035283453283295,-12.762550483143894,21.47374130326002,5.01148604961303,21.18780217620492,-13.766000000000002,20.781,CI,2
5.030210363167041,21.230915247363157,-12.829741838306548,21.64384841381687,5.034488544922771,21.384801851532607,-13.766000000000002,20.781,CI,2
5.0533165502606066,21.427882711305248,-12.897233777969674,21.813127404658395,5.058716256254794,21.582278256494643,-13.904999999999998,21.18,CI,2
5.077626527234945,21.625709625395746,-12.966289806680509,21.980061183095355,5.083989115696884,21.780437456120037,-13.904999999999998,21.18,CI,2
5.102776405353883,21.816611579399826,-13.03642641293135,22.1459475223677,5.109981534301296,21.968819350490836,-14.037000000000003,21.585,CI,2
5.129853369846685,22.013832427544987,-13.108316297803103,22.309974035194166,5.138257949718096,22.16836373465466,-14.037000000000003,21.585,CI,2
5.158736503330965,22.21330513468611,-13.182248456258849,22.473290793147314,5.1683160073476415,22.368668536733036,-14.163,21.990000000000002,CI,2
5.1889512579434935,22.41377401537183,-13.258761740608165,22.636871499942945,5.199554648621225,22.56950673729133,-14.163,21.990000000000002,CI,2
5.219737235997595,22.6130256644994,-13.337013479312521,22.801574790614847,5.231105375246093,22.768313929965906,-14.284000000000002,22.397,CI,2
5.252063740012406,22.814254336936177,-13.420653000825313,22.968392078865904,5.264516045347994,22.970264029962884,-14.284000000000002,22.397,CI,2
5.285638659976823,23.016351846836656,-13.503329005551032,23.134669155919692,5.299079005535443,23.172673833534066,-14.401999999999997,22.805999999999997,CI,2
5.320556356905839,23.21906784660922,-13.591914185241214,23.304785055312436,5.335015967086733,23.375607152940542,-14.401999999999997,22.805999999999997,CI,2
5.3514626920625865,23.418752756405873,-13.684040773951244,23.47652178962188,5.365106652684524,23.57416600804435,-14.401999999999997,22.805999999999997,CI,2
5.388023507378926,23.621601561297755,-13.779842886388183,23.651568712518078,5.404070553442146,23.77816353389532,-14.514,23.217,CI,2
5.427228573821055,23.82571329662027,-13.878946988551867,23.83015020395807,5.444723683144575,23.982720683994227,-14.619000000000003,23.630000000000003,CI,2
5.468369588773557,24.03060514052185,-13.98170306013396,24.013425582751026,5.487096359118933,24.18787642239497,-14.619000000000003,23.630000000000003,CI,2
5.5086740181441805,24.23259861340528,-14.088140578640367,24.202464544129462,5.5276902164879615,24.38877994679703,-14.720000000000002,24.046,CI,2
5.552184870246481,24.43759824840396,-14.197576883056632,24.39916060610275,5.572846475773906,24.594854425385574,-14.720000000000002,24.046,CI,2
5.597672581088579,24.643765257559,-14.309365428048228,24.60402350288477,5.619586370362029,24.801416610033094,-14.812999999999999,24.463,CI,2
5.6449998996971065,24.85044619534031,-14.420179276348506,24.819901151693887,5.668128425037748,25.008249222707395,-14.812999999999999,24.463,CI,2
5.687879405456659,25.050964927309234,-14.533954808833776,25.04346673016278,5.710064288615207,25.20646040646891,-14.898,24.883000000000003,CI,2
5.736348680237648,25.256441074729235,-14.642514281461578,25.282258988125356,5.760952644044988,25.413721491071907,-14.898,24.883000000000003,CI,2
5.786948002171973,25.46366260842718,-14.74569301027192,25.532296617102126,5.812847737490873,25.62153708925106,-14.898,24.883000000000003,CI,2
5.8391016304180505,25.671669754450548,-14.839838269664517,25.793848020387497,5.866110893636886,25.829781320990726,-14.977999999999998,25.302,CI,2
5.89003691912583,25.873703770813712,-14.919508311453727,26.063384531042,5.91719081444009,26.029569499548668,-15.055000000000003,25.724000000000004,CI,2
5.945003428623643,26.08091355299012,-14.990286448963056,26.34153153963799,5.9740933687628885,26.238624984923277,-15.055000000000003,25.724000000000004,CI,2
6.0023801171369255,26.28993201264171,-15.042485995147926,26.62421644672426,6.032879144429208,26.44824607664301,-15.123999999999999,26.148000000000003,CI,2
6.061264184781283,26.499748932780232,-15.079214342229747,26.90670528990687,6.092875190029785,26.65828820698495,-15.123999999999999,26.148000000000003,CI,2
6.113348699976111,26.71268035530108,-15.100831971706441,27.186979981736126,6.143231969388095,26.872261198921294,-15.186000000000003,26.572000000000003,CI,2
6.172950817828852,26.923760149660534,-15.107298562309111,27.456804052987856,6.205841265777686,27.08263012770999,-15.186000000000003,26.572000000000003,CI,2
6.235445309618291,27.134512640598572,-15.10702472070126,27.724310804091196,6.269874300722586,27.29319635651102,-15.245000000000001,26.998000000000005,CI,2
6.299867744828906,27.345240681073246,-15.09638263659414,27.978223691667573,6.335536539832852,27.50383794883628,-15.245000000000001,26.998000000000005,CI,2
6.358237906135653,27.552530562029244,-15.080609687685852,28.223072139550492,6.392407584238779,27.70975886288622,-15.245000000000001,26.998000000000005,CI,2
6.42390206681948,27.762559825003194,-15.062227613498164,28.457872364257945,6.461048173594477,27.92074295854599,-15.297,27.424,CI,2
6.492507870011763,27.97343912224617,-15.042984610130745,28.6841381102946,6.53122579264341,28.131852084495577,-15.340999999999998,27.849000000000004,CI,2
6.563134932682213,28.18477065311127,-15.023616424651529,28.903448150487815,6.603134376022492,28.343256522457672,-15.340999999999998,27.849000000000004,CI,2
6.630758938498271,28.395759112496528,-15.005330658448372,29.11700889543277,6.67032188909195,28.554000337772138,-15.379999999999999,28.276000000000003,CI,2
6.703943581879363,28.607405683345306,-14.987992326981542,29.326136350309202,6.745933814469279,28.765815924592136,-15.379999999999999,28.276000000000003,CI,2
6.779720421992715,28.81927013722478,-14.972055607130537,29.52965018899375,6.823185600113494,28.977659594350598,-15.413,28.703000000000003,CI,2
6.857141033056251,29.03130614469874,-14.958661882944456,29.727806745291385,6.901775088393531,29.189645896431507,-15.413,28.703000000000003,CI,2
6.9301709396395195,29.24175986842857,-14.944888689327062,29.928280771267993,6.973894587162524,29.399375829000395,-15.437000000000001,29.132000000000005,CI,2
7.008644942113172,29.453216965536168,-14.934244643741136,30.124838833321157,7.05474849359358,29.611118319452277,-15.437000000000001,29.132000000000005,CI,2
7.089496679584778,29.665204394864002,-14.925731991529252,30.318686891396784,7.136987643352622,29.82318651594089,-15.455000000000002,29.559000000000005,CI,2
7.172173771899071,29.877283435265884,-14.918110566524616,30.512507544705915,7.220874286397999,30.035176618796747,-15.455000000000002,29.559000000000005,CI,2
7.255997479167629,30.088097596696038,-14.912713664952713,30.704332061457272,7.305671385585297,30.245398548044946,-15.470000000000002,29.986000000000004,CI,2
7.341763490607562,30.299913881021915,-14.907360893738701,30.896048449629856,7.392693946579573,30.457450376455604,-15.470000000000002,29.986000000000004,CI,2
7.429315684859542,30.51192652752582,-14.902717819890192,31.088149307460608,7.481445769457332,30.669399640336422,-15.479000000000003,30.414,CI,2
7.518732534728017,30.723970192645087,-14.900315206234463,31.278675396819935,7.572089856664203,30.88131574070944,-15.479000000000003,30.414,CI,2
7.602209633319207,30.93553771748033,-14.899705800964352,31.469560938112775,7.654110519579952,31.092518797759947,-15.48,30.842,CI,2
7.692990088110669,31.14706844395091,-14.896053633920507,31.662615539831545,7.7478644983927705,31.30395594656601,-15.48,30.842,CI,2
7.786647544553704,31.358492719243113,-14.89238743716903,31.859123743310427,7.843068439182037,31.51520526683631,-15.476000000000003,31.268,CI,2
7.882071772359427,31.569659135514176,-14.890572270312642,32.05479555482292,7.939681312428455,31.726123976851277,-15.476000000000003,31.268,CI,2
7.9724111233558554,31.778414929794266,-14.88801275332953,32.25203950959107,8.028840920086477,31.933798099180677,-15.476000000000003,31.268,CI,2
8.069092314583084,31.988577402247355,-14.885722594528545,32.448700367660344,8.128199754624298,32.14437000485981,-15.476000000000003,31.268,CI,2
8.168444486382915,32.19910224413193,-14.882625862963886,32.648858918594755,8.229029709944136,32.35487538197122,-15.440999999999999,32.117000000000004,CI,2
8.269615035761012,32.40964968228293,-14.878327301943806,32.850940655663194,8.331399716335092,32.565264792592146,-15.440999999999999,32.117000000000004,CI,2
8.367293183224993,32.612796059182116,-14.87404434976987,33.057998146287325,8.428397754489838,32.76551072177141,-15.418000000000003,32.538000000000004,CI,2
8.470671218086732,32.82084467499767,-14.867595689728166,33.26565694332705,8.534304702147066,32.97520958698105,-15.418000000000003,32.538000000000004,CI,2
8.576720943923334,33.029812178177565,-14.860324241374133,33.47726081002337,8.641850875229371,33.184340549029116,-15.385000000000002,32.961,CI,2
8.684672706592833,33.23872517102607,-14.853222103269154,33.68709294782887,8.751038504972176,33.39304953220182,-15.385000000000002,32.961,CI,2
8.794391447451574,33.450597685370774,-14.842251621835384,33.89917142010955,8.8619725553119,33.60580669358148,-15.343999999999998,33.38,CI,2
8.905597235695957,33.65964222797854,-14.830629500873021,34.10948824508721,8.974235628176709,33.81363324630154,-15.343999999999998,33.38,CI,2
9.018700127292249,33.86749714572951,-14.817820959318635,34.319164450394375,9.088560600830569,34.020860510573016,-15.343999999999998,33.38,CI,2
9.133881085789612,34.07481449355392,-14.804417653471905,34.52528592586453,9.20503982290646,34.22778101866284,-15.294999999999998,33.795,CI,2
9.243912541089847,34.2790146264817,-14.785726956358221,34.73248507465406,9.313859318228264,34.43058274959524,-15.236999999999998,34.21,CI,2
9.361132170147659,34.484382804071174,-14.766796136221943,34.93802816610913,9.434071561425284,34.63623884385982,-15.236999999999998,34.21,CI,2
9.48142670242385,34.68959330496029,-14.74477868118574,35.14339208395431,9.556004099763324,34.84118901723326,-15.169,34.623000000000005,CI,2
9.603773816069074,34.89418679750547,-14.72392948062442,35.345521408206466,9.679654806502356,35.04533374948043,-15.169,34.623000000000005,CI,2
9.727229892203995,35.09925393804868,-14.700558619010312,35.54476234922256,9.804104471933858,35.250331732199975,-15.093999999999998,35.033,CI,2
9.85315284412463,35.30285723398229,-14.676502822005961,35.74085331048878,9.931457813109922,35.453177456501855,-15.093999999999998,35.033,CI,2
9.981114320532049,35.505628628219284,-14.64662555558867,35.936979825629436,10.060723577080742,35.65540474842171,-15.013000000000002,35.438,CI,2
10.111210126360776,35.70765141722014,-14.616300180831137,36.13292800496153,10.192163706099084,35.8569068438263,-15.013000000000002,35.438,CI,2
10.230659743803841,35.908778215283256,-14.584379371654126,36.32832696863161,10.308535194293983,36.057336164092405,-15.013000000000002,35.438,CI,2
10.361274445684995,36.1091301181455,-14.550858886621127,36.52297858814895,10.44344269675586,36.25731205559877,-14.925,35.84,CI,2
10.495627845096726,36.30894175499705,-14.51636803171361,36.716471007018704,10.579660882395755,36.456696208596405,-14.828,36.239000000000004,CI,2
10.632182367466799,36.50797751965763,-14.479795531689371,36.90890132049838,10.717579934189263,36.655184297210035,-14.828,36.239000000000004,CI,2
10.76079570981799,36.71075376009149,-14.441795051134292,37.10017302579074,10.844090988637745,36.858939301558934,-14.726000000000003,36.635000000000005,CI,2
10.899339389817767,36.9090376867512,-14.401350419379753,37.29021243273396,10.986479915721379,37.055477516373884,-14.726000000000003,36.635000000000005,CI,2
11.041806694549528,37.10534400353402,-14.360455756358052,37.47924392756501,11.130879143201463,37.25081362604708,-14.616000000000003,37.027,CI,2
11.186339806645902,37.30041648828251,-14.318408474630614,37.66681613844777,11.276752208957404,37.44513862395877,-14.616000000000003,37.027,CI,2
11.331006147295811,37.49550229901747,-14.27227087004332,37.85417136569556,11.422107955434416,37.639897534605716,-14.498999999999999,37.413000000000004,CI,2
11.477926258129308,37.68907255687926,-14.226130752460522,38.04126983855108,11.57040801811044,37.83262050885582,-14.498999999999999,37.413000000000004,CI,2
11.626756783889586,37.8815888998414,-14.17888071805991,38.22759696434753,11.720513425213179,38.02444171468625,-14.375000000000004,37.796,CI,2
11.77745105828735,38.07313119133268,-14.129388507786704,38.41338488969984,11.872469171261411,38.21531012709972,-14.375000000000004,37.796,CI,2
11.923178806114732,38.26234976272281,-14.078214395171663,38.60067969936264,12.01706693843265,38.40329234449907,-14.247000000000003,38.173,CI,2
12.075143219715802,38.451737732313255,-14.024888373252097,38.78852287828268,12.171743903809137,38.592498474755494,-14.247000000000003,38.173,CI,2
12.230157110059082,38.64058174025424,-13.96822278741527,38.97869513917029,12.328405218630998,38.78083614136006,-14.113000000000003,38.548,CI,2
12.387557868173262,38.82899648828528,-13.909205592566538,39.16952275207466,12.487239693172453,38.968763967676026,-14.113000000000003,38.548,CI,2
12.541246115486501,39.01990091535701,-13.848355512066371,39.363329858488804,12.640269437583337,39.16015749800105,-13.970000000000002,38.92,CI,2
12.700985702276535,39.20816559697019,-13.786562577792715,39.55708039930107,12.802599627883687,39.34722756809974,-13.970000000000002,38.92,CI,2
12.86338121091301,39.39548875231638,-13.719509746378202,39.75251814535994,12.966488761118056,39.53388272247591,-13.820000000000004,39.286,CI,2
13.027654829059074,39.582304185922375,-13.653028997873848,39.947070957377846,13.132002595017104,39.72016347290344,-13.820000000000004,39.286,CI,2
13.191527462086416,39.77117278275562,-13.584434924585361,40.14028678640822,13.296344424463532,39.909386958473625,-13.820000000000004,39.286,CI,2
13.359875526798174,39.95759226703046,-13.51334753395303,40.33232094444434,13.46676232285307,40.09462876704008,-13.66,39.652,CI,2
13.530824162119458,40.14297930528151,-13.440942146487378,40.523395558501925,13.639186625253489,40.27929046768439,-13.492,40.015,CI,2
13.70382487628066,40.32801257696388,-13.365798037192443,40.71387535161975,13.813489725095872,40.4638221573335,-13.492,40.015,CI,2
13.87367216527564,40.51432652898968,-13.289118209166036,40.904013466410596,13.982831678099071,40.65015748830746,-13.315999999999999,40.375,CI,2
14.049876566728738,40.69877345643456,-13.210027055798756,41.09407184863129,14.161743171208673,40.83365649746339,-13.315999999999999,40.375,CI,2
14.229215710726413,40.882240373322624,-13.129112871305153,41.28478677252839,14.34273268673686,41.01640832637245,-13.129000000000001,40.735,CI,2
14.410685886152207,41.06508874089422,-13.046972869482689,41.474972901833965,14.525522208971116,41.1986415937363,-13.129000000000001,40.735,CI,2
14.588284917146526,41.253157896520364,-12.961764381559302,41.66614610080295,14.702400556057531,41.388108416480875,-12.934999999999999,41.091,CI,2
14.77170451280683,41.436341202803504,-12.875411199888108,41.85680117954763,14.888260050701792,41.56927399742574,-12.934999999999999,41.091,CI,2
14.958103582585421,41.617683008145534,-12.787959769618015,42.046815934845995,15.076215966688535,41.74958958378107,-12.934999999999999,41.091,CI,2
15.146803501917491,41.797671251459306,-12.698231940542547,42.235508506129406,15.266262682221887,41.928695158368946,-12.735000000000003,41.443000000000005,CI,2
15.33087929996206,41.98148094112232,-12.606931674558535,42.42260470827936,15.449318831891755,42.113375716307395,-12.526999999999997,41.791000000000004,CI,2
15.522692286767938,42.16014994357427,-12.5131419510937,42.607943414184604,15.644235786513,42.28994926557904,-12.526999999999997,41.791000000000004,CI,2
15.717936690346347,42.336623777290825,-12.417888820746242,42.79198976062802,15.841205649439644,42.465242781370776,-12.309999999999999,42.134,CI,2
15.915411230652735,42.51167906290169,-12.320507495232716,42.97507432928144,16.04002146692342,42.63935037696059,-12.309999999999999,42.134,CI,2
16.111804320181655,42.68424772307886,-12.223080356240757,43.157641007282926,16.236582211746992,42.810540532185364,-12.081,42.469,CI,2
16.312343928144404,42.85642836326587,-12.124154628675349,43.33933559072707,16.439132987555556,42.98216280108744,-12.081,42.469,CI,2
16.515438906097604,43.02750731293242,-12.02205228570456,43.522429727689754,16.643683867144247,43.15239164657765,-11.846,42.798,CI,2
16.720826099063082,43.19729561069704,-11.91950176674211,43.70459690647876,16.850435104808703,43.321249115878395,-11.846,42.798,CI,2
16.921481761750673,43.375210315449955,-11.816320811552918,43.88696713742689,17.050087795341582,43.50148609343485,-11.846,42.798,CI,2
17.12864171651966,43.544566549881274,-11.712451789766595,44.067503894216685,17.259857823547435,43.66750465557062,-11.605,43.122,CI,2
17.338648102882456,43.71052484873238,-11.60742983728765,44.24758716999956,17.471354288493743,43.83180914047332,-11.355,43.438,CI,2
17.550760535340856,43.87435189932927,-11.500991021524856,44.42527166907835,17.684741346919367,43.994387502188246,-11.355,43.438,CI,2
17.755876044427254,44.047299159437415,-11.39475497932175,44.60162804021002,17.8880530460642,44.16995045076748,-11.097000000000001,43.747,CI,2
17.96932054665317,44.21024839454696,-11.287097349761057,44.77575997991114,18.10470536110253,44.329089869295316,-11.097000000000001,43.747,CI,2
18.186058209160038,44.36934274934299,-11.18002134735202,44.948116344751995,18.323080314002254,44.48635276959222,-10.831,44.045,CI,2
18.40496653854678,44.52589929172696,-11.072527281376672,45.11749020140611,18.543283385698537,44.641485172897426,-10.831,44.045,CI,2
18.619669807446343,44.682643500613246,-10.962382602043988,45.285591851909004,18.757065034403816,44.79767316614612,-10.559000000000001,44.336,CI,2
18.841080593481948,44.834939734000265,-10.849959151828825,45.44928237070498,18.981295242813,44.94796939501066,-10.559000000000001,44.336,CI,2
19.06550792447697,44.98430647513335,-10.738288757691294,45.60730317528929,19.207317543393614,45.09575273554175,-10.276,44.617000000000004,CI,2
19.29184418670104,45.13132724541692,-10.621437317257692,45.765257263461926,19.434883135319772,45.241351864972614,-10.276,44.617000000000004,CI,2
19.516205085600593,45.28014372847141,-10.505103462699541,45.91911053384797,19.659144446651077,45.39014873359476,-9.984000000000002,44.883,CI,2
19.744402362756503,45.42410657928463,-10.386837966461071,46.06967975072554,19.889160014453086,45.53187972692642,-9.984000000000002,44.883,CI,2
19.97514769058425,45.56495783209783,-10.267669229474278,46.21894076956611,20.121326312947488,45.671044633758555,-9.690999999999999,45.143,CI,2
20.20783671312101,45.70290531819607,-10.147520622396918,46.36470935597097,20.355238639088615,45.80734452834427,-9.690999999999999,45.143,CI,2
20.436340540813717,45.84329662145232,-10.029465814972777,46.50813683150671,20.582850948435578,45.94788014126756,-9.39,45.39,CI,2
20.670541058095047,45.97782972864581,-9.911397635695625,46.64838971516593,20.819493854892265,46.07984634480246,-9.39,45.39,CI,2
20.90706462637684,46.10925662783571,-9.795710932000548,46.78771156316518,21.057350264871474,46.20955287071909,-9.082,45.626000000000005,CI,2
21.145299385457974,46.2379805249807,-9.679833166930413,46.9234143059764,21.29671639863801,46.33666471043439,-9.082,45.626000000000005,CI,2
21.381613335509133,46.36856193368523,-9.568402244842828,47.0551692613117,21.532918416791944,46.467179094324365,-9.082,45.626000000000005,CI,2
21.621941177338066,46.49294519208794,-9.456875932755057,47.18293471957539,21.775096041106284,46.58880679177093,-8.769000000000002,45.852000000000004,CI,2
21.864346419752682,46.613723855842,-9.350112105040928,47.30378998349655,22.01873649668113,46.70764532175656,-8.45,46.063,CI,2
22.108236342443437,46.731508220833376,-9.242098115194496,47.419443018707554,22.263668750230682,46.823667758588044,-8.45,46.063,CI,2
22.351756830489325,46.85238258046101,-9.135976081144817,47.52642130245685,22.50763652300367,46.94487516387557,-8.129000000000001,46.262,CI,2
22.598526497807683,46.96569029278912,-9.02610102368261,47.62769574590994,22.755964793023164,47.054900961744806,-8.129000000000001,46.262,CI,2
22.84725589222031,47.07483028098592,-8.914825958818625,47.720060751759206,23.00587934697131,47.16185116037998,-7.798000000000002,46.445,CI,2
23.097560773425744,47.18060263408996,-8.798303368768362,47.80796232592477,23.25725417068442,47.2656747071927,-7.798000000000002,46.445,CI,2
23.35051749058542,47.28896028852361,-8.67801907805049,47.88964230229516,23.511733836176614,47.37415516782009,-7.460000000000001,46.611000000000004,CI,2
23.604384825311687,47.39005004546262,-8.551118697070967,47.96503839040454,23.766348406742576,47.47195670546927,-7.460000000000001,46.611000000000004,CI,2
23.85956692108358,47.48696556021933,-8.420812473876978,48.03526904410391,24.022485467918045,47.56660774674012,-7.460000000000001,46.611000000000004,CI,2
24.116142662125966,47.5806667444053,-8.285770973454222,48.10208120926071,24.28006049059341,47.65835290392132,-7.118000000000002,46.764,CI,2
24.378335544878635,47.675406086353505,-8.146222408986857,48.163982758864634,24.544813396779176,47.752647613717535,-6.772000000000002,46.904,CI,2
24.638880784643387,47.7644605428736,-8.001489551714418,48.220520506509985,24.805215407971374,47.838850692220625,-6.772000000000002,46.904,CI,2
24.8999606470085,47.849710929671225,-7.853211775637323,48.271045743792776,25.06695709009348,47.92190705052088,-6.423000000000002,47.03,CI,2
25.162283953835207,47.93146248991637,-7.698539127836748,48.314873180444344,25.33019634936143,48.00156446802099,-6.423000000000002,47.03,CI,2
25.425347912717605,48.01804088878165,-7.538760422913249,48.35020812453121,25.594072538437796,48.08892175930813,-6.07,47.143,CI,2
25.690169748934995,48.095234275609485,-7.371978364194226,48.37993846818106,25.859864199402523,48.16207495739513,-6.07,47.143,CI,2
25.956035944563453,48.1676933314595,-7.197213820936154,48.40226974583624,26.126531558843773,48.23200098027927,-5.714000000000002,47.242000000000004,CI,2
26.223065888972044,48.23630290291693,-7.013130468168334,48.42223633173993,26.394420269729682,48.29835133935143,-5.714000000000002,47.242000000000004,CI,2
26.489722440608613,48.31217120216642,-6.821608648460631,48.44032736495652,26.661479098865172,48.37577618888115,-5.714000000000002,47.242000000000004,CI,2
26.758493554009593,48.37634273410423,-6.62249224237605,48.45892663574871,26.931290433993965,48.43511672023605,-5.353999999999999,47.327,CI,2
27.028332950534423,48.43519143063495,-6.416440337884222,48.479680177751455,27.201906555849288,48.491192413819704,-4.995000000000001,47.398,CI,2
27.299053693153663,48.490399695384404,-6.20363202771766,48.50262839581206,27.473359963451735,48.54416337162643,-4.995000000000001,47.398,CI,2
27.570785416581412,48.5440491322832,-5.984980436060837,48.52941077370549,27.745882369851024,48.59628168404957,-4.635000000000002,47.453,CI,2
27.84326147334735,48.592369345463496,-5.7615519901597105,48.56069213825263,28.018999319545085,48.641784315607566,-4.635000000000002,47.453,CI,2
28.11636946865251,48.63659728515108,-5.535885209721256,48.597658808595476,28.29272012875915,48.683584812191135,-4.274000000000001,47.494,CI,2
28.389868156976988,48.67764684509682,-5.310583994887259,48.640582564904484,28.566744820073172,48.72250307217646,-4.274000000000001,47.494,CI,2
28.665510508480946,48.71884906940873,-5.085537495049158,48.68759115265742,28.84356152259363,48.76273584894815,-3.911999999999999,47.522,CI,2
28.940511852402995,48.754143005273235,-4.8650033556791445,48.739343277410214,29.11865009223066,48.79499227804113,-3.911999999999999,47.522,CI,2
29.215690036975058,48.785096110128706,-4.649327475922718,48.79384859911508,29.394225353448448,48.82341727049757,-3.5500000000000007,47.535000000000004,CI,2
29.491259551383905,48.81225896315604,-4.4395270023304,48.84763099801784,29.67026741013295,48.84822411188596,-3.5500000000000007,47.535000000000004,CI,2
29.768654292807188,48.8441308267906,-4.235731927909573,48.90184116367263,29.948703161319536,48.88066486822747,-3.1900000000000013,47.537,CI,2
30.045223966747713,48.86661077908792,-4.037324276224566,48.95364424832982,30.225203632985718,48.89896677557532,-3.1900000000000013,47.537,CI,2
30.321775308821536,48.88437740846007,-3.8441369053771917,49.004015000098875,30.50202846490216,48.91407437506375,-2.8279999999999994,47.521,CI,2
30.598403102343678,48.8982882190505,-3.656309428434117,49.05050395327275,30.77896522263507,48.92559389654585,-2.8279999999999994,47.521,CI,2
30.877352974902735,48.91779833229012,-3.473277795437425,49.091993634323266,31.059086361212664,48.94596349005123,-2.469000000000001,47.496,CI,2
31.154766814949213,48.926514367479804,-3.2936877515771457,49.12435501153375,31.336122644624698,48.950026241917286,-2.469000000000001,47.496,CI,2
31.431901467710308,48.930225409542636,-3.115025625673962,49.14896635183754,31.61339027137198,48.95095874764913,-2.1090000000000018,47.454,CI,2
31.70913313041037,48.93040867512059,-2.9394797870323495,49.16172009921091,31.89089530936878,48.94883932128278,-2.1090000000000018,47.454,CI,2
31.98516439296862,48.9310261708664,-2.763357865270026,49.168327839545206,32.16673262349471,48.94850170466347,-2.1090000000000018,47.454,CI,2
32.26192894304228,48.92508745497221,-2.5883656066507914,49.165775298967695,32.44394924845108,48.93928844302595,-1.7510000000000012,47.401,CI,2
32.538668816501264,48.91499543739819,-2.4136655604827837,49.16044357362785,32.72087515909292,48.926683659272605,-1.3949999999999996,47.333,CI,2
32.81530324421912,48.9016382228741,-2.2392373709630076,49.14996400610498,32.99765991771384,48.91110098128889,-1.3949999999999996,47.333,CI,2
33.090975858157066,48.892859399477366,-2.0643480004544483,49.137376712726045,33.27318387614503,48.90278300143887,-1.0420000000000016,47.255,CI,2
33.367010909358314,48.87528953838106,-1.890518546816329,49.12053244854988,33.54947201419065,48.88124084556978,-1.0420000000000016,47.255,CI,2
33.64293913300341,48.853180646537545,-1.7177074617033408,49.10184176861259,33.82550063739958,48.85651647742536,-0.6900000000000013,47.165,CI,2
33.91859120698508,48.827576457686135,-1.5451430767032528,49.08027837720302,34.10118613522036,48.82862701007842,-0.6900000000000013,47.165,CI,2
34.19956253186247,48.806279445706764,-1.3734340059858385,49.056667729743275,34.384244467707475,48.8077254032218,-0.34199999999999875,47.065000000000005,CI,2
34.47631410628396,48.775983198509444,-1.2023689487813691,49.030476712053414,34.6595360660532,48.77337166303669,-0.34199999999999875,47.065000000000005,CI,2
34.75162618858281,48.741711303745426,-1.0319668687337378,49.002205690004786,34.93441579187033,48.73667427785079,-0.34199999999999875,47.065000000000005,CI,2
35.0265204882094,48.70459315428678,-0.861345679404981,48.97122723412091,35.20924306829816,48.69750479482764,0.004000000000001336,46.953,CI,2
35.305317401172765,48.66864282895099,-0.6915135154470275,48.93782835371049,35.48954642129753,48.66088965143617,0.3470000000000013,46.83,CI,2
35.5809868204324,48.62716202755186,-0.521956232953043,48.9019239472727,35.764124360915424,48.616518644947355,0.3470000000000013,46.83,CI,2
35.85530647949816,48.58214751928402,-0.3525125244563158,48.86270928110469,36.037996883376756,48.56926178079991,0.6900000000000013,46.698,CI,2
36.12883207071037,48.533486141406186,-0.18453481588706908,48.81917992046654,36.31126795214082,48.51831308809923,0.6900000000000013,46.698,CI,2
36.408425636594075,48.48847061827618,-0.01657069002595682,48.7709875223815,36.59310926516803,48.47349892272624,1.0279999999999987,46.558,CI,2
36.681654352266634,48.43332888480564,0.14928231113253193,48.717894672566096,36.86402025550287,48.413966973394054,1.0279999999999987,46.558,CI,2
36.95290321500449,48.37370075556986,0.31714742541545743,48.66153574499806,37.1345484669173,48.3517537600588,1.3589999999999982,46.4,CI,2
37.223169005686735,48.31149614458793,0.48399796561950126,48.599577016254784,37.404446260616545,48.28758943368925,1.3589999999999982,46.4,CI,2
37.496933563158436,48.25285837592201,0.6507126775887705,48.533787836572365,37.67946553440553,48.22910152157249,1.3589999999999982,46.4,CI,2
37.76706351737844,48.18625311678075,0.8174561927282016,48.46381305576251,37.94824269867306,48.158832650917496,1.6849999999999987,46.225,CI,2
38.036129249236936,48.11568789928028,0.984158884205583,48.39122461143694,38.21687914001331,48.08588468535206,2.0060000000000002,46.042,CI,2
38.30461028225964,48.04277636081844,1.1496678748937896,48.31658350642487,38.48509199045546,48.011124142840366,2.0060000000000002,46.042,CI,2
38.577421840990525,47.97404099220121,1.3146391089065375,48.24032604477333,38.75940997765735,47.94277795939507,2.3260000000000005,45.853,CI,2
38.846097190011136,47.897811959221656,1.4782207171768842,48.16166004725457,39.02651763318763,47.863101066957036,2.3260000000000005,45.853,CI,2
39.112938924417854,47.817159808745515,1.6413510168624181,48.079881968950914,39.29261201644766,47.77996390329286,2.6439999999999984,45.660000000000004,CI,2
39.37821074792525,47.732719399670266,1.8024090233730996,47.99389848802283,39.55721885361381,47.69322530712887,2.6439999999999984,45.660000000000004,CI,2
39.646363077199865,47.64854138631218,1.963141054980157,47.90388569410634,39.826309230244156,47.60810773159638,2.9549999999999983,45.452,CI,2
39.90996902732583,47.55758585676947,2.1230049257162107,47.808791387176555,40.08815698614331,47.513891818775285,2.9549999999999983,45.452,CI,2
40.17166856258125,47.46283844903046,2.2835004709559628,47.70989846758014,40.34903470881171,47.41682473833236,3.257999999999999,45.226,CI,2
40.432296802255976,47.36507868379818,2.442762849921043,47.606089598221125,40.60913011016119,47.316992923242815,3.257999999999999,45.226,CI,2
40.69617327287923,47.26912688079572,2.6026774877853573,47.49901326016536,40.87402082732709,47.22060670283627,3.5539999999999985,44.986000000000004,CI,2
40.95590461829835,47.16654014162339,2.7607176700943072,47.387437450667214,41.13210590127152,47.11482241772534,3.5539999999999985,44.986000000000004,CI,2
41.21343338421368,47.06007748023886,2.91791674097052,47.27313058837084,41.388664172654174,47.0060298207546,3.846,44.739000000000004,CI,2
41.469470251732666,46.9503104605253,3.073145795441548,47.15485323396428,41.6439728357674,46.894106387673425,3.846,44.739000000000004,CI,2
41.73073154383947,46.84834394661953,3.2268217609968004,47.033581904467674,41.90688803539963,46.793757770022296,4.134999999999998,44.482,CI,2
41.985627466486754,46.73511398510387,3.378801598041831,46.90804380686604,42.159341753696715,46.67587516639726,4.134999999999998,44.482,CI,2
42.237764366667655,46.6172739330117,3.530492478423108,46.77947280468623,42.41027349543537,46.55548630284229,4.416999999999998,44.212,CI,2
42.48832639159731,46.49607479984639,3.68069941738732,46.64612692154367,42.66003558860854,46.43212201204936,4.416999999999998,44.212,CI,2
42.74497422931007,46.375856101962285,3.8297892043771173,46.50950638462639,42.91863552866584,46.31117628162005,4.416999999999998,44.212,CI,2
42.994747614716445,46.250102337662334,3.977455013903733,46.36801679671608,43.16569326006809,46.182636824355356,4.690999999999999,43.93,CI,2
43.242007020651876,46.12133577754438,4.123739956019411,46.22236972970666,43.41178214130912,46.05185969686514,4.959,43.642,CI,2
43.48735847776061,45.989673723143554,4.26829497423138,46.06957428970153,43.656169866583426,45.918217030142465,4.959,43.642,CI,2
43.73410501537262,45.859069484399704,4.410466911851259,45.911225957932174,43.903115490411196,45.78697123946367,5.224,43.342,CI,2
43.975811618626246,45.72217612991307,4.5489213982522605,45.74437327088629,44.142746175565556,45.64703439031698,5.224,43.342,CI,2
44.214533781152575,45.581394557388535,4.682958702980021,45.57261383087512,44.380089856427844,45.5039493956783,5.481,43.037,CI,2
44.45051863943177,45.43752155643026,4.811531025100555,45.39341296756328,44.61476058760241,45.3580213648641,5.481,43.037,CI,2
44.69191453228074,45.29203876823434,4.93592316451662,45.21209509945104,44.85777485816832,45.210923957490344,5.727,42.718,CI,2
44.926646999484156,45.14362684575385,5.0561299722292325,45.028363670167934,45.08976273713871,45.060601928136464,5.727,42.718,CI,2
45.159205335211446,44.99268400658555,5.172315715716797,44.84490937917104,45.321181582488435,44.90782493794305,5.727,42.718,CI,2
45.39018690383553,44.839994171364,5.283705607635845,44.66000049293083,45.551223210290246,44.75357144078345,5.965,42.396,CI,2
45.630075744113874,44.68828234152014,5.3927143093088254,44.47495823879256,45.79394376609637,44.60116986117007,6.202,42.066,CI,2
45.86094607178334,44.53193669714036,5.497635761769783,44.28963253308126,46.02124225874678,44.44247926873839,6.202,42.066,CI,2
46.08839081328017,44.3725502217838,5.600373961323977,44.10482752566592,46.24708660884957,44.28117639561891,6.434999999999999,41.729,CI,2
46.313392769843816,44.210781334245716,5.700068652516264,43.91907466139145,46.4708196495358,44.11769261743294,6.434999999999999,41.729,CI,2
46.546079267235164,44.0474881624451,5.797262313563164,43.734490250304496,46.705880377398394,43.952889206321636,6.663,41.386,CI,2
46.77004778036488,43.881711750172975,5.890127689939083,43.54855719918231,46.9263307642686,43.785508838513145,6.663,41.386,CI,2
46.99059778835326,43.71383457306729,5.980099019649128,43.361944517737314,47.14524392151217,43.616067199372544,6.882,41.036,CI,2
47.20880508771377,43.54395883524243,6.063448118676037,43.17475712641061,47.36218926970952,43.4446483080296,6.882,41.036,CI,2
47.43094139630134,43.37326474295637,6.1448040303547815,42.983603601830914,47.58530672479864,43.272765668431056,6.882,41.036,CI,2
47.64641802999249,43.199174011931746,6.21979950425978,42.801450331825244,47.797996625180716,43.09676594879461,7.094999999999999,40.678000000000004,CI,2
47.859690061047324,43.023343068754286,6.295348043712876,42.6156230416483,48.01003724210119,42.91951107516618,7.301,40.313,CI,2
48.07171294944674,42.84609035404868,6.369899057156042,42.43116290610244,48.221163341198405,42.740944032056944,7.301,40.313,CI,2
48.28344139426437,42.66890552043472,6.445559842887559,42.24685168772574,48.43232410832939,42.56297547270284,7.501999999999999,39.938,CI,2
48.49331480308452,42.488923208051645,6.5208235452954275,42.06004002795519,48.64111601098307,42.38127685476574,7.501999999999999,39.938,CI,2
48.70148490356133,42.30696976135972,6.596976677540354,41.880421060669434,48.848238814374966,42.19788990412342,7.702,39.564,CI,2
48.90800223363121,42.12333245611617,6.668372416588446,41.69833149992982,49.05371848568897,42.01292586995189,7.702,39.564,CI,2
49.12112814233808,41.93802364069208,6.739937045508109,41.517026229360624,49.26877008140267,41.82621642907092,7.897,39.185,CI,2
49.32649778067664,41.75085846486829,6.809667061524684,41.336324713253276,49.47095114487504,41.63782129856164,7.897,39.185,CI,2
49.528776198316976,41.561924570574476,6.878070181686277,41.15162349843911,49.67167896950513,41.4475944919896,8.083,38.800000000000004,CI,2
49.72905613744779,41.37149288154931,6.95027312466765,40.974043728697026,49.87078443434458,41.25594664366568,8.083,38.800000000000004,CI,2
49.93541786409033,41.180819977898274,7.0206283052317655,40.790774771228214,50.07884825556186,41.064415078509164,8.261,38.404,CI,2
50.134878595009866,40.98758555938086,7.0923449555113836,40.60595997357065,50.27544170874481,40.869747914241046,8.261,38.404,CI,2
50.331865459978616,40.7927105401463,7.163258108424844,40.417446264558706,50.47109550936858,40.67366518254601,8.436,38.007000000000005,CI,2
50.52740706836372,40.59645002166025,7.237739599196389,40.23578477690571,50.66565961878703,40.47627305549955,8.436,38.007000000000005,CI,2
50.72894758382481,40.40253505011958,7.307515747371634,40.05214051303054,50.8688404318018,40.28246205386235,8.607,37.604,CI,2
50.92291339861393,40.20408942210528,7.3750015489011815,39.871052622486516,51.059756417864406,40.081984296866295,8.607,37.604,CI,2
51.11337246557608,40.00319279337787,7.439550038128493,39.68835487781899,51.24852872433442,39.879658053547296,8.772,37.193000000000005,CI,2
51.30126103862986,39.80057059181139,7.5063323396230555,39.51144930347206,51.435030515562744,39.67582601037523,8.772,37.193000000000005,CI,2
51.492900692139415,39.59493933183865,7.57254277470646,39.33569129941077,51.627540762257325,39.468455237062635,8.772,37.193000000000005,CI,2
51.678991858445265,39.38884304747423,7.641903594092361,39.16873536257586,51.811179139495664,39.261661261204026,8.93,36.778,CI,2
51.8630321157156,39.18174469660256,7.708045298337879,39.00592787706389,51.99399941742279,39.05362054919406,9.075999999999999,36.356,CI,2
52.045450553485445,38.97330982297929,7.786524576262407,38.85274188427114,52.17535340607923,38.84412941926989,9.075999999999999,36.356,CI,2
52.233298660988396,38.7705216162163,7.86797188928031,38.70139285435769,52.36456319430275,38.642672657114105,9.219999999999999,35.931000000000004,CI,2
52.413753125403595,38.56080929166971,7.959527195150789,38.550337811914474,52.54208341976927,38.430158490494115,9.219999999999999,35.931000000000004,CI,2
52.59158147187251,38.34870385278778,8.055079624990428,38.392633468485776,52.71852396253139,38.216688015150524,9.359,35.499,CI,2
52.76801680802785,38.13513521307461,8.161248044718093,38.22529753305384,52.8939758376478,38.002050125583004,9.359,35.499,CI,2
52.943028274099845,37.92019623459517,8.27253441056097,38.05453446952917,53.06798952850048,37.78608159904586,9.496,35.062000000000005,CI,2
53.116415887020544,37.70404280861096,8.47395619102489,37.59135751300756,53.24030633172686,37.56896484067843,9.496,35.062000000000005,CI,2
53.28809954591005,37.48670237657096,8.638201406010865,37.22466777440285,53.410890351478706,37.35068039805775,9.496,35.062000000000005,CI,2
53.45803574059022,37.267986816736865,8.770541690461256,36.91140964762312,53.579713158619775,37.13096272409054,9.628,34.624,CI,2
53.6344442832804,37.053089163675715,8.883981809784046,36.63247280099133,53.75785566532201,36.91680903729173,9.75,34.181000000000004,CI,2
53.80267188357798,36.83293127441084,8.97952051727565,36.37295804703936,53.9228537716419,36.69448435928204,9.75,34.181000000000004,CI,2
53.96800819001293,36.610778820983406,9.065534630187402,36.12909526944482,54.086698821431,36.47116652427285,9.866,33.730000000000004,CI,2
54.13205297763398,36.38727740256266,9.144594065609557,35.89265064880492,54.249786901745985,36.24669266532125,9.866,33.730000000000004,CI,2
54.299362116282694,36.164087361398,9.220523786328137,35.660965674913676,54.4177293980124,36.02307193583012,9.979,33.272,CI,2
54.462069762608216,35.938792381325534,9.289944901513389,35.435220133679124,54.57837821499018,35.79664711033573,9.979,33.272,CI,2
54.62285745824853,35.712390845518435,9.36084821998527,35.20804823564355,54.738005647968706,35.56940887249011,10.09,32.814,CI,2
54.78234738448104,35.48491191541801,9.426624106920325,34.98225677096576,54.896549684564306,35.34109818863507,10.09,32.814,CI,2
54.94752236811491,35.256765384897726,9.490953497967446,34.75829968046737,55.06323972399949,35.11219174568294,10.09,32.814,CI,2
55.10611608965359,35.02710038444048,9.552048286803883,34.53261182295182,55.219108380842286,34.881685157203655,10.197,32.356,CI,2
55.262061843793795,34.796447318908484,9.611346397870111,34.30677263801006,55.37365545404684,34.65028850873986,10.299999999999999,31.891,CI,2
55.416483252663376,34.564820402017126,9.668181823568826,34.07915818460305,55.5270605507395,34.41790352126792,10.299999999999999,31.891,CI,2
55.574576712982086,34.33297821953719,9.723708360598733,33.85088886511497,55.68595813353842,34.18551789198891,10.399,31.424,CI,2
55.72771864582869,34.09964848805017,9.776952111108075,33.6220154900791,55.836945063155724,33.95135157226114,10.399,31.424,CI,2
55.87913608572725,33.86530644038449,9.829348657930137,33.393618810552155,55.98729729684693,33.71627468894054,10.49,30.955,CI,2
56.02979710321281,33.63032068283166,9.879604162833568,33.16661930210782,56.137224727000586,33.48067554034551,10.49,30.955,CI,2
56.182401439093,33.39665444186794,9.932742385544483,32.93598600447964,56.29003189738491,33.24707865018856,10.581999999999999,30.481,CI,2
56.33176113619971,33.16028362796631,9.97959330677281,32.709195283886096,56.43787610486457,33.00945357668975,10.581999999999999,30.481,CI,2
56.479637805782524,32.922861389833415,10.03102121575332,32.477531262056736,56.58480134904119,32.77132180698712,10.671,30.006,CI,2
56.6264423915305,32.68437045019833,10.07758008057458,32.24751236539558,56.73079521293401,32.53211165721283,10.671,30.006,CI,2
56.77577398323882,32.450819847479806,10.123228414184524,32.01688122680689,56.88051183524001,32.2999533172161,10.754999999999999,29.525,CI,2
56.9210492242442,32.21205286996364,10.167138939254231,31.78586659179067,57.02407532482084,32.05910270416568,10.754999999999999,29.525,CI,2
57.06449395206253,31.97146191134185,10.209960518143992,31.553758879248203,57.166480679547064,31.817564837111966,10.834999999999999,29.044000000000004,CI,2
57.20695274531709,31.72962327139272,10.250955780784547,31.32127577635488,57.30817201710193,31.57496598599324,10.834999999999999,29.044000000000004,CI,2
57.349310409618774,31.489825710500146,10.291752126657114,31.087634809456034,57.45003434429064,31.33557836670269,10.91,28.557000000000002,CI,2
57.49019856094326,31.24697890048472,10.327414237214454,30.855044963020898,57.590045029921725,31.091368080256885,10.91,28.557000000000002,CI,2
57.629814781763415,31.00273777917188,10.367674216446332,30.618547156688116,57.72881335686024,30.846341613364824,10.979,28.068000000000005,CI,2
57.76829428250971,30.75748089202342,10.402588316422712,30.38180576451166,57.866482464898766,30.60043281788357,10.979,28.068000000000005,CI,2
57.91627010418766,30.513353126282666,10.436569658043739,30.144022581845107,58.017344382181804,30.35630704042675,10.979,28.068000000000005,CI,2
58.05509608627645,30.266536099689823,10.468453092551291,29.906488186398676,58.152725933157555,30.10843838562306,11.049999999999999,27.576,CI,2
58.19126890198151,30.018712568550548,10.499611401043909,29.668058329771103,58.28759446293462,29.860017435412285,11.11,27.079,CI,2
58.32594752474212,29.76998496319356,10.529032805621823,29.428967455364717,58.42134828551926,29.610702157231945,11.11,27.079,CI,2
58.46931325466943,29.52053132115653,10.557731707001343,29.188931477356817,58.56733897308581,29.360612359482353,11.171,26.578000000000003,CI,2
58.603962101934904,29.270020810330443,10.583976222215078,28.949047736102017,58.698662132775155,29.109624417532064,11.171,26.578000000000003,CI,2
58.735946511009374,29.018930804494985,10.60663671730207,28.70987621554753,58.82933266750012,28.858099641707653,11.225,26.073999999999998,CI,2
58.866318519628294,28.767109571419603,10.631270001751407,28.46987324948011,58.958738683264684,28.605766494635045,11.225,26.073999999999998,CI,2
59.00148656557271,28.517602933246646,10.65527880811937,28.228415947593426,59.09513845405273,28.356772309772882,11.273,25.569000000000003,CI,2
59.13026477883454,28.26516332831766,10.672247273087153,27.987110624914912,59.22140561773823,28.103149051419933,11.273,25.569000000000003,CI,2
59.25688772568627,28.011565747795927,10.692946295793744,27.74579677310956,59.346890503418166,27.848908110158,11.273,25.569000000000003,CI,2
59.38257320664163,27.757435585468684,10.708916899913955,27.504381710330005,59.471836762559796,27.59433710990159,11.318999999999999,25.060000000000002,CI,2
59.50086378035184,27.508948449049427,10.722757620788006,27.26511149492758,59.58707680957197,27.34770410418693,11.359,24.548000000000002,CI,2
59.62308163240171,27.25571705499727,10.734118275029164,27.026804708725567,59.7102690634719,27.092456012884938,11.359,24.548000000000002,CI,2
59.745274266120724,27.000949096591327,10.742602693077679,26.791207468913484,59.83206163530928,26.836892027212855,11.392999999999999,24.04,CI,2
59.866420431281405,26.745587595404476,10.74597995316832,26.555775314629166,59.95245346480517,26.58109401057187,11.392999999999999,24.04,CI,2
59.99186712037739,26.491619510701273,10.747759500125762,26.321288131231242,60.07899078088292,26.327355026179507,11.424,23.527,CI,2
60.11192540787577,26.23586896784105,10.745085541452111,26.08601730602632,60.19689233125615,26.070845108447934,11.424,23.527,CI,2
60.22954758849525,25.97957056071757,10.742911419277304,25.851575901076266,60.31330590711781,25.81416498428288,11.452,23.012,CI,2
60.34541503665724,25.723049749593166,10.735773309017143,25.614758729004752,60.428178511953924,25.55736348173334,11.452,23.012,CI,2
60.46592331929558,25.46568671962218,10.724903304787688,25.37748395782175,60.54991598618372,25.29943093892153,11.452,23.012,CI,2
60.58076193734177,25.20877600061796,10.710077554547192,25.140894358719976,60.6624656956888,25.042567367644896,11.472,22.499000000000002,CI,2
60.69345781522913,24.952176173891843,10.690402296807127,24.90392943927245,60.7740455730329,24.785900016187252,11.484,21.982,CI,2
60.80427716485143,24.695724762045106,10.666171953298221,24.666649114467322,60.88383375215864,24.529316787019948,11.484,21.982,CI,2
60.92086245809021,24.442355667876278,10.635927910955791,24.427805830852535,61.00200857345742,24.27679908034442,11.494,21.464999999999996,CI,2
61.029954349101175,24.186753964522005,10.600899979358054,24.18832276785818,61.108263370124405,24.020329550509825,11.494,21.464999999999996,CI,2
61.136564447633525,23.9307691218652,10.561072688834098,23.946345705214068,61.21365501670518,23.764041993674358,11.496,20.951999999999998,CI,2
61.24212257570031,23.67469718067719,10.51691757099904,23.700562611973325,61.318465531110604,23.507750439048884,11.496,20.951999999999998,CI,2
61.341206520591605,23.423842024052156,10.46818981241071,23.45487356756369,61.414872576919684,23.258647097315748,11.493,20.439999999999998,CI,2
61.44347749348757,23.169549255434294,10.414047570485934,23.20215439055254,61.51786652347222,23.00287211168474,11.493,20.439999999999998,CI,2
61.545472825513485,22.914441012278612,10.355171731187275,22.943351912767266,61.6194001045493,22.74728531738433,11.49,19.926000000000002,CI,2
61.64618202194494,22.659322522763972,10.291608773245738,22.678612801069065,61.71930161609135,22.491996893678486,11.49,19.926000000000002,CI,2
61.75235861740686,22.406357097800626,10.225088339827895,22.405651993285478,61.826993633427406,22.239583964167327,11.481,19.415,CI,2
61.851369300122336,22.151967261642746,10.155848606639415,22.12427123971273,61.92329045810948,21.98462822386767,11.481,19.415,CI,2
61.94765911987362,21.897445068598007,10.085134419798187,21.832564001262195,62.01829772333606,21.72992041706602,11.464,18.906,CI,2
62.042162268318734,21.643011604294838,10.017115177018784,21.529754876700494,62.111813389462355,21.475361633511948,11.464,18.906,CI,2
62.13931193968069,21.383676573119146,9.953636753862774,21.216977089379515,62.20954777219208,21.214053274565913,11.44,18.393,CI,2
62.232201641681975,21.128274950204226,9.899319998053024,20.895978936657606,62.30057568016634,20.959951523222603,11.44,18.393,CI,2
62.32369954197163,20.874209527999135,9.849974435397415,20.56588096041581,62.391211858070946,20.706214459280638,11.411999999999999,17.881999999999998,CI,2
62.41407385850463,20.62061419931999,9.815311544814369,20.228897019461773,62.48083250199999,20.452636845351513,11.411999999999999,17.881999999999998,CI,2
62.51190339646871,20.36680150075545,9.795410748591653,19.88970607239386,62.580889086660996,20.198522389017832,11.411999999999999,17.881999999999998,CI,2
62.60167331009633,20.113678952874388,9.789168378452574,19.55243416223279,62.66764192273746,19.94562228460247,11.379,17.375,CI,2
62.68835083669771,19.86111477696217,9.796624908634081,19.220818686486766,62.752922108147004,19.69314641170395,11.344,16.869999999999997,CI,2
62.7732245142209,19.60917250292129,9.814524050283332,18.897946188943404,62.83681364913383,19.441292638248353,11.344,16.869999999999997,CI,2
62.85531464070733,19.35943537803872,9.8413136242655,18.586316948052893,62.917562299243635,19.1922247517929,11.299999999999999,16.363999999999997,CI,2
62.936626559566285,19.109079134894014,9.872300634947416,18.28695962288792,62.99823972891056,18.941494363969273,11.299999999999999,16.363999999999997,CI,2
63.01706629861557,18.859174797289857,9.904106407497387,18.00073172564451,63.07800610373573,18.69160795427372,11.251999999999999,15.862,CI,2
63.096347086018135,18.609850216655634,9.933360554508237,17.728672107628938,63.156522087879026,18.442355511388524,11.251999999999999,15.862,CI,2
63.17784663056954,18.36170752990892,9.958362449727579,17.460262434599986,63.238423910027144,18.194479555064696,11.195,15.363000000000001,CI,2
63.25571667661811,18.113327735731914,9.978149173732692,17.20245005077597,63.31474890408436,17.94592585092451,11.195,15.363000000000001,CI,2
63.33197223681421,17.86520899883377,9.992960341213053,16.951049188489332,63.39011128287295,17.697782720520763,11.195,15.363000000000001,CI,2
63.4069548810974,17.617636874331193,10.003356098141605,16.70441531112015,63.46430871105686,17.45028547998083,11.135,14.866000000000001,CI,2
63.485720761906364,17.371423060930805,10.010621361862826,16.462964526098933,63.54402898398574,17.2044029314683,11.071,14.371999999999998,CI,2
63.55934652864641,17.12506885960874,10.014516247211908,16.2248960266078,63.61562679932062,16.957940877643313,11.071,14.371999999999998,CI,2
63.630588763498295,16.87924429406062,10.015864767960261,15.99281294053667,63.68572208552614,16.712206052789345,11.001999999999999,13.877999999999998,CI,2
63.700187806098256,16.63417792556709,10.013252668053104,15.763456836290317,63.75440733966477,16.46730017251303,11.001999999999999,13.877999999999998,CI,2
63.76464391980099,16.3919097536869,10.006973273160746,15.539775417432585,63.816720911621616,16.225959525080555,10.927,13.388,CI,2
63.8302543885481,16.149152021032613,9.995135755198506,15.320987482694836,63.88233729441506,15.982870635255212,10.927,13.388,CI,2
63.895326005697235,15.906990292080549,9.983397963752108,15.103797430157055,63.946855708569345,15.740798990818089,10.844,12.901000000000002,CI,2
63.959585008027744,15.665662297838704,9.965082827288436,14.891234021589376,64.01047954519107,15.499656343399096,10.844,12.901000000000002,CI,2
64.02570897321233,15.426159207018435,9.943073004323589,14.684955113064493,64.07689444870987,15.260684563057307,10.844,12.901000000000002,CI,2
64.08899357927083,15.187067006335347,9.916496795035187,14.481256120406883,64.1389172374626,15.021665721961167,10.753,12.418000000000001,CI,2
64.15076429536776,14.949009006436187,9.884504005646702,14.279914821640686,64.19985168861692,14.783889897090642,10.663,11.94,CI,2
64.21079323648407,14.712287268430545,9.846602232523798,14.080079778819224,64.2589595251467,14.547561537227708,10.663,11.94,CI,2
64.28096615170759,14.477059439368773,9.801987065589657,13.88360653351977,64.33229949590783,14.312700120713496,10.565999999999999,11.469,CI,2
64.34087191088382,14.243367107277313,9.752218622332984,13.689380269570975,64.38853044619903,14.07959650627903,10.565999999999999,11.469,CI,2
64.3973746460927,14.011319302499603,9.694593543125977,13.499665573202856,64.44357719639052,13.848081684408783,10.463,11.002,CI,2
64.4519759197292,13.780948602247161,9.627876147964319,13.31319474610193,64.49720075376118,13.61823361926632,10.463,11.002,CI,2
64.5056093705853,13.559064815586941,9.55151912384143,13.135186222090121,64.55012153086172,13.399342017429996,10.350999999999999,10.543999999999999,CI,2
64.5579056248213,13.333971859732912,9.462886691831692,12.956912624001019,64.60170005986885,13.173002273950488,10.350999999999999,10.543999999999999,CI,2
64.60963934500505,13.109265070662179,9.357902140842247,12.78002722021608,64.65293440573541,12.948345417453904,10.234,10.092,CI,2
64.66095743253317,12.885910451712842,9.24046785124472,12.59867006411095,64.70380346871875,12.725394477952879,10.234,10.092,CI,2
64.7118010742373,12.672616279019762,9.078827694727206,12.12014899168786,64.75413524162632,12.515680364361597,10.126999999999999,9.648000000000001,CI,2
64.76191993090337,12.454870958504456,8.937808733021024,11.738764327192076,64.80380703865465,12.296251210846002,10.126999999999999,9.648000000000001,CI,2
64.81066359642894,12.237376968822167,8.815223489068543,11.420675596005077,64.85182807367205,12.078784096552711,10.009,9.209999999999999,CI,2
64.85736244867618,12.021666379716976,8.702391467209894,11.143905194716549,64.89755341149838,11.863660118336192,10.009,9.209999999999999,CI,2
64.9069485383323,11.810652382128659,8.599920827032905,10.89498945157921,64.94783034501607,11.654259505594762,9.884,8.781,CI,2
64.95110208257833,11.599850304934325,8.504054738535675,10.66636753697276,64.98992341410887,11.443513965310792,9.884,8.781,CI,2
64.99358809368948,11.390463731233382,8.41331649107152,10.444124243682895,65.0315586242803,11.234577102585277,9.747,8.361,CI,2
65.03517497628572,11.182911364267657,8.326733898805678,10.232741970520058,65.0725442805404,11.027619675772181,9.747,8.361,CI,2
65.07682809772471,10.978284333838928,8.244757666863586,10.025688320066866,65.1139262283365,10.823981618804291,9.747,8.361,CI,2
65.11670066054988,10.77505662950994,8.16306013032593,9.823823021569636,65.15292844287602,10.621206182015976,9.605,7.949999999999999,CI,2
65.1556983906854,10.573578404547579,8.083777060292805,9.624405557084872,65.19135351291075,10.42030003846302,9.462,7.545,CI,2
65.19383208706243,10.374068133566302,8.0032214388051,9.428534877589918,65.22892108010451,10.221443354084398,9.462,7.545,CI,2
65.23242293062681,10.178326094697281,7.924004666760275,9.23684755721742,65.26739483433758,10.027005749982031,9.312,7.154,CI,2
65.26802078232262,9.98348689844249,7.8429414549987335,9.048312953887304,65.30174156444205,9.832456282545811,9.312,7.154,CI,2
65.30241184170565,9.790552152157664,7.763938047470045,8.86326146259428,65.33545356725632,9.640157404589798,9.158,6.769,CI,2
65.33607237755739,9.599553783845261,7.682011080645505,8.678054823123615,65.36859551180537,9.449803851423981,9.158,6.769,CI,2
65.36720428366469,9.413108039590256,7.601063604382809,8.492643632600887,65.39858241325534,9.264969208386532,8.998,6.395,CI,2
65.39834067165411,9.226724734298541,7.5211715953983,8.309595185482063,65.42945552466178,9.07854302280039,8.998,6.395,CI,2
65.42873415826566,9.042017514660225,7.441894432101579,8.126411646538884,65.45933021410195,8.894388828050436,8.998,6.395,CI,2
65.45790601558471,8.859222567200264,7.3605150904166345,7.9445359961118145,65.48782211773118,8.712237511092637,8.836,6.029,CI,2
65.48860995242654,8.675817601888834,7.282078059468551,7.765279751680038,65.51880223723987,8.528541553295282,8.671,5.670999999999999,CI,2
65.51591105306497,8.496192595002457,7.2005226789750445,7.585779953171867,65.54469482267086,8.35026157032263,8.671,5.670999999999999,CI,2
65.54173909661593,8.318834362081143,7.120246742406557,7.406219555631852,65.56975198449088,8.173679083437115,8.496,5.32,CI,2
65.56625075261177,8.143275135049231,7.039114170468094,7.227513467699917,65.59354119778094,7.998723052195395,8.496,5.32,CI,2
65.58987616820941,7.970037843919928,6.958864319688984,7.048301955355901,65.61658284932328,7.826276938349013,8.315999999999999,4.978999999999999,CI,2
65.61240381595474,7.797723038737289,6.878472516442381,6.871101477287422,65.638464262414,7.654245215704232,8.315999999999999,4.978999999999999,CI,2
65.63396173107205,7.6265800399174655,6.795566194894705,6.6907790284048145,65.65941291323969,7.48347519726051,8.131,4.645999999999999,CI,2
65.65452231832057,7.456753984164793,6.712911900396548,6.512606614945245,65.67935126255959,7.314075468680042,8.131,4.645999999999999,CI,2
65.67246725770669,7.289154362340864,6.630748107068752,6.335022259983608,65.69611147268337,7.147242131399613,8.131,4.645999999999999,CI,2
65.69013427679904,7.122621336400439,6.5469103525111825,6.158259374647275,65.71337431605531,6.9810360763768164,7.943999999999999,4.315999999999999,CI,2
65.70689959757614,6.957154801017395,6.463568505862972,5.98458287846696,65.72952975942171,6.815902186380507,7.748999999999999,3.9939999999999998,CI,2
65.72274510695377,6.7930992714134835,6.378023925053761,5.80908105880122,65.74475608184007,6.652305883475895,7.748999999999999,3.9939999999999998,CI,2
65.73809094776253,6.628144445120097,6.291323743161139,5.636765866350397,65.75963629448775,6.486965635610418,7.549999999999999,3.6790000000000003,CI,2
65.75101873618178,6.466846628317292,6.203798281142962,5.467428767365637,65.77141861460586,6.3269553823895155,7.549999999999999,3.6790000000000003,CI,2
65.76218245039435,6.308028141392181,6.11287282892763,5.30072769822664,65.78164708985902,6.1689887824195795,7.344999999999999,3.369999999999999,CI,2
65.77184582947615,6.151477176342036,6.021989425169692,5.137804441195767,65.79045415245596,6.013209988010102,7.344999999999999,3.369999999999999,CI,2
65.78504544334567,5.998076036493728,5.927624921832596,4.9748774496680195,65.8045128578193,5.86088234978558,7.132,3.0760000000000005,CI,2
65.79376727866186,5.845462565915465,5.832700084664114,4.814893601989258,65.81143673173544,5.708528238572537,7.132,3.0760000000000005,CI,2
65.80098754366001,5.694496988729743,5.736621151581089,4.658568196307091,65.81781238783881,5.558113706083018,6.911999999999999,2.7889999999999997,CI,2
65.8070299378044,5.545931420036483,5.638875640191337,4.505196974138441,65.82310557060038,5.410371652121994,6.911999999999999,2.7889999999999997,CI,2
65.81793103222165,5.394989684591906,5.539339951326567,4.3542000245372705,65.83534141379464,5.258486070931907,6.690999999999999,2.5060000000000002,CI,2
65.82287402239609,5.2506845060527505,5.441868617967442,4.2075015029282685,65.83796484897537,5.116586798826572,6.690999999999999,2.5060000000000002,CI,2
65.82607681018126,5.109853418843447,5.342308666560469,4.05916463250403,65.84023239704611,4.976979143271892,6.468,2.24,CI,2
65.82888900677989,4.9714995210334045,5.246417085715194,3.912890103667866,65.84256264788722,4.8394786538694845,6.468,2.24,CI,2
65.83188980060643,4.838403471363384,5.151629984795974,3.768933293012172,65.84527933387328,4.708253154897364,6.238999999999999,1.9830000000000005,CI,2
65.83456071636715,4.705793705820321,5.061249916939851,3.6279266385494715,65.84753151485077,4.575776948812406,6.238999999999999,1.9830000000000005,CI,2
65.83742285196396,4.5751486177287415,4.970060300035032,3.4858313404474686,65.85015347661118,4.445805993249077,6.01,1.7360000000000007,CI,2
65.84062861529985,4.446796281807536,4.88444752689243,3.3475531557830434,65.85318721673842,4.318250801265131,6.01,1.7360000000000007,CI,2
65.84587034361867,4.322825720298424,4.799764101174229,3.212272559605566,65.85885041089647,4.195839709524057,6.01,1.7360000000000007,CI,2
65.84954253701878,4.200692058342748,4.721101694818183,3.0809079933261994,65.86177063141024,4.074354430873036,5.7829999999999995,1.5009999999999994,CI,2
65.85261745749607,4.081564642792671,4.644053158631611,2.95429337377243,65.86440772323756,3.9562984588865007,5.558,1.2769999999999992,CI,2
65.85547605176573,3.9654270930708164,4.57483734480138,2.8336558226924473,65.8669612681237,3.8412261236493292,5.558,1.2769999999999992,CI,2
65.8598540845206,3.853042174998117,4.507690123891818,2.720779249537872,65.87163535305568,3.7301820595406556,5.327999999999999,1.0700000000000003,CI,2
65.86341855657733,3.7431106824667073,4.4486855764680655,2.6207807429013923,65.87474074771049,3.6211286135449985,5.327999999999999,1.0700000000000003,CI,2
65.86718675171994,3.636092906892057,4.388461450801444,2.5303963385282433,65.87839381886695,3.515154341812528,5.097999999999999,0.875,CI,2
65.8715071442835,3.5317602978554947,4.329649497407252,2.460023615680583,65.88273320285623,3.41178280449698,5.097999999999999,0.875,CI,2
65.88425367568958,3.4345970191540705,4.08424329343405,2.4481925474359945,65.89820345259456,3.3172020394193558,4.869999999999999,0.6970000000000001,CI,2
65.89126814700305,3.3373829936270876,3.8911057298515352,2.388633627501713,65.9032770168894,3.2199874029865367,4.869999999999999,0.6970000000000001,CI,2
65.89676370201589,3.242843300723147,3.731126088218576,2.306548255630308,65.90817277227971,3.126421522178644,4.869999999999999,0.6970000000000001,CI,2
65.90211184339684,3.1510313740425615,3.595775076031679,2.2062862248882547,65.91336922969558,3.035596881429011,4.869999999999999,0.6970000000000001,CI,2
65.90986546033704,3.065549789854222,3.4762804831708114,2.1041420425801163,65.92183978069883,2.9524139930844866,4.422000000000001,0.3799999999999999,CI,2
65.91672927587,2.979572712327599,3.3661890567858075,1.9974415929121845,65.92836567128052,2.8662541705880966,4.422000000000001,0.3799999999999999,CI,2
65.9237605498348,2.895253999004931,3.263368586891594,1.8948325321394508,65.93540154306805,2.782536165537309,4.195999999999998,0.24099999999999966,CI,2
65.93100485472684,2.813332065350038,3.1658568126760613,1.7926280071309326,65.94267114990367,2.701485700497492,4.195999999999998,0.24099999999999966,CI,2
65.93686634871976,2.732031809360141,3.070732254821608,1.6950561094104113,65.94802520436075,2.620412833478069,3.974,0.11399999999999988,CI,2
65.94379830808585,2.6544916251357176,2.980460298697139,1.6003493492748415,65.95526000149476,2.544239203664067,3.974,0.11399999999999988,CI,2
65.95092723209375,2.579553098843831,2.8877395076898247,1.5082258071574315,65.96242168469273,2.470248672487212,3.754999999999999,-0.001000000000000334,CI,2
65.95795462715492,2.506876210622123,2.7979281521629793,1.4199175334462522,65.969390011249,2.3983972265491325,3.754999999999999,-0.001000000000000334,CI,2
65.96292092544135,2.4353130148639917,2.706509489947062,1.3349752385991085,65.97363224067402,2.327244940060608,3.754999999999999,-0.001000000000000334,CI,2
65.96895044394616,2.366651413998139,2.616207786148338,1.2529174600484811,65.97996997480112,2.2596366646391086,3.5330000000000013,-0.10200000000000031,CI,2
65.97514288807822,2.3000745409912944,2.52488444621767,1.1745782800986657,65.98618802620256,2.193819200452601,3.311,-0.1930000000000005,CI,2
65.98117944816448,2.235366022619761,2.433100941557363,1.0989462341613525,65.99214916119683,2.1297925798199446,3.311,-0.1930000000000005,CI,2
65.98598800385957,2.169070776239134,2.3393509197412397,1.0270985134689092,65.99652511717657,2.062918345429061,3.0889999999999986,-0.27200000000000024,CI,2
65.99101823335774,2.108000761552143,2.244689916484965,0.9591109774969366,66.00157828082148,2.003754691932583,3.0889999999999986,-0.27200000000000024,CI,2
65.99588522373543,2.0501064891692735,2.147756536035887,0.8942576987971536,66.00635489377024,1.947019567321515,2.8709999999999987,-0.3440000000000003,CI,2
66.00062876719035,1.9945979161922816,2.050332423424833,0.8339157193990494,66.01102728536,1.8923814706307542,2.8709999999999987,-0.3440000000000003,CI,2
66.00751473051733,1.9493744989777233,1.9508151238332163,0.7749839637194614,66.0186013273527,1.8509125564390374,2.649000000000001,-0.4039999999999999,CI,2
66.01256825871936,1.8998181322222218,1.850093990879463,0.717942663799495,66.02307405794919,1.7997796930681715,2.649000000000001,-0.4039999999999999,CI,2
66.01705126870456,1.8503466740101444,1.7492718423446867,0.6636685058034253,66.02735918400143,1.7503404688707147,2.4319999999999986,-0.45500000000000007,CI,2
66.02126034107776,1.8022053957460027,1.6492922939778056,0.612714354967819,66.03145840536789,1.7026850569621717,2.4319999999999986,-0.45500000000000007,CI,2
66.02421758044123,1.7582312403949645,1.5474980700514533,0.5616463326001248,66.0339611611405,1.6602365621384712,2.218,-0.4930000000000003,CI,2
66.02792264728888,1.714450775601012,1.4458307040608913,0.5135935532507998,66.03789237679092,1.6165219826061932,2.218,-0.4930000000000003,CI,2
66.0317780484762,1.6725139252075754,1.3447040453418748,0.4688143754201956,66.04177833769569,1.57525737305263,2.004999999999999,-0.5350000000000001,CI,2
66.03555238898647,1.6330628159862612,1.2426008882442119,0.4254912576615173,66.04550879615165,1.5367146191886276,2.004999999999999,-0.5350000000000001,CI,2
66.03833207686687,1.5935632172715408,1.1408986411978501,0.38499101571856764,66.04794137662341,1.4971990442619862,1.7910000000000004,-0.5680000000000005,CI,2
66.04208573048244,1.5580850113463591,1.0405660590891805,0.3477689102116973,66.05199510377264,1.4631868763928069,1.7910000000000004,-0.5680000000000005,CI,2
66.04661690863949,1.5248962138287312,0.9385881536808015,0.31075085324786866,66.05678719746653,1.430833592342772,1.5799999999999983,-0.5840000000000005,CI,2
66.05188335783751,1.4935825932481401,0.8379607242678778,0.27785474208113786,66.06231924774261,1.4002059609219617,1.5799999999999983,-0.5840000000000005,CI,2
66.0568508335687,1.4651793498738306,0.7362183978040596,0.24649417584980635,66.06721213450933,1.3728716192977546,1.5799999999999983,-0.5840000000000005,CI,2
66.06342506378569,1.4387216773145706,0.6360475252508083,0.21984957542467523,66.07436732697347,1.3471253006338453,1.373000000000001,-0.5970000000000004,CI,2
66.07178908709348,1.414421598678446,0.536862363969681,0.1954309720665411,66.08340565980059,1.3236169137769638,1.373000000000001,-0.5970000000000004,CI,2
66.08205430066029,1.391768204312162,0.43928505876285723,0.1744146618020869,66.0944198977275,1.3015717557075996,1.1720000000000006,-0.6040000000000001,CI,2
66.09374413349339,1.3711184310838995,0.34381363623005956,0.15531771683320744,66.10673100025392,1.2816658628110293,0.9759999999999991,-0.601,CI,2
66.10842082440737,1.3516753344449906,0.251139587744162,0.13946861090124055,66.12259489014149,1.2626743254230943,0.9759999999999991,-0.601,CI,2
66.1259166000168,1.334212644069465,0.16129663845189396,0.12514439396650634,66.14127232340184,1.2459525850551962,0.7899999999999991,-0.5970000000000004,CI,2
66.14631083413803,1.3187032766843518,0.07589277037528752,0.11390069940416131,66.16292836292907,1.2311801949794532,0.7899999999999991,-0.5970000000000004,CI,2
66.16870478822582,1.3006712355133947,-0.0075076408835905595,0.10300458183630373,66.18634297916387,1.2122575218149154,0.6159999999999997,-0.5920000000000005,CI,2
66.19492007809245,1.2868097771783287,-0.08674431739988873,0.09506102187062287,66.2142138155451,1.1999522114786565,0.6159999999999997,-0.5920000000000005,CI,2
66.22442241376082,1.275217094162656,-0.1627815879427031,0.08836919549812569,66.24526769045397,1.1892316889650802,0.6159999999999997,-0.5920000000000005,CI,2
66.25706365444515,1.265466425930478,-0.2347957520497058,0.08426926325514192,66.2794725043362,1.1802069281785026,0.45700000000000074,-0.5830000000000002,CI,2
66.28961268250534,1.256591377784352,-0.3037688282265999,0.08050701113265127,66.31253883371585,1.1717250288212637,0.31400000000000006,-0.5700000000000003,CI,2
66.32747957148872,1.2491628941734179,-0.36810144894733093,0.07796916783820163,66.3527756729849,1.1648833515050154,0.31400000000000006,-0.5700000000000003,CI,2
66.36873577677969,1.2423947276592315,-0.4300223848017021,0.07470863437729529,66.39583628743878,1.158437502417058,0.18299999999999983,-0.5540000000000003,CI,2
66.41289323922682,1.2359928834991871,-0.4878339093063427,0.07225707080158392,66.44169155495025,1.1522655542294862,0.18299999999999983,-0.5540000000000003,CI,2
66.46012008247862,1.2312168850428546,-0.5431940904162376,0.0699736694522419,66.49071860908849,1.1481920847609492,0.06299999999999883,-0.54,CI,2
66.50952235767622,1.226152423229658,-0.5944705443240705,0.06973770258030053,66.5416776148343,1.143150016939467,0.06299999999999883,-0.54,CI,2
