Filter X,Filter Y,IMU X,IMU Y,GPS X,GPS Y,Ground Truth X,Ground Truth Y,Algorithm,Spoofing Rate
1.04421011278701,-0.013216352243929077,0.0,0.0,2.2420221217215848,-0.029736374428113613,-0.0019999999999988916,-0.0009999999999998899,KFNO,2
1.1888105195207743,-0.014529485187676154,0.0,0.0,2.344900274333576,-0.02959559732537053,-0.0030000000000001137,0.001000000000000112,KFNO,2
1.2565088664902986,-0.014689669017264992,0.0,0.0,2.447894848639332,-0.02944725577927514,-0.0030000000000001137,0.001000000000000112,KFNO,2
1.3097992463300845,-0.017737493124208758,0.0,0.0,2.5484751185456394,-0.0367293271832531,-0.0030000000000001137,0.001000000000000112,KFNO,2
1.3615909548632112,-0.018219593331623252,0.0,0.0,2.6514367187922083,-0.03664801733413571,-0.0030000000000001137,0.001000000000000112,KFNO,2
1.4131487674413281,-0.0182658347090319,0.0,0.0,2.754455430424323,-0.03656387255992325,-0.0030000000000001137,0.001000000000000112,KFNO,2
1.4646297125396668,-0.018278232817072276,0.0,0.0,2.857385480214048,-0.03657509772097665,-0.0030000000000001137,0.001000000000000112,KFNO,2
1.5145189782298774,-0.02109758253469825,0.0,0.0,2.9565047130466935,-0.04335390993186332,-0.0030000000000001137,0.001000000000000112,KFNO,2
1.5656972139508187,-0.021562847938596464,0.0,0.0,3.059395100155453,-0.043347115847345734,-0.0019999999999988916,0.001000000000000112,KFNO,2
1.6171439375011443,-0.02157800274456563,0.0,0.0,3.1623997612887047,-0.043198872762663106,-0.003999999999997783,0.001000000000000112,KFNO,2
1.6686289593287793,-0.021373777289029495,0.0,0.0,3.265385669700791,-0.04270230455388941,-0.003999999999997783,0.001000000000000112,KFNO,2
1.7185462803603127,-0.022859505271482717,0.0,0.0,3.3645709403364394,-0.046351750792302346,-0.0030000000000001137,0.0,KFNO,2
1.7697500395242933,-0.022614135651185793,0.0,0.0,3.4675113343694943,-0.04518034633002546,-0.0030000000000001137,0.0,KFNO,2
1.8211647568436646,-0.021900098169476894,0.0,0.0,3.5704281530136326,-0.0435625615541705,-0.0030000000000001137,0.0020000000000000018,KFNO,2
1.872637249744588,-0.020921823713432514,0.0,0.0,3.6733970677527426,-0.04149306811979311,-0.0030000000000001137,0.0020000000000000018,KFNO,2
1.9218308594936535,-0.021834861694103133,0.0,0.0,3.770840327523014,-0.04406246881013194,0.0,0.0040000000000000036,KFNO,2
1.9728870600264694,-0.020591142669186175,0.0,0.0,3.8737242563737544,-0.04072748591777772,0.0,0.0040000000000000036,KFNO,2
2.0242587525029343,-0.018754288950031717,0.0,0.0,3.9765983171465114,-0.0368026329807754,-0.0009999999999976694,0.008000000000000007,KFNO,2
2.075687152049867,-0.01652050169603704,0.0,0.0,4.0794785944620795,-0.03215326720907324,-0.0009999999999976694,0.008000000000000007,KFNO,2
2.124266044506032,-0.01583355858273463,0.0,0.0,4.17545607594224,-0.03136133986392883,-0.0009999999999976694,0.016000000000000014,KFNO,2
2.1752193779955014,-0.013164259900323685,0.0,0.0,4.278346254512507,-0.02522782432903027,-0.0009999999999976694,0.016000000000000014,KFNO,2
2.2265902458114533,-0.009871094195486343,0.0,0.0,4.381260936369033,-0.018355069172190087,-0.0019999999999988916,0.027000000000000135,KFNO,2
2.278027965901076,-0.006083714087308284,0.0,0.0,4.484164081409572,-0.010534136462662679,-0.0019999999999988916,0.027000000000000135,KFNO,2
2.3272604306675495,-0.0037953687845684817,0.0,0.0,4.5817156869862234,-0.00648794443105493,-0.0030000000000001137,0.04100000000000015,KFNO,2
2.378341946323985,0.000973713989408833,0.0,0.0,4.684644564569025,0.004066492323634727,-0.0030000000000001137,0.04100000000000015,KFNO,2
2.4297211253038613,0.006844202309016208,0.0,0.0,4.787526305456457,0.016321216188242733,-0.003999999999997783,0.05900000000000016,KFNO,2
2.481160957739956,0.013645324071155865,0.0,0.0,4.890431283536141,0.030390607451966405,-0.003999999999997783,0.05900000000000016,KFNO,2
2.530565990656207,0.018883995436039705,0.0,0.0,4.988399138436078,0.040373734923847646,-0.003999999999997783,0.05900000000000016,KFNO,2
2.581614801258835,0.0273471459737994,0.0,0.0,5.0911776569139064,0.05866252926519341,-0.0030000000000001137,0.08400000000000007,KFNO,2
2.6333869476063825,0.07875107987457422,0.0011043236015598479,0.09960842921660747,5.193910349812646,0.07887328284480419,-0.003999999999997783,0.11300000000000021,KFNO,2
2.684776711717612,0.11785528661020155,0.0010406993663688471,0.15102820073624826,5.29660237494376,0.10174789620265375,-0.003999999999997783,0.11300000000000021,KFNO,2
2.731010759477386,0.1494162947166988,0.0007174474487779579,0.19149613550552746,5.387271676650174,0.12216821197986127,-0.004999999999999005,0.15500000000000003,KFNO,2
2.781420092762282,0.18206919191710155,0.0006671747797061802,0.22974617659160881,5.489882166596956,0.15024740349041765,-0.004999999999999005,0.15500000000000003,KFNO,2
2.83270078174035,0.2152824912407207,0.0008451786605626607,0.2669601098143687,5.592643729051668,0.1803080118261318,-0.006000000000000227,0.20399999999999996,KFNO,2
2.8841192814817114,0.2502566490631831,0.001139462702456447,0.3052098970496787,5.695264506951206,0.2133473320677204,-0.006000000000000227,0.20399999999999996,KFNO,2
2.937766492001692,0.28209955213301546,0.0011522785968459178,0.34560511510083375,5.803502039497418,0.23610435150600623,-0.003999999999997783,0.26600000000000024,KFNO,2
2.989362653552798,0.32060951885490796,0.0009939632858606414,0.3878683552410336,5.906026429973472,0.2741249691997727,-0.003999999999997783,0.26600000000000024,KFNO,2
3.040554040854256,0.361546466053106,0.0007016857538471334,0.43119861976430474,6.008574010191576,0.31440237580971186,-0.006000000000000227,0.33699999999999997,KFNO,2
3.0915814713430008,0.4059640642092091,0.00036909526410107093,0.47895385786555433,6.110941366298126,0.35768610277638085,-0.006000000000000227,0.33699999999999997,KFNO,2
3.139640895254125,0.4482145152655117,0.00017143204556801421,0.528122398908003,6.2061004362216385,0.3930962209169126,-0.004999999999999005,0.41600000000000015,KFNO,2
3.1902453877968595,0.4970908785422493,5.146976503188827e-05,0.5805190339278293,6.308541846050528,0.4419267222883348,-0.004999999999999005,0.41600000000000015,KFNO,2
3.241364951155918,0.5489528712200721,-6.709173115439942e-05,0.6350358451301811,6.411199867556795,0.493328549851514,-0.007999999999999119,0.5080000000000002,KFNO,2
3.2925636750653355,0.6040173870324435,-9.322700841218651e-05,0.6930828285704678,6.5137602723259755,0.5477627269255838,-0.007999999999999119,0.5080000000000002,KFNO,2
3.341999535956313,0.6618203263949809,-0.00028078043744120566,0.7537877867721677,6.612215906390733,0.6049145924739622,-0.007999999999999119,0.6119999999999999,KFNO,2
3.3925414816481645,0.722089020753265,-0.0007234164421686627,0.8162748678053676,6.714348526049015,0.665161834440124,-0.007999999999999119,0.6119999999999999,KFNO,2
3.4431464457287753,0.785594963979237,-0.0013239847274425403,0.8830902979070531,6.816355082628411,0.7279231326289868,-0.007999999999999119,0.7270000000000001,KFNO,2
3.4937460890169074,0.8519662714841894,-0.0019836550820162974,0.9525569352884933,6.918411876244593,0.7936932193723689,-0.007999999999999119,0.7270000000000001,KFNO,2
3.539137883487174,0.9193926015757354,-0.0026946878731866257,1.0244207249599278,7.0079926162546675,0.8585575854515862,-0.007999999999999119,0.7270000000000001,KFNO,2
3.588636782809063,0.991083203940216,-0.0034820986587326764,1.099369257813441,7.109723993432192,0.9300943087816234,-0.009000000000000341,0.8510000000000002,KFNO,2
3.6387838569588475,1.0656578628201872,-0.0043640251641407675,1.1769546568541087,7.211466308596915,1.004341881410515,-0.012000000000000455,0.9890000000000001,KFNO,2
3.6889975926759204,1.1432682180066942,-0.0053294882822173695,1.2577173277257205,7.313224885712433,1.0816127681656797,-0.012000000000000455,0.9890000000000001,KFNO,2
3.7357227688042696,1.224487551255211,-0.0062582399841641595,1.340963268108863,7.406543320413712,1.163929916763748,-0.015999999999998238,1.1370000000000002,KFNO,2
3.7852413245013077,1.3079115164039101,-0.007273202089676627,1.4274335438089683,7.508181316653143,1.24690149952876,-0.015999999999998238,1.1370000000000002,KFNO,2
3.8352889836635278,1.3940026783103887,-0.008186721657562368,1.5163727866891736,7.609889583193826,1.332992210610708,-0.019999999999999574,1.2980000000000003,KFNO,2
3.885407323658141,1.482148289147525,-0.00900314377124445,1.606866539677447,7.711511083461712,1.4214542378197261,-0.019999999999999574,1.2980000000000003,KFNO,2
3.9333535873102403,1.5757764642322938,-0.009825032728674507,1.7028638236090423,7.807898131193891,1.5167804044978788,-0.021999999999998465,1.47,KFNO,2
3.9832220644490732,1.6703205856960328,-0.010527719751061912,1.8002802668351567,7.909801128383634,1.6107757052550988,-0.021999999999998465,1.47,KFNO,2
4.033420577350281,1.7671296534150809,-0.011197294403551246,1.9001695568956882,8.011722095000998,1.7073938524898282,-0.021000000000000796,1.652,KFNO,2
4.083618715098878,1.866307583074021,-0.011889742590780749,2.0023293872101497,8.11359225118504,1.8065561517123527,-0.021000000000000796,1.652,KFNO,2
4.130949151745902,1.9687243032124755,-0.012687130616662318,2.1070251245500193,8.208714445506166,1.9100587557447808,-0.022999999999999687,1.8459999999999999,KFNO,2
4.180241988347118,2.0732843682414086,-0.01363325983803288,2.214547549717714,8.309965006960345,2.014562932709357,-0.022999999999999687,1.8459999999999999,KFNO,2
4.229893489437264,2.180228741584322,-0.014566561130953169,2.324312346022929,8.411334828205431,2.1217338285492096,-0.023999999999997357,2.0469999999999997,KFNO,2
4.279431883361131,2.2895207366260593,-0.015763508998886816,2.436534359127826,8.512622371465584,2.2311511387745795,-0.023999999999997357,2.0469999999999997,KFNO,2
4.325772699101376,2.401367228708376,-0.01697868961981176,2.5511255959071963,8.60634454072025,2.3434315543643134,-0.027999999999998693,2.261,KFNO,2
4.374614773625953,2.5145691257619305,-0.01802475288954994,2.6661631287364544,8.707296414954433,2.4574202570097046,-0.027999999999998693,2.261,KFNO,2
4.423876584714813,2.631454071507706,-0.01934831672115324,2.787084721122237,8.808566816741184,2.5738433584853233,-0.030999999999998806,2.4850000000000003,KFNO,2
4.47322879464305,2.7499232442006867,-0.020543187065004055,2.9082399971578425,8.909865524777242,2.6923869590571243,-0.030999999999998806,2.4850000000000003,KFNO,2
4.519798125236424,2.8698288456122323,-0.022078177560716422,3.0311251546830853,9.004841449994116,2.812025297746996,-0.030999999999998806,2.4850000000000003,KFNO,2
4.568018854202583,2.992254625941143,-0.023968299582714257,3.1561865037760857,9.10530450054494,2.9348525605596096,-0.03399999999999892,2.716,KFNO,2
4.616337516167167,3.1168634690624413,-0.026065744417200172,3.2835669203070292,9.205626005476415,3.059605326018825,-0.036999999999999034,2.9590000000000005,KFNO,2
4.664512293435638,3.2434539759845813,-0.028441457976299645,3.4125802266474725,9.30590868705107,3.186581892140504,-0.036999999999999034,2.9590000000000005,KFNO,2
4.709428637545359,3.3705548946268515,-0.030947183964674364,3.5438851206624333,9.398626562505694,3.3116955031776376,-0.04100000000000037,3.21,KFNO,2
4.756741437127365,3.5012940093363993,-0.03379850856518401,3.6777299370959113,9.498736650291214,3.4426426841134083,-0.04100000000000037,3.21,KFNO,2
4.80445784248921,3.63407979308409,-0.0365467202210835,3.812974360173454,9.59885770679243,3.575664385655644,-0.047999999999998266,3.4670000000000005,KFNO,2
4.852340991487077,3.7679030498499784,-0.039069540098314454,3.9480030511774222,9.699058568862384,3.7105276701220316,-0.047999999999998266,3.4670000000000005,KFNO,2
4.898486470559273,3.9025414732615284,-0.04176931916355191,4.089279235917192,9.79523927021646,3.8406443533060224,-0.05299999999999727,3.731,KFNO,2
4.945793250474235,4.041354279649829,-0.04465429048648455,4.231015237379633,9.89505842186433,3.9798888616584267,-0.05299999999999727,3.731,KFNO,2
4.993269628571344,4.182185336341537,-0.04731677197211634,4.374027125101003,9.994694173448497,4.1210051853566885,-0.05699999999999861,4.005,KFNO,2
5.040870469649961,4.325575194125922,-0.04994431409205157,4.520165183024524,10.094554586624698,4.26427235529608,-0.05699999999999861,4.005,KFNO,2
5.086776136115188,4.468664740839898,-0.05260148363617134,4.66714472911251,10.190397033626244,4.404896252376011,-0.06299999999999883,4.288,KFNO,2
5.134081252401586,4.6156564148471535,-0.05518921970659235,4.8171841579868415,10.290129994607106,4.551839223049817,-0.06299999999999883,4.288,KFNO,2
5.181698045181469,4.764394993379862,-0.05775960416130903,4.967985994745513,10.390113577821705,4.700607200316232,-0.06799999999999784,4.578,KFNO,2
5.229347802004075,4.915456715336051,-0.060386301310268634,5.1217807039040455,10.490117255055416,4.851199119382335,-0.06799999999999784,4.578,KFNO,2
5.274560526784338,5.066264416791173,-0.06326935931260416,5.276540976309557,10.584562625586296,4.999221473746658,-0.0730000000000004,4.876,KFNO,2
5.3213159913479435,5.219346277461869,-0.06629444979081081,5.430452815632426,10.683728219830861,5.153530833856253,-0.0730000000000004,4.876,KFNO,2
5.367818847404148,5.3764938516130565,-0.07015380654589617,5.5913312504652275,10.78251902048782,5.309703747934043,-0.0799999999999983,5.180000000000001,KFNO,2
5.41419035377065,5.534978043127641,-0.07419956736673083,5.751948834442326,10.881313121545894,5.4676309757930595,-0.0799999999999983,5.180000000000001,KFNO,2
5.458957344476808,5.6946976668479685,-0.07858472399057682,5.913919793231876,10.976638023612901,5.626575640106109,-0.0799999999999983,5.180000000000001,KFNO,2
5.504919729739359,5.856675183726011,-0.08299722631938708,6.078041623073231,11.075424179906891,5.788200450760192,-0.08699999999999974,5.492,KFNO,2
5.551077050917621,6.020400406875336,-0.08759220853063515,6.243908568116461,11.174394250752663,5.95132112031607,-0.09600000000000009,5.813000000000001,KFNO,2
5.597359755058289,6.186043247875045,-0.09201960595648032,6.411612754379782,11.273396224566834,6.116449448803654,-0.09600000000000009,5.813000000000001,KFNO,2
5.64285834112432,6.352355107081771,-0.09635276998429666,6.580469842787775,11.37036137486439,6.281195989093356,-0.10299999999999798,6.138,KFNO,2
5.689115354314653,6.521242012857966,-0.10049449208856,6.751410456084587,11.469189647873586,6.449718281508886,-0.10299999999999798,6.138,KFNO,2
5.735536882097173,6.691914884516551,-0.10454371116676577,6.923881987825166,11.568010325842023,6.6199117250454,-0.10899999999999821,6.473000000000001,KFNO,2
5.78208096761001,6.863214027337442,-0.1083273514054075,7.095408140471322,11.666766438009745,6.791772928242142,-0.10899999999999821,6.473000000000001,KFNO,2
5.824220649164618,7.0386286225535555,-0.11246844359906497,7.27412802579542,11.755235904585959,6.966084927869108,-0.11199999999999832,6.809000000000001,KFNO,2
5.870066471577347,7.214863014926346,-0.11641846645961874,7.451978935499199,11.854002779397401,7.141435667914806,-0.11199999999999832,6.809000000000001,KFNO,2
5.916347923573389,7.3929942490245235,-0.12056800362266429,7.632042152205663,11.95257873876884,7.3188030053889985,-0.12099999999999866,7.1579999999999995,KFNO,2
5.962249151362064,7.572603896679309,-0.1251612810179502,7.813128139653672,12.050486366991144,7.497895559876236,-0.12099999999999866,7.1579999999999995,KFNO,2
6.007167501459085,7.752854715948138,-0.13038978016263778,7.997160585493754,12.1467763699288,7.6749386122998535,-0.1269999999999989,7.51,KFNO,2
6.05232861154595,7.936148268764366,-0.13579129890869063,8.182105044995103,12.244123925301274,7.8581029478981534,-0.1269999999999989,7.51,KFNO,2
6.097438310612897,8.122258463042925,-0.14139847855373414,8.370809554523536,12.341422336531412,8.043016351462525,-0.13599999999999923,7.873000000000001,KFNO,2
6.1427852150620055,8.30919570435238,-0.14666707024131662,8.558233280713626,12.438929558330713,8.230009788884997,-0.13599999999999923,7.873000000000001,KFNO,2
6.184722427876505,8.500019894204247,-0.1521832284870621,8.749579921770705,12.528387421079413,8.422101383406915,-0.14899999999999736,8.243,KFNO,2
6.22976548793822,8.690816996907992,-0.15733962565355522,8.940249422311975,12.626136462956126,8.613147046276618,-0.14899999999999736,8.243,KFNO,2
6.275119013160513,8.885563488412002,-0.16290257249990084,9.1381366438995,12.723825843431557,8.806509779410415,-0.15700000000000003,8.619,KFNO,2
6.32098356902907,9.080685688275377,-0.16757959429642197,9.333395328114078,12.821699519169018,9.001751629155969,-0.15700000000000003,8.619,KFNO,2
6.362534216958867,9.280471102477597,-0.17267424687394137,9.53645581918878,12.909435373482408,9.200279991664118,-0.15700000000000003,8.619,KFNO,2
6.407550995355234,9.480787161994007,-0.17776291568270156,9.73812328824259,13.007004290882362,9.399519518690893,-0.17099999999999937,9.402000000000001,KFNO,2
6.452603953915062,9.682899418767507,-0.18334793778519792,9.941857271882336,13.103826160800848,9.600800796499033,-0.17099999999999937,9.402000000000001,KFNO,2
6.497380618089348,9.886976894456007,-0.18933977302741806,10.147956582630876,13.200336399369386,9.803702960260413,-0.17099999999999937,9.402000000000001,KFNO,2
6.539182883610611,10.092163124765046,-0.19523478656342663,10.35494509605196,13.289697600346665,10.007565796762478,-0.18099999999999739,9.804,KFNO,2
6.583608832021512,10.299379158636201,-0.20116174357197672,10.56381350945835,13.386415260591846,10.213977809589917,-0.18099999999999739,9.804,KFNO,2
6.628300208784506,10.508556696144039,-0.20724556619010942,10.774718981355315,13.482912802943225,10.422238587592823,-0.19500000000000028,10.213000000000001,KFNO,2
6.673146474099652,10.718653575656033,-0.2130981264730901,10.985241286321333,13.579409934437868,10.632281009932424,-0.19500000000000028,10.213000000000001,KFNO,2
6.716778370584077,10.930140918753866,-0.21926029935653613,11.201192145567074,13.673216403169292,10.839862366022425,-0.20400000000000063,10.628,KFNO,2
6.761649165917609,11.14435054634539,-0.22518701968508342,11.417168964035286,13.77015834483822,11.053410305528727,-0.20400000000000063,10.628,KFNO,2
6.806689714901946,11.360467453588981,-0.23139393647183676,11.63474249411671,13.867288540712138,11.268831564527678,-0.2129999999999974,11.051,KFNO,2
6.851285450166967,11.578211690051297,-0.2381925582728754,11.853979652463444,13.963846525899843,11.485722401064097,-0.2129999999999974,11.051,KFNO,2
6.897054251963034,11.797374322609274,-0.24632829664516254,12.074793380884822,14.06467256627471,11.703786017599558,-0.22199999999999775,11.482000000000001,KFNO,2
6.94074288042421,12.018169183479488,-0.2554064138584801,12.296860533075117,14.161000338119358,11.923939583103886,-0.22199999999999775,11.482000000000001,KFNO,2
6.983317392997155,12.241363475656884,-0.26645923403252303,12.522270220117415,14.257374889744382,12.145868909313718,-0.23300000000000054,11.92,KFNO,2
7.025704634503877,12.464330057505867,-0.2771854145484981,12.745217225345403,14.353347162788639,12.368719739628915,-0.23300000000000054,11.92,KFNO,2
7.065147081281687,12.69093208869526,-0.2887329435725443,12.970586440878025,14.443150993003254,12.598012312853943,-0.24399999999999977,12.361,KFNO,2
7.10703053869667,12.91591243429488,-0.29911918476851873,13.19429151118788,14.538673088635568,12.823565758711583,-0.24399999999999977,12.361,KFNO,2
7.1493878358326715,13.144018611816225,-0.3096110527133034,13.42478385096561,14.634521481356066,13.050540257580291,-0.254999999999999,12.808,KFNO,2
7.192812423908184,13.372774801427052,-0.31845073168507876,13.654249864284921,14.731060728749432,13.278817177782786,-0.254999999999999,12.808,KFNO,2
7.235110274927486,13.600344350464695,-0.32640381481911174,13.884836971834837,14.82359783752009,13.502832181528026,-0.254999999999999,12.808,KFNO,2
7.278922569303778,13.830455187985406,-0.3340212239586718,14.1159553827285,14.919826593152031,13.732950788466798,-0.2729999999999997,13.72,KFNO,2
7.322881144865165,14.061750584578157,-0.3416635538123074,14.348488528403278,15.015840574238936,13.96345645785777,-0.2729999999999997,13.72,KFNO,2
7.3670471122273105,14.29369446163567,-0.3491243625154927,14.581349362168039,15.112090920856392,14.194710224401758,-0.2729999999999997,13.72,KFNO,2
7.410271434557147,14.523256242942645,-0.3560868224375778,14.814470701850684,15.205485618097564,14.419682189632749,-0.2809999999999988,14.180000000000001,KFNO,2
7.454805195250921,14.755798748678588,-0.36298708107849015,15.048452380178206,15.30229944177408,14.65198377469462,-0.2809999999999988,14.180000000000001,KFNO,2
7.499471564749501,14.989259622556153,-0.3701294901162953,15.282711492728307,15.399157310419112,14.884986282614003,-0.29199999999999804,14.641,KFNO,2
7.544316739075015,15.222159082548668,-0.3768505248610693,15.514466747465798,15.495948630094842,15.118758547096553,-0.29199999999999804,14.641,KFNO,2
7.586623969307312,15.458806191845943,-0.38571386222344184,15.752436012396373,15.588747864820906,15.355586902251527,-0.2989999999999995,15.104000000000001,KFNO,2
7.630238535052542,15.694558699791742,-0.3945593084117493,15.988156345833847,15.685552757496943,15.590975855589981,-0.2989999999999995,15.104000000000001,KFNO,2
7.673038235378075,15.930433185244441,-0.40550326152569344,16.22414267578925,15.782016341876325,15.826753830229759,-0.3039999999999985,15.574,KFNO,2
7.715345886105096,16.166466862411077,-0.4172387162401902,16.459738456335526,15.878384382240753,16.063260602142943,-0.3039999999999985,15.574,KFNO,2
7.753646975108339,16.40207076890153,-0.4318207032978041,16.69486878957966,15.968188857790945,16.299120292769793,-0.31299999999999883,16.044999999999998,KFNO,2
7.79402972015716,16.638265549312205,-0.4469267391951014,16.930077245047357,16.06497092007566,16.53653928357022,-0.31299999999999883,16.044999999999998,KFNO,2
7.833986874696412,16.874057827018248,-0.46377516816325076,17.16400163747325,16.161694594376534,16.774012874799567,-0.3200000000000003,16.517,KFNO,2
7.87417735292434,17.110545571986293,-0.4803830566523609,17.399018486282216,16.25889208844378,17.012243249848073,-0.3200000000000003,16.517,KFNO,2
7.912371553146283,17.34269987801065,-0.496782835196708,17.63218765481871,16.350996826325822,17.24156656407946,-0.32399999999999807,16.988999999999997,KFNO,2
7.953835135662541,17.577568180735508,-0.5112284345344199,17.864199217653407,16.449734297736015,17.480414304450473,-0.32399999999999807,16.988999999999997,KFNO,2
7.9954880704015325,17.81298451652026,-0.5267853733118307,18.096491969975535,16.548804782425872,17.719161963944217,-0.3249999999999993,17.464,KFNO,2
8.036984889240031,18.0499099319167,-0.5429009828729636,18.33188437495669,16.64798724400874,17.958224715282892,-0.3249999999999993,17.464,KFNO,2
8.081146441813049,18.282782519532503,-0.558376415967645,18.564095654662594,16.752926724630473,18.19007436284604,-0.3249999999999993,17.464,KFNO,2
8.123870218309127,18.517481892428318,-0.5731193708081015,18.795304129710182,16.852737621317022,18.428988228376546,-0.32099999999999795,17.944,KFNO,2
8.166326253449117,18.752029715495485,-0.5882264299803477,19.025414321620225,16.95278483302516,18.667889394719133,-0.31700000000000017,18.421999999999997,KFNO,2
8.209567172998478,18.986580382243528,-0.6021549332363667,19.255534959033515,17.053622296354796,18.90685536713964,-0.31700000000000017,18.421999999999997,KFNO,2
8.251388531268299,19.217623467394944,-0.6155833297466436,19.483971091158597,17.150255458456748,19.139028854066677,-0.31299999999999883,18.898,KFNO,2
8.295826135339759,19.45072969919832,-0.628106381096197,19.71225692340674,17.252789518888356,19.377801872517633,-0.31299999999999883,18.898,KFNO,2
8.341187461354151,19.683566674811868,-0.6400571476985154,19.939079906292655,17.3559693969189,19.616521563106843,-0.3019999999999996,19.372999999999998,KFNO,2
8.388073319071829,19.91515366687139,-0.6490588165881059,20.163025914615442,17.45949376997088,19.855212599689576,-0.3019999999999996,19.372999999999998,KFNO,2
8.434116008505985,20.147189010330646,-0.6615439975527342,20.38904793150603,17.563924418069522,20.09341284085772,-0.2859999999999978,19.848,KFNO,2
8.481803079796615,20.37875271988411,-0.6704734489338355,20.613554703822395,17.669029390987582,20.331818400466076,-0.2859999999999978,19.848,KFNO,2
8.530928548490879,20.60911032555923,-0.6776814459492172,20.835574319786904,17.775232639579592,20.569989794585506,-0.2699999999999996,20.323999999999998,KFNO,2
8.58137630195707,20.8394185555401,-0.6834388356838442,21.05803175078553,17.88261380089439,20.808098082117,-0.2699999999999996,20.323999999999998,KFNO,2
8.630470195147579,21.065937952957395,-0.6867720451707945,21.278827324887096,17.98381930305483,21.038730060983564,-0.24899999999999878,20.799,KFNO,2
8.683503935130929,21.294872946087377,-0.6888402480320961,21.499716707764883,18.093708662272245,21.276690438387543,-0.24899999999999878,20.799,KFNO,2
8.739149159982288,21.523329553034355,-0.6875389167611219,21.718600325882655,18.204981241456466,21.514486857198804,-0.21999999999999886,21.272,KFNO,2
8.79635918230423,21.75137573869849,-0.6847279331381473,21.93677267048782,18.317508211522313,21.752189219521103,-0.21999999999999886,21.272,KFNO,2
8.852204940067109,21.976561600988713,-0.680934628293757,22.153284486182727,18.425188092009744,21.984801675866454,-0.18299999999999983,21.744999999999997,KFNO,2
8.911551153666334,22.202276898276942,-0.6738989700222573,22.367386406963508,18.538510301922816,22.22231034008463,-0.18299999999999983,21.744999999999997,KFNO,2
8.971299499486689,22.42727640274097,-0.66769991087383,22.57935988729617,18.652309960322164,22.459976726930563,-0.14499999999999957,22.218999999999998,KFNO,2
9.033065334137614,22.651597969399276,-0.6573581852644212,22.789884682927262,18.766628673989576,22.697758638759872,-0.14499999999999957,22.218999999999998,KFNO,2
9.094354283215988,22.870190802619383,-0.6441373535287419,22.998184134278336,18.87614206237177,22.924203315891038,-0.14499999999999957,22.218999999999998,KFNO,2
9.160435333055487,23.092330909101875,-0.6267767361385799,23.20632088181604,18.993199043403838,23.161763039117663,-0.14499999999999957,22.218999999999998,KFNO,2
9.229941919590717,23.314375152589438,-0.6049848853106354,23.41296345542443,19.11218887194098,23.39909924300817,-0.06400000000000006,23.168999999999997,KFNO,2
9.301947206088162,23.536549612953078,-0.5805339993620086,23.620295436012317,19.233205642871322,23.636083584829098,-0.06400000000000006,23.168999999999997,KFNO,2
9.372517678853878,23.75796501427184,-0.5513010502049218,23.8278608778651,19.345054958100178,23.870921313278792,-0.012000000000000455,23.642999999999997,KFNO,2
9.449260791375892,23.97996823074196,-0.5187705805913119,24.035489195574176,19.46888557392781,24.107474985881296,-0.012000000000000455,23.642999999999997,KFNO,2
9.528896840370622,24.201864253057753,-0.48263338695089,24.24278609141539,19.593705287688728,24.343818696410253,0.05100000000000193,24.113999999999997,KFNO,2
9.612035021049604,24.424265864373307,-0.4401639551633316,24.451425546923755,19.719471883016972,24.580077076672147,0.05100000000000193,24.113999999999997,KFNO,2
9.696483631734543,24.64226970752526,-0.39505817749845995,24.657888890372863,19.844377254621637,24.8076672190315,0.05100000000000193,24.113999999999997,KFNO,2
9.785377510865942,24.863986032555083,-0.3429428189500663,24.86687436462272,19.972452228964716,25.043518377158172,0.11700000000000088,24.584999999999997,KFNO,2
9.877433989784627,25.08559605321366,-0.28614141288408834,25.07429679689301,20.101681223504105,25.279122909484546,0.18400000000000105,25.052999999999997,KFNO,2
9.973811595279322,25.30853713413577,-0.2215471746816259,25.285085124191554,20.232251302035944,25.51461183411325,0.18400000000000105,25.052999999999997,KFNO,2
10.07246273688135,25.531107119787748,-0.14950935404120966,25.49811545095244,20.359155288793144,25.746385882147074,0.25800000000000267,25.52,KFNO,2
10.176393292657986,25.756453279628772,-0.07213584148622736,25.714713140412158,20.49248868201512,25.981453827101564,0.25800000000000267,25.52,KFNO,2
10.283928319623207,25.984570523418235,0.010770231154833082,25.93689942702189,20.62689146102007,26.2164432294114,0.33699999999999974,25.988,KFNO,2
10.39496190756885,26.215350033966356,0.0994338798066854,26.16455065426334,20.762505284893873,26.451236003243167,0.33699999999999974,25.988,KFNO,2
10.505948236680123,26.447271264717177,0.1929912999718425,26.400666658227642,20.89173880614467,26.679186907923395,0.4209999999999994,26.453999999999997,KFNO,2
10.622136961814482,26.685821413628442,0.28967400485057,26.645923144615107,21.030296384686906,26.913560617842577,0.4209999999999994,26.453999999999997,KFNO,2
10.741543935473963,26.928756653963806,0.39060322669940234,26.899209450922733,21.17026626317938,27.147724646397936,0.5109999999999992,26.915999999999997,KFNO,2
10.861540210861282,27.17795029076425,0.49059010420103205,27.16576770650513,21.3113289471865,27.381881874245142,0.5109999999999992,26.915999999999997,KFNO,2
10.978219232713895,27.42861624648671,0.585521498927366,27.443121679403433,21.449169494165055,27.606205604521488,0.5109999999999992,26.915999999999997,KFNO,2
11.097036377309612,27.68584371581589,0.6796985400753266,27.727136229637303,21.594104317003044,27.839160839711013,0.5109999999999992,26.915999999999997,KFNO,2
11.211779300156943,27.94576028367607,0.7616559331489103,28.015117023052834,21.740598713378343,28.071897126598973,0.6039999999999992,27.383,KFNO,2
11.322951077392794,28.20703410493486,0.8356163801291163,28.305751003810492,21.88800488541728,28.304192763559662,0.7059999999999995,27.845,KFNO,2
11.428003175670234,28.468839135852456,0.9003343773745476,28.59476864545362,22.031299691169465,28.53884338991992,0.7059999999999995,27.845,KFNO,2
11.531786756266,28.73065976267811,0.9579693235524053,28.886331490191363,22.180901982329708,28.770856237298545,0.8150000000000013,28.305999999999997,KFNO,2
11.63256916091397,28.99181199950205,1.0078241106347006,29.176529376177033,22.33155635269641,29.002616394543825,0.929000000000002,28.762999999999998,KFNO,2
11.729498987530818,29.252069812949003,1.0486848336533527,29.465043659092185,22.483102088120607,29.23419406317401,0.929000000000002,28.762999999999998,KFNO,2
11.81965336671418,29.5116465417518,1.0869802681268994,29.752427543999804,22.622443248549377,29.465631321358394,0.929000000000002,28.762999999999998,KFNO,2
11.911333799237688,29.768967413870747,1.1172490261223167,30.034963838964607,22.7759905666107,29.696868501132997,1.0400000000000027,29.221,KFNO,2
12.002567003816532,30.023005654351888,1.1445262491190162,30.31073822801267,22.930898030833966,29.92784682603151,1.1550000000000011,29.68,KFNO,2
12.093515588781203,30.27421568333405,1.170057121073762,30.58131074288769,23.087070006089036,30.158551276535988,1.1550000000000011,29.68,KFNO,2
12.183186481573431,30.519832600560918,1.1969461734928402,30.844325729474143,23.23893487197779,30.384475110645802,1.277000000000001,30.135999999999996,KFNO,2
12.27642339829287,30.763302105592757,1.225128548496384,31.100396636294576,23.398587015696407,30.61449678015115,1.277000000000001,30.135999999999996,KFNO,2
12.371494225936269,31.004364881472263,1.2557216405427112,31.35191192486703,23.55889627325774,30.84410980229516,1.402000000000001,30.592,KFNO,2
12.468271368323107,31.242692754363592,1.2896912390855766,31.59787521530969,23.719238898602036,31.073650610470565,1.402000000000001,30.592,KFNO,2
12.563746891406025,31.4768735119024,1.3249690123926094,31.843138031253265,23.874522927836114,31.294975957954307,1.5300000000000011,31.049,KFNO,2
12.661633991915082,31.71059605853386,1.3601446976491849,32.08117963854732,24.03621858689361,31.524153192039037,1.5300000000000011,31.049,KFNO,2
12.761510396326166,31.945771465660016,1.398122397467334,32.323152221841006,24.19897969310578,31.75307269656705,1.6600000000000001,31.501999999999995,KFNO,2
12.863366695957247,32.17892924789016,1.439090716636738,32.559889468604645,24.36269613448121,31.98175825757073,1.6600000000000001,31.501999999999995,KFNO,2
12.96329730762149,32.41041931471469,1.4843667240136234,32.79527766848248,24.51676030172154,32.20855452920796,1.6600000000000001,31.501999999999995,KFNO,2
13.070850767642446,32.64096433969155,1.537716777697026,33.02802133433905,24.68172074855344,32.43649248848508,1.6600000000000001,31.501999999999995,KFNO,2
13.181820261098892,32.8707230778518,1.5956883193306786,33.25953497432028,24.847372852266645,32.66406756481124,1.7910000000000004,31.958,KFNO,2
13.296206766021445,33.09927953350748,1.6597410110874622,33.48884160028099,25.013828099116836,32.89125251612223,1.9250000000000007,32.412,KFNO,2
13.409932925578916,33.32675852473327,1.7254898827762706,33.7183383639007,25.17571449114274,33.116088324073914,2.0630000000000006,32.862,KFNO,2
13.52675047322227,33.554281463538935,1.7931313749161775,33.94649491212548,25.343349261496652,33.34285278507462,2.0630000000000006,32.862,KFNO,2
13.643754483640063,33.782249234670104,1.8599391249907367,34.17560478629205,25.51108258709512,33.56967892789812,2.200000000000001,33.311,KFNO,2
13.760295573738395,34.00865825845078,1.9254528696771436,34.40089781204231,25.678886930238267,33.79638339327773,2.200000000000001,33.311,KFNO,2
13.875458256226077,34.23509037522398,1.991419988810512,34.631896414595424,25.84311251862315,34.018076625959935,2.3360000000000003,33.762,KFNO,2
13.9918229841086,34.46263187209726,2.057021025294647,34.860733349086,26.01108552943134,34.2446366133134,2.3360000000000003,33.762,KFNO,2
14.108431506849875,34.69033227421172,2.1229462267099914,35.08940398311181,26.178827807181946,34.47128410685559,2.4680000000000017,34.214,KFNO,2
14.22636850324253,34.918139134212396,2.1915133765783805,35.318538165559765,26.346994991334604,34.69767466533303,2.4680000000000017,34.214,KFNO,2
14.342436233477285,35.143403116999515,2.260656294492856,35.54385631673453,26.509567861668202,34.92167716903646,2.6030000000000015,34.665,KFNO,2
14.462661663086614,35.369617089034385,2.333574766907082,35.770437922843605,26.679054422971504,35.147815661574654,2.6030000000000015,34.665,KFNO,2
14.583614382648015,35.59591946086341,2.406908998944586,35.997134226482046,26.848268232176604,35.37360976849644,2.74,35.115,KFNO,2
14.70491630835502,35.82191872531332,2.48106992189818,36.22262989044825,27.017194902115577,35.599835524873036,2.74,35.115,KFNO,2
14.82413886793477,36.0454549441555,2.554158667864996,36.44600011076468,27.18204674164535,35.82235620166804,2.8750000000000018,35.565999999999995,KFNO,2
14.945212567187145,36.270925056596376,2.6284579522675315,36.67154926721194,27.350944485383323,36.04841928633424,2.8750000000000018,35.565999999999995,KFNO,2
15.066670234190271,36.49788629562181,2.7027794925229007,36.900049782028276,27.520004335025458,36.274317435656805,3.0060000000000002,36.016999999999996,KFNO,2
15.18693000834081,36.722959010326804,2.774795309588325,37.123274149684796,27.68829663834802,36.50032384708825,3.0060000000000002,36.016999999999996,KFNO,2
15.305249183135462,36.94945920704981,2.847596140619115,37.3520666382228,27.851638665315903,36.7249782450932,3.0060000000000002,36.016999999999996,KFNO,2
15.425030525684852,37.17604241414823,2.9202521849147907,37.579131102393816,28.01931991924715,36.95103482525012,3.0060000000000002,36.016999999999996,KFNO,2
15.544295249240513,37.40171224398793,2.991529967744188,37.80392880804791,28.186567584590783,37.17709861725444,3.1380000000000017,36.472,KFNO,2
15.663681099803945,37.62779617187203,3.063046570144274,38.029907876146176,28.354069991449297,37.403364636362234,3.2670000000000012,36.923,KFNO,2
15.77952605511309,37.852031287598265,3.133898297804665,38.25650216459851,28.513676190671994,37.62436168383642,3.394,37.376,KFNO,2
15.897358952419673,38.07811358696219,3.203955889477516,38.482778218540425,28.680213993549557,37.850964031129855,3.394,37.376,KFNO,2
16.015076366186825,38.30472770915448,3.273546904175064,38.70949139109141,28.846154527178108,38.07762915483449,3.5220000000000002,37.829,KFNO,2
16.132976931328916,38.53075517148084,3.3440635230138924,38.93415041025376,29.01162919555362,38.30472633619982,3.5220000000000002,37.829,KFNO,2
16.25055789242688,38.75635650022065,3.417560965871897,39.16140663521067,29.173287642860654,38.52843440956371,3.6480000000000015,38.284,KFNO,2
16.370909392068057,38.981001771718425,3.4945915107987484,39.38306065782836,29.338160417733366,38.75564916029421,3.6480000000000015,38.284,KFNO,2
16.49292330697329,39.20506158558739,3.574340403867355,39.60367048983504,29.503254041791283,38.98285446311931,3.769,38.739,KFNO,2
16.617603847059215,39.42704771712989,3.6596011611210946,39.81939886484149,29.66857692646488,39.210181298594456,3.769,38.739,KFNO,2
16.739934848980685,39.64615991924349,3.7452988259031783,40.031681762193365,29.826827936965827,39.43480317539541,3.8880000000000017,39.193,KFNO,2
16.866442760680076,39.86344204126609,3.834841134032388,40.23780522237094,29.992149120028518,39.66242752900998,3.8880000000000017,39.193,KFNO,2
16.992556679428233,40.07976809720205,3.922823661509477,40.44181234681614,30.15651821005646,39.890532177822124,4.006,39.649,KFNO,2
17.117786709974045,40.29319692081982,4.010168795211751,40.63876655364364,30.319532236024884,40.119101146191234,4.006,39.649,KFNO,2
17.239046511692248,40.50648400185402,4.09401168447036,40.83551164461205,30.47690990801772,40.3486945738681,4.1190000000000015,40.108,KFNO,2
17.358369580755745,40.718617890687334,4.171793026579615,41.02949635696977,30.63718968352333,40.57838793296594,4.1190000000000015,40.108,KFNO,2
17.47627065201767,40.93374343239749,4.248424278204137,41.23096488909344,30.79598494336242,40.80829885153428,4.220000000000001,40.568,KFNO,2
17.58948170415778,41.15143741042413,4.315971246891954,41.43667889395074,30.953129524466824,41.03892588954666,4.220000000000001,40.568,KFNO,2
17.697520963580235,41.3719462318791,4.38098988537768,41.64699342611319,31.102164127436826,41.27073373176689,4.220000000000001,40.568,KFNO,2
17.80495891665823,41.59333014441109,4.441212958822868,41.85855361439618,31.256466537421424,41.50235702137869,4.312000000000001,41.033,KFNO,2
17.91138304701133,41.815370044539925,4.500109894911419,42.07094825903102,31.40988689708295,41.73437200857402,4.3980000000000015,41.498,KFNO,2
18.0161076126516,42.03710773712861,4.5562649595571685,42.281776504811035,31.562353118787378,41.966958587748884,4.3980000000000015,41.498,KFNO,2
18.118273565530703,42.25616894454374,4.610531720614331,42.49217182339835,31.711209406601498,42.19365446519326,4.4830000000000005,41.966,KFNO,2
18.217462097701286,42.47626357710153,4.6581569889421655,42.699252275664605,31.860611990860566,42.42725146337863,4.4830000000000005,41.966,KFNO,2
18.314353098797195,42.69637996969412,4.703271366431525,42.905518664584925,32.00813981225973,42.661323827574776,4.564000000000002,42.433,KFNO,2
18.40882209067232,42.91673156390482,4.745090164477952,43.112002524707876,32.15404383733784,42.89574917207903,4.564000000000002,42.433,KFNO,2
18.499264281468776,43.13726640569316,4.7839229964070205,43.32119959237808,32.294215460707065,43.12780577438806,4.634,42.903999999999996,KFNO,2
18.58994332699324,43.360818978692485,4.822605211935091,43.534412587008504,32.43666707326675,43.36311055329103,4.634,42.903999999999996,KFNO,2
18.67796173077127,43.587181209501416,4.856705294109291,43.752667641489694,32.57722683047278,43.59888153849885,4.6960000000000015,43.376,KFNO,2
18.76618816800592,43.81727468686962,4.894173920462999,43.978386277496625,32.71592385352274,43.83508031362539,4.6960000000000015,43.376,KFNO,2
18.848637960337417,44.04880072013625,4.930758499787518,44.20856085102986,32.84155849374331,44.06869286372378,4.750000000000002,43.85,KFNO,2
18.9349272937242,44.2840426991107,4.968495122733575,44.44378045924905,32.97744625625708,44.30575957309877,4.750000000000002,43.85,KFNO,2
19.02035811745709,44.520565170727004,5.0046025518026545,44.68012113559615,33.11142671160453,44.54319382063241,4.799000000000001,44.324999999999996,KFNO,2
19.103082827330955,44.75857695248197,5.036432662780446,44.91931622187342,33.24354437847683,44.78081890828641,4.799000000000001,44.324999999999996,KFNO,2
19.182990977480728,44.99730648544367,5.068195237639864,45.15877351470065,33.37001030192616,45.01931423514402,4.844000000000001,44.803,KFNO,2
19.264201496261766,45.23847165615885,5.101513349706203,45.403938431856446,33.499133556216854,45.257726435571904,4.844000000000001,44.803,KFNO,2
19.34427776799854,45.48098755127685,5.133366539995954,45.65139557227141,33.62651126618178,45.496064809849045,4.884,45.281,KFNO,2
19.42374183973547,45.726079114117816,5.165644086261617,45.90410693275997,33.752451944914725,45.734806772016455,4.884,45.281,KFNO,2
19.49519563597173,45.96985791792886,5.197002240823302,46.15831859095481,33.860337861688784,45.96776183121906,4.884,45.281,KFNO,2
19.572165868424293,46.21746042928704,5.2285196841206645,46.41689857626491,33.9843633171407,46.20626505976065,4.916,45.757999999999996,KFNO,2
19.647717718931876,46.46588540571616,5.255901663483355,46.67605380318808,34.107026970444224,46.44450043830549,4.950000000000001,46.235,KFNO,2
19.722003107118514,46.71570594586967,5.282358336544924,46.93803893978381,34.22814532024401,46.68293156833294,4.950000000000001,46.235,KFNO,2
19.79321461628212,46.96467445529216,5.306782899151917,47.2003153969011,34.34441198453242,46.91842825820706,4.981000000000002,46.713,KFNO,2
19.864002022261538,47.21521687458681,5.328531995485711,47.464247738900966,34.46354651090926,47.15644154989264,4.981000000000002,46.713,KFNO,2
19.933991382970508,47.46606678233951,5.349605717159996,47.72833578071986,34.5816110383391,47.39438378473903,5.0070000000000014,47.189,KFNO,2
20.001209917458258,47.71662998545757,5.365407391847303,47.99190594140735,34.69863683913651,47.63200248867804,5.0070000000000014,47.189,KFNO,2
20.06286447347637,47.9656794838922,5.381450459363824,48.25568267860623,34.80316494474554,47.865865501552776,5.031000000000001,47.664,KFNO,2
20.1265697686227,48.21586764271008,5.393644756132862,48.51954986417928,34.9185935748295,48.10308715964363,5.031000000000001,47.664,KFNO,2
20.189756204678023,48.465986802780705,5.40458656958965,48.78311727664123,35.03327663574693,48.33992735346757,5.054,48.138,KFNO,2
20.25076353199301,48.71568666388271,5.411875492345913,49.04565019225493,35.14662047892419,48.576795409831,5.073,48.61,KFNO,2
20.309190425108167,48.9612641224997,5.4193625861016015,49.30771024541693,35.25441075831614,48.80436457702117,5.073,48.61,KFNO,2
20.368835359261052,49.20944888162594,5.425003330815599,49.56923190321613,35.3680321692484,49.040479402863916,5.073,48.61,KFNO,2
20.427579903356044,49.45686948197508,5.427806741598994,49.828114877878576,35.48186647094335,49.27628624799598,5.090000000000002,49.085,KFNO,2
20.48554504987135,49.70434790818173,5.429468108608389,50.08765605685449,35.595352307545,49.51188201878723,5.090000000000002,49.085,KFNO,2
20.5398885605059,49.95057271409703,5.428417809309695,50.34571004562495,35.703192279764004,49.745891279349834,5.110000000000001,49.555,KFNO,2
20.59421858782581,50.197289173500465,5.425497262478886,50.604473623306944,35.81426783192452,49.98092807228518,5.110000000000001,49.555,KFNO,2
20.64828541897073,50.44337834293426,5.42207965338797,50.862233453055076,35.92522987254756,50.21524134943936,5.127000000000001,50.025,KFNO,2
20.70161940371877,50.68706855594236,5.416795985725743,51.11496069297163,36.036420392123865,50.449045511260614,5.127000000000001,50.025,KFNO,2
20.749094793339108,50.92896048707292,5.412764504528735,51.36564328925552,36.13266062126316,50.681500696242104,5.127000000000001,50.025,KFNO,2
20.801559773106177,51.169539945617394,5.4087309932074294,51.61374199343351,36.2430608043679,50.914209115334124,5.144,50.492999999999995,KFNO,2
20.854845011101474,51.409193275178175,5.405100254907029,51.86028783965689,36.353193591419114,51.146708449261226,5.16,50.958999999999996,KFNO,2
20.908363576520916,51.64773137467567,5.40160914897955,52.105057317312244,36.463466505353296,51.37865692267996,5.16,50.958999999999996,KFNO,2
20.95911165604874,51.885148342003035,5.397609464651147,52.34749014366124,36.56755978833615,51.61066804034079,5.176,51.423,KFNO,2
21.01150792112467,52.12162117416661,5.393806222937536,52.58900732093437,36.676455605352,51.84181515112977,5.176,51.423,KFNO,2
21.064251555680674,52.357379427039795,5.390565105912261,52.829769850446525,36.78502928083145,52.0723576353926,5.188000000000001,51.885999999999996,KFNO,2
21.116914950593713,52.59186412339208,5.387073415541576,53.068050533051334,36.893548764921874,52.302593135075824,5.188000000000001,51.885999999999996,KFNO,2
21.165729924704674,52.82516019758992,5.383794666652114,53.305603830714446,36.9927021941314,52.53118454221384,5.199000000000002,52.347,KFNO,2
21.217185372427657,53.05828018726085,5.380613964657903,53.54259248105991,37.09953119277037,52.760460355140765,5.199000000000002,52.347,KFNO,2
21.26984558992914,53.292693460518805,5.379352541981432,53.78321073131225,37.20636231979718,52.989271858154105,5.209000000000001,52.804,KFNO,2
21.32216229955006,53.52282690907047,5.375833333083046,54.01330121108171,37.31415452266217,53.21773386879346,5.209000000000001,52.804,KFNO,2
21.37008929658346,53.75188503978507,5.375050440064295,54.24577514912076,37.40889221980249,53.44295250801051,5.216000000000001,53.260999999999996,KFNO,2
21.422898246505866,53.98134454868965,5.374392204155248,54.477507928857136,37.51683853714853,53.6703974233444,5.216000000000001,53.260999999999996,KFNO,2
21.476051865628083,54.21061703185164,5.37361196884964,54.70936145352678,37.62391923745136,53.89705033754063,5.229000000000001,53.716,KFNO,2
21.528625444575447,54.439182084215176,5.371787507884156,54.94003183846398,37.730536526410475,54.123246565316904,5.229000000000001,53.716,KFNO,2
21.57716987431365,54.66867531359526,5.369978238526818,55.170652983018236,37.827738377976374,54.35200357015901,5.24,54.171,KFNO,2
21.628136258923078,54.89611295887385,5.367066169963259,55.399834535624066,37.93331839292619,54.576914368003784,5.24,54.171,KFNO,2
21.67886118048802,55.12260137207578,5.363753685690142,55.62820093702443,38.03784480546812,54.8011661122227,5.247000000000002,54.623,KFNO,2
21.72894918122136,55.3480272473085,5.359878438908615,55.8551634168516,38.141513002416126,55.0246453612295,5.247000000000002,54.623,KFNO,2
21.77628061892016,55.57109060946442,5.35588242224277,56.08203945665623,38.238951099674416,55.24293737372291,5.247000000000002,54.623,KFNO,2
21.825495324257062,55.79423518828811,5.351484892524021,56.30689058512825,38.342351315782395,55.46446055469504,5.247000000000002,54.623,KFNO,2
21.875354248105193,56.01817412030354,5.347566408223475,56.5349076215688,38.44612327163232,55.68468288497427,5.250000000000002,55.516,KFNO,2
21.92435083279351,56.23801137492024,5.341239875336669,56.753772257833056,38.54997739829934,55.90382045906915,5.250000000000002,55.516,KFNO,2
21.96816999505544,56.45747704881755,5.3354482180051255,56.973950367669936,38.641281905629256,56.12241528629795,5.253,55.954,KFNO,2
22.016217871265102,56.67555049458036,5.32904120506558,57.19319850829136,38.74524043124986,56.338809329330985,5.253,55.954,KFNO,2
22.065151804666584,56.89135449891044,5.323203955431613,57.409229535356985,38.84918434962722,56.55347722906734,5.259,56.388,KFNO,2
22.114387036975447,57.10552264186705,5.318243585645197,57.624172773230214,38.95266388507322,56.766210965468,5.259,56.388,KFNO,2
22.16192364447187,57.31588946521179,5.314247963837227,57.83590502764698,39.05100477832007,56.97364364771576,5.264000000000001,56.817,KFNO,2
22.211384246816227,57.52453316186408,5.311188980033168,58.04487152984718,39.15367351531228,57.18127668176132,5.264000000000001,56.817,KFNO,2
22.261671389947807,57.73010205021298,5.309181164662229,58.25008873312675,39.25655560736718,57.38593372304699,5.269,57.238,KFNO,2
22.312473866151187,57.93269633386231,5.30785843834494,58.45268475954904,39.3596944682458,57.587294694015824,5.269,57.238,KFNO,2
22.358805410777677,58.129110695894695,5.306686252472937,58.65003883059291,39.45179581447158,57.78018138471152,5.271000000000001,57.649,KFNO,2
22.40895862779471,58.32362821864081,5.305877489165615,58.844282269033386,39.55438602619381,57.97421309218319,5.271000000000001,57.649,KFNO,2
22.45996278965987,58.51417378475119,5.305547643121076,59.03359071409591,39.65710800915855,58.16434310844728,5.276000000000002,58.043,KFNO,2
22.51138730902951,58.70106199993357,5.305744761577848,59.21985130352071,39.76001127692555,58.35032561089004,5.276000000000002,58.043,KFNO,2
22.559349681113524,58.88273472800532,5.306240376796722,59.40110267474186,39.85418548323227,58.53021626198784,5.281000000000001,58.423,KFNO,2
22.610299033227047,59.06134202018821,5.306740203534542,59.57895071055923,39.95681803085249,58.70831404469213,5.281000000000001,58.423,KFNO,2
22.661544385936725,59.23602557759113,5.307196092993584,59.75222588607518,40.05909678330006,58.88275138599625,5.286000000000001,58.788,KFNO,2
22.71270434981638,59.4072009639534,5.307663415387024,59.92270310012872,40.161066401816605,59.05313470994892,5.286000000000001,58.788,KFNO,2
22.763189709314048,59.57202214786735,5.3086225906168885,60.08740034754195,40.2609573439039,59.21540888300641,5.286000000000001,58.788,KFNO,2
22.814762452904226,59.73471479974188,5.310098601758897,60.24977114891098,40.3632306947407,59.3775038429269,5.286000000000001,58.788,KFNO,2
22.866895893227078,59.89308344715444,5.312075488972739,60.40660631212095,40.46593045082348,59.53557074919771,5.290000000000001,59.467,KFNO,2
22.91941019646027,60.04753234035202,5.314558386353172,60.55974115073374,40.56884237813745,59.68965771954164,5.290000000000001,59.467,KFNO,2
22.969500870477837,60.196614466422574,5.317638315169412,60.70891040316582,40.66522176144927,59.836357948789924,5.293000000000001,59.783,KFNO,2
23.02180012393805,60.343061700567375,5.320783250273984,60.85440648837265,40.76775443955886,59.98262289097368,5.293000000000001,59.783,KFNO,2
23.074361543315263,60.48558739799675,5.323895412101702,60.995421722559506,40.87012142291838,60.12497048631729,5.297000000000001,60.080999999999996,KFNO,2
23.126903022538993,60.624337923548914,5.326875922839987,61.13295537885903,40.972486877283906,60.26330298756428,5.297000000000001,60.080999999999996,KFNO,2
23.176148211836075,60.75872429957875,5.329799929904892,61.26631788502418,41.067038520045344,60.39681203522956,5.299000000000001,60.365,KFNO,2
23.22821665132811,60.88979169090616,5.3327450886854,61.39649101907977,41.16956898713531,60.52735360320891,5.299000000000001,60.365,KFNO,2
23.280773939402593,61.01649214048526,5.335757424242174,61.52165229999497,41.27215078128315,60.653709112120424,5.301,60.632,KFNO,2
23.333347527672313,61.140705384708355,5.338597816227061,61.64641646902149,41.37478727823452,60.776252224635186,5.301,60.632,KFNO,2
23.384133781434365,61.25673464787766,5.341398048290075,61.760983604428034,41.47315004720417,60.89026126307037,5.3050000000000015,60.884,KFNO,2
23.43574914726729,61.37125328375375,5.343238558038315,61.87505590729866,41.57519842077845,61.00451142577369,5.3050000000000015,60.884,KFNO,2
23.48677846969482,61.48160779852822,5.343816946193332,61.983840635736854,41.676779068250866,61.11461232760554,5.309000000000001,61.12,KFNO,2
23.537257173154284,61.58829525774772,5.343644679139608,62.089530611194164,41.778028097622524,61.2206770774856,5.309000000000001,61.12,KFNO,2
23.584519316309436,61.68932938828064,5.342737505010237,62.1907222897429,41.87252029878205,61.31909547526725,5.312000000000001,61.339,KFNO,2
23.634241462916222,61.78726597127484,5.342071319078627,62.28734875945943,41.973896369930365,61.41698548509733,5.312000000000001,61.339,KFNO,2
23.684511384659878,61.88131710889797,5.341717531527334,62.379863119870265,42.0753547546659,61.51086158427606,5.309000000000001,61.543,KFNO,2
23.735108032242707,61.972428438038555,5.342065320820742,62.47090293079692,42.17670886413526,61.600711902105786,5.309000000000001,61.543,KFNO,2
23.78449791448264,62.05715970196143,5.343738775018636,62.555627163126985,42.27371206066709,61.68268352662526,5.309000000000001,61.543,KFNO,2
23.835987710391088,62.13943115818267,5.346019067610385,62.63700276838426,42.37563863719806,61.76471885390602,5.309000000000001,61.729,KFNO,2
23.888054449279135,62.21704107061979,5.348730674017221,62.712381724709886,42.477718396966395,61.84249412672819,5.314000000000002,61.900999999999996,KFNO,2
23.939797713079766,62.291435665439664,5.35096988362823,62.785898346745775,42.5793095573732,61.91627833377545,5.314000000000002,61.900999999999996,KFNO,2
23.98751442823067,62.359368298680096,5.35302503513199,62.85585980598362,42.67155723107551,61.97932580016793,5.315000000000001,62.055,KFNO,2
24.038301724791612,62.4246906623624,5.3553892731874955,62.91977012699303,42.77240846264659,62.04485417547163,5.315000000000001,62.055,KFNO,2
24.08990630406368,62.486312078551016,5.358153274338392,62.97991211770574,42.87366360991407,62.10625956555537,5.316000000000001,62.19499999999999,KFNO,2
24.141971686729086,62.54436676977256,5.3612129278976095,63.03707889217261,42.97543491520105,62.16354604645126,5.316000000000001,62.19499999999999,KFNO,2
24.192212700850845,62.59807110971887,5.36452359967259,63.09096181853395,43.072423748331786,62.21506440265746,5.318000000000001,62.316,KFNO,2
24.24416157525705,62.64865331965279,5.367844659677093,63.1404960641692,43.1742015388736,62.26522152765292,5.318000000000001,62.316,KFNO,2
24.296179299952698,62.69654810134659,5.370931508117268,63.18761386627678,43.27575148563669,62.31256709566849,5.318000000000001,62.423,KFNO,2
24.348054660347405,62.74248546581137,5.373809650402325,63.233626039318274,43.377158081404495,62.357393774614074,5.318000000000001,62.423,KFNO,2
24.397941006735696,62.78347685180386,5.3769515207024785,63.276508272917546,43.473572625360475,62.39421009344345,5.3210000000000015,62.516000000000005,KFNO,2
24.44963669651097,62.82483938050689,5.379971251531231,63.318205089620534,43.57525626217642,62.435169930915684,5.3210000000000015,62.516000000000005,KFNO,2
24.501572532141484,62.864673022720105,5.382926853347187,63.357735276227956,43.676870616521285,62.474432436588025,5.3210000000000015,62.601,KFNO,2
24.55334471913549,62.902802181521515,5.385641740011353,63.3955688329579,43.77824367441351,62.511899779710596,5.3210000000000015,62.601,KFNO,2
24.604542184028418,62.93469242169127,5.38810070029515,63.43279530796942,43.8785214954722,62.53562665803772,5.323,62.679,KFNO,2
24.65602115454866,62.968759467646365,5.390652639825379,63.467631078018236,43.979706833498156,62.56954283802917,5.323,62.679,KFNO,2
24.70758243231756,63.002137179653985,5.393138727082345,63.50156405042046,44.08099908743975,62.60180823143607,5.322000000000001,62.751000000000005,KFNO,2
24.759239326120035,63.0336441470854,5.395722678863376,63.53343745370445,44.18237638629009,62.63190323872603,5.322000000000001,62.751000000000005,KFNO,2
24.808500526409137,63.06105706222193,5.398485501149833,63.56222892647415,44.27778668445802,62.6559495155963,5.322000000000001,62.751000000000005,KFNO,2
24.859695830006913,63.088081686862296,5.400969279910522,63.59025804648444,44.37906912802307,62.681543192258545,5.322000000000001,62.81399999999999,KFNO,2
24.911216767691958,63.11271404434342,5.403522449127559,63.6150871812409,44.48030647431031,62.704698627305056,5.325000000000001,62.870999999999995,KFNO,2
24.962701052861863,63.13492932863696,5.406017318550771,63.63769065087442,44.58140116741924,62.7252188905144,5.325000000000001,62.870999999999995,KFNO,2
25.01174353684062,63.151694491824834,5.408715856070956,63.65692828717848,44.6764390028455,62.7369291098173,5.3260000000000005,62.916,KFNO,2
25.062973570654133,63.16746019607661,5.411417660000182,63.6733038913458,44.77771635890974,62.75136508206638,5.3260000000000005,62.916,KFNO,2
25.114598975868546,63.18042593278213,5.414169025878272,63.686553464148844,44.87904404966726,62.76254899790437,5.325000000000001,62.95099999999999,KFNO,2
25.166253493803335,63.18995869413404,5.416891600333526,63.696234404913966,44.980328570877944,62.770155389280866,5.325000000000001,62.95099999999999,KFNO,2
25.216936409396887,63.19410621012926,5.420032380162164,63.70028461774849,45.07885614836236,62.77179596020122,5.325000000000001,62.974999999999994,KFNO,2
25.267152678110488,63.19523329585146,5.420032380162164,63.70028461774849,45.1798361425016,62.77239790093068,5.325000000000001,62.974999999999994,KFNO,2
25.317321272209455,63.194536538131416,5.420032380162164,63.70028461774849,45.28090914490972,62.76983076292081,5.325000000000001,62.982,KFNO,2
25.367531641755484,63.1930426983161,5.420032380162164,63.70028461774849,45.38211863289086,62.76607635682434,5.325000000000001,62.982,KFNO,2
25.414396482276892,63.1893470998794,5.420032380162164,63.70028461774849,45.47527859744937,62.75730017169418,5.325000000000001,62.976,KFNO,2
25.46404354410928,63.1884192137965,5.420032380162164,63.70028461774849,45.57644703574761,62.75616388375754,5.325000000000001,62.976,KFNO,2
25.514056542068296,63.188680185335315,5.420032380162164,63.70028461774849,45.677380985296985,62.756720993246844,5.3260000000000005,62.968,KFNO,2
25.56413636717259,63.18951038216115,5.420032380162164,63.70028461774849,45.77830992386966,62.75815928220537,5.3260000000000005,62.968,KFNO,2
25.612231840896175,63.189499605909255,5.420032380162164,63.70028461774849,45.8744271631773,62.757317378266464,5.325000000000001,62.97,KFNO,2
25.662061512152523,63.1898649235395,5.420032380162164,63.70028461774849,45.975474526562195,62.75777347846114,5.325000000000001,62.97,KFNO,2
25.712164286292445,63.18996671002023,5.420032380162164,63.70028461774849,46.076493069204304,62.75740913767408,5.325000000000001,62.973,KFNO,2
25.762315540499195,63.189893282022574,5.420032380162164,63.70028461774849,46.17751833918315,62.75671994665835,5.325000000000001,62.973,KFNO,2
25.810741964800727,63.18815408654114,5.420032380162164,63.70028461774849,46.27436505057432,62.75206848955486,5.325000000000001,62.973,KFNO,2
25.860580971736237,63.18796553086318,5.420032380162164,63.70028461774849,46.37530619826228,62.75186243213131,5.325000000000001,62.973,KFNO,2
25.910675527442375,63.1882045628023,5.420032380162164,63.70028461774849,46.47628106662203,62.752035921151844,5.323,62.973,KFNO,2
25.960851165828085,63.18854036349609,5.420032380162164,63.70028461774849,46.57733569759647,62.75226410836105,5.323,62.973,KFNO,2
26.009448800046787,63.18791373922024,5.420032380162164,63.70028461774849,46.67455185068139,62.75011589450915,5.324000000000002,62.97,KFNO,2
26.059323784278263,63.188004736016445,5.420032380162164,63.70028461774849,46.77546160826271,62.75012287628766,5.324000000000002,62.97,KFNO,2
26.109409156662604,63.18811730685016,5.420032380162164,63.70028461774849,46.87635936667533,62.74986907383094,5.325000000000001,62.973,KFNO,2
26.159539373435518,63.18822952081402,5.420032380162164,63.70028461774849,46.97727457966276,62.74959949790766,5.325000000000001,62.973,KFNO,2
