Filter X,Filter Y,IMU X,IMU Y,GPS X,GPS Y,Ground Truth X,Ground Truth Y,Algorithm,Spoofing Rate
0.03555951944146234,0.0,0.0,0.0,0.0,0.0,0.004000000000001336,0.0019999999999997797,SHARF,2
0.06785863592530197,0.0,0.0,0.0,0.0,0.0,0.004000000000001336,0.0009999999999994458,SHARF,2
0.07836001189131761,0.0,0.0,0.0,0.0,0.0,0.0030000000000001137,0.0009999999999994458,SHARF,2
0.08132511962227598,0.0,0.0,0.0,0.0,0.0,0.0030000000000001137,0.0019999999999997797,SHARF,2
0.08213127811470748,0.0,0.0,0.0,0.0,0.0,0.0010000000000012221,0.0009999999999994458,SHARF,2
0.08234823594099433,0.0,0.0,0.0,0.0,0.0,0.0010000000000012221,0.0009999999999994458,SHARF,2
0.08240646524402984,0.0,0.0,0.0,0.0,0.0,0.0010000000000012221,0.0009999999999994458,SHARF,2
0.08242208193463461,0.0,0.0,0.0,0.0,0.0,0.0019999999999988916,0.0019999999999997797,SHARF,2
0.08242626939699597,0.0,0.0,0.0,0.0,0.0,0.0010000000000012221,0.0009999999999994458,SHARF,2
0.08242739216467045,0.0,0.0,0.0,0.0,0.0,0.0010000000000012221,0.0009999999999994458,SHARF,2
0.08242769320365284,0.0,0.0,0.0,0.0,0.0,0.0010000000000012221,0.0009999999999994458,SHARF,2
0.0824277739185924,0.0,0.0,0.0,0.0,0.0,0.0,0.0019999999999997797,SHARF,2
0.08242779555995855,0.0,0.0,0.0,0.0,0.0,0.0,0.0009999999999994458,SHARF,2
0.08242780136246058,0.0,0.0,0.0,0.0,0.0,0.0,0.0009999999999994458,SHARF,2
0.0824278029182324,0.0,0.0,0.0,0.0,0.0,0.0,0.0009999999999994458,SHARF,2
0.08242780333536726,0.0,0.0,0.0,0.0,0.0,0.0019999999999988916,0.0030000000000001137,SHARF,2
0.0824278034472098,0.0,0.0,0.0,0.0,0.0,0.0019999999999988916,0.004999999999999893,SHARF,2
0.08242780347719712,0.0,0.0,0.0,0.0,0.0,0.0019999999999988916,0.009999999999999787,SHARF,2
0.08984892546735596,0.0,0.0,0.0,0.1,0.0,0.0,0.016000000000000014,SHARF,2
0.13673039037279716,-0.0018174143664790154,0.0,0.0,0.19972389031384372,-0.004351128148092717,-0.0019999999999988916,0.02799999999999958,SHARF,2
0.1862988811355301,-0.0014033611301407863,0.0,0.0,0.2996696465570401,-0.0026680430792844884,-0.0019999999999988916,0.02799999999999958,SHARF,2
0.27778227658706617,0.0006503347031534545,0.0,0.0,0.4999044349881546,0.0020915626302077267,-0.0019999999999988916,0.02799999999999958,SHARF,2
0.3123499740230651,3.552615928234083e-05,0.0,0.0,0.6004985050670152,-0.0003144989289434842,-0.0030000000000001137,0.041999999999999815,SHARF,2
0.35152661512742384,0.0011995057754081988,0.0,0.0,0.7006734074990816,0.003540572244704926,-0.004999999999999005,0.06099999999999994,SHARF,2
0.4266668164884824,0.004845290688192787,0.0,0.0,0.9006181039391777,0.013661988574018265,-0.0070000000000014495,0.08499999999999996,SHARF,2
0.4820304617272915,0.006476171856709693,0.0,0.0,0.999409980447284,0.01591646952216335,-0.0070000000000014495,0.08499999999999996,SHARF,2
0.5195258181121654,0.008971615674982059,0.0,0.0,1.0999103699729114,0.022981703853103736,-0.012000000000000455,0.11899999999999977,SHARF,2
0.5937187371321074,0.015250521650686211,0.0,0.0,1.3012016153421062,0.040282951023824586,-0.013000000000001677,0.1589999999999998,SHARF,2
0.6542196224057087,0.01957835219108257,0.0,0.0,1.3998515877356508,0.047888197743320336,-0.019999999999999574,0.20699999999999985,SHARF,2
0.7364484342978689,0.029245189377801066,0.0,0.0,1.601227512680524,0.07338206561453813,-0.019999999999999574,0.20699999999999985,SHARF,2
0.763385776824685,0.03474609454140272,0.0,0.0,1.702089299922142,0.08865383477377833,-0.030000000000001137,0.26400000000000023,SHARF,2
0.84772762056056,0.04296436063070564,0.0,0.0,1.7974639873508258,0.10014542077964837,-0.04100000000000037,0.3309999999999995,SHARF,2
0.9395323261899644,0.10248680776221676,0.0013802611471999144,0.09867752107481333,2.0003949815703392,0.14003360301370582,-0.04100000000000037,0.3309999999999995,SHARF,2
1.0299051898287925,0.16660193194079098,-0.005034414886378808,0.18425338513407083,2.2068410037386053,0.18212419749601272,-0.05600000000000094,0.40700000000000003,SHARF,2
0.9784696052769446,0.20178197945959594,-0.007800263624822324,0.21941388702104453,2.3085887584746567,0.20933604908832046,-0.07199999999999918,0.4950000000000001,SHARF,2
0.9796914710794273,0.23543101310357578,-0.009876310293642589,0.25496959776842837,2.4104826459733966,0.23885027368180242,-0.07199999999999918,0.4950000000000001,SHARF,2
0.992808550702094,0.2694643400121984,-0.0112953297087082,0.2914928513838815,2.5125880747577165,0.2707883886607416,-0.09199999999999875,0.593,SHARF,2
1.049725252335405,0.3360002070820236,-0.012666307585562912,0.37045131485113275,2.7135387652669483,0.3449626828988614,-0.09199999999999875,0.593,SHARF,2
1.0429628798340074,0.3823645793484084,-0.012920838554918015,0.4138652037081241,2.815604969248896,0.38476779670362155,-0.11599999999999966,0.7039999999999997,SHARF,2
1.0454673580152487,0.426885682550791,-0.01306055870782703,0.4596396466215993,2.9175208046284045,0.4272871287643081,-0.14700000000000202,0.827,SHARF,2
1.0866182746580064,0.5099495509442364,-0.01251736619864071,0.5595939869824208,3.119665815437426,0.5187581461230184,-0.18599999999999994,0.9629999999999992,SHARF,2
1.0319761389162754,0.568658014621146,-0.012136817213563529,0.6143841905918128,3.221941559484771,0.5699964526716852,-0.2289999999999992,1.1099999999999994,SHARF,2
0.9659307770262222,0.6247628186207905,-0.01189490766803843,0.6718732649747642,3.324174556252232,0.6243473269314639,-0.2289999999999992,1.1099999999999994,SHARF,2
0.8700290596908034,0.7246244480984385,-0.013248107552358446,0.7970692413499759,3.5253935004135646,0.7341019520129709,-0.2289999999999992,1.1099999999999994,SHARF,2
0.6655612614167478,0.7986524551598593,-0.015006048620111588,0.8646299797432184,3.625451429930179,0.7984163937211214,-0.2789999999999999,1.2699999999999996,SHARF,2
0.4445479459433267,0.8690587587950688,-0.017491863294649974,0.9348411827672843,3.7249479813498523,0.8658287281558289,-0.3360000000000021,1.440999999999999,SHARF,2
0.28231497310513054,0.9904510858068772,-0.026038808632836294,1.0854965827920164,3.922243956046973,1.0056330773698248,-0.4039999999999999,1.6210000000000004,SHARF,2
0.1869480523147649,1.0846999486213271,-0.03205579242622957,1.1655506100828505,4.019407900016675,1.0828517308980368,-0.4039999999999999,1.6210000000000004,SHARF,2
0.13268067529369254,1.2253534477403305,-0.04677809118232833,1.3344431595016342,4.209951890577383,1.2408055037160202,-0.48100000000000165,1.811,SHARF,2
0.10332616446846381,1.3313655098008366,-0.05557535871297023,1.4238663808596694,4.304605770676094,1.3280963590805663,-0.5710000000000015,2.01,SHARF,2
0.08485672309627161,1.4267898842078022,-0.06554281789780497,1.515944900619255,4.398006037332209,1.4181031929337955,-0.5710000000000015,2.01,SHARF,2
0.06216030743728159,1.5827337513285964,-0.09074317999525797,1.7093825088512267,4.576383971070639,1.6042757293308507,-0.6700000000000017,2.2089999999999996,SHARF,2
0.04309112831019165,1.7008781910315378,-0.10605223710132103,1.8099148818428783,4.664896327807501,1.7034857277494535,-0.7789999999999999,2.414999999999999,SHARF,2
0.02400955595297418,1.80701017816166,-0.12412769480631597,1.9123221352623532,4.751583010440428,1.8046018401112682,-0.8919999999999995,2.6270000000000007,SHARF,2
-0.010803362136570765,1.9769418039464608,-0.1687531364349246,2.122117719769605,4.913300879190631,2.006043468802104,-0.8919999999999995,2.6270000000000007,SHARF,2
-0.0419020781313224,2.103969623605428,-0.19558581779752748,2.228599284197744,4.992128746115094,2.114030895153038,-1.0150000000000006,2.8409999999999993,SHARF,2
-0.09253318021265286,2.284683225204236,-0.2580164169510838,2.443864233010293,5.1447936467998945,2.3350086478342718,-1.1460000000000008,3.055999999999999,SHARF,2
-0.13523017324962394,2.4163479006809325,-0.29350918670654685,2.551231677010525,5.211416985823476,2.44229721598302,-1.2860000000000014,3.2680000000000007,SHARF,2
-0.20077048541577608,2.5992083324706754,-0.3727752703926654,2.767224196229244,5.3517718520584,2.67341252852631,-1.434000000000001,3.4830000000000005,SHARF,2
-0.28153678289557904,2.797767030859014,-0.4614826337136493,2.9791016631952822,5.482213312856482,2.9007281128772515,-1.434000000000001,3.4830000000000005,SHARF,2
-0.34378106929708385,2.9339684425399337,-0.5092978618777817,3.082614996152946,5.544446139942627,3.0195963075758194,-1.5919999999999987,3.6980000000000004,SHARF,2
-0.3991795935375381,3.0438880363670915,-0.5586868955901468,3.1796341365780507,5.6041643891049135,3.138966617858301,-1.7579999999999991,3.9079999999999995,SHARF,2
-0.48087752296292186,3.191861369877611,-0.6561488698255917,3.352258236378088,5.7122940691675055,3.3788862279238874,-1.9299999999999997,4.119,SHARF,2
-0.42053997868523724,3.442793269565425,-0.5105357754554763,3.6628332381034623,5.814808860573901,3.6201588680363757,-1.9299999999999997,4.119,SHARF,2
-0.4028193510080185,3.627484998709807,-0.5134876616575429,3.8159094054240663,5.86238835053755,3.741160748641309,-2.1050000000000004,4.333,SHARF,2
-0.4226144412551792,3.7890859521373463,-0.552718571460034,3.9690588140771266,5.911330158163835,3.856651139862966,-2.2860000000000014,4.545,SHARF,2
-0.5131920258701989,4.027893198135501,-0.6855154064740613,4.258131912182434,5.991392896589401,4.09599640807918,-2.2860000000000014,4.545,SHARF,2
-0.6000805619703117,4.199701803582608,-0.766139130460409,4.393710389574768,6.028167335665934,4.215496753405766,-2.469999999999999,4.76,SHARF,2
-0.6885508261269443,4.344301599335831,-0.8539723157778988,4.524255746671325,6.053179469520166,4.330923383397822,-2.6640000000000015,4.974,SHARF,2
-0.8351812299815957,4.5529426545659435,-1.0361490907530084,4.773528817614823,6.116515936729322,4.570408011377476,-2.6640000000000015,4.974,SHARF,2
-0.9500691466443051,4.704261177992629,-1.1290679662401284,4.891568900360694,6.144717733698489,4.690103324404044,-2.8580000000000005,5.1899999999999995,SHARF,2
-1.1151994647166439,4.902841845493431,-1.3244773841079198,5.120230239887693,6.1890815327548765,4.923231186760379,-2.8580000000000005,5.1899999999999995,SHARF,2
-1.242295151390372,5.0443053626593395,-1.4269676027918985,5.2276704960516645,6.211371021957936,5.042552665662827,-3.058,5.4079999999999995,SHARF,2
-1.355765715263065,5.162819266540154,-1.5315624513556279,5.332609624741494,6.231338438237874,5.16191356094906,-3.2600000000000016,5.632,SHARF,2
-1.4661235632799574,5.266394910378167,-1.6420638462850636,5.427384315716682,6.244414827201642,5.272500623145132,-3.468,5.8580000000000005,SHARF,2
-1.6430043662527685,5.403668481406226,-1.861177509865733,5.586111450053466,6.2730174759178485,5.510436165640033,-3.468,5.8580000000000005,SHARF,2
-1.773538128549743,5.494866716920364,-1.961343473532784,5.6483589742621785,6.2849226399303575,5.6296804391550825,-3.6769999999999996,6.086,SHARF,2
-1.7805718088884797,5.72683534450163,-1.8974074339645037,5.9606020851201915,6.300782555124944,5.867291986297831,-3.8889999999999993,6.317,SHARF,2
-1.8215699845972175,5.90987552995395,-1.953995253160851,6.118876307019582,6.3074464972185655,5.986725922201573,-3.8889999999999993,6.317,SHARF,2
-1.8909277102655064,6.0713370637801205,-2.0374368198422443,6.270458589999006,6.312535956669073,6.106329811405235,-4.106999999999999,6.549999999999999,SHARF,2
-2.0509820706432387,6.306516475519103,-2.2516927666220674,6.55322265395226,6.318747310383279,6.344619013284904,-4.327999999999999,6.784000000000001,SHARF,2
-2.184865759582806,6.476921328700886,-2.3674216703619053,6.685389014028931,6.31964840613662,6.464870333740303,-4.553000000000001,7.02,SHARF,2
-2.3794918623909513,6.698440251622774,-2.598907181251562,6.939298037283392,6.31360392110405,6.697954391695133,-4.553000000000001,7.02,SHARF,2
-2.5261066201309204,6.859640053482035,-2.7154561872282126,7.063457878489665,6.3108971544847,6.819203465432345,-4.780999999999999,7.260999999999999,SHARF,2
-2.6537544915852034,6.996893303024613,-2.831324665969973,7.1859416915752705,6.307007658769238,6.940588276559849,-5.007999999999999,7.504,SHARF,2
-2.849358546261044,7.201989247866804,-3.06897909318365,7.433112346123179,6.295844183649036,7.177163301289182,-5.007999999999999,7.504,SHARF,2
-2.9970167299966244,7.3529704190521,-3.1871148581699975,7.550439164099753,6.288435867471252,7.299593432197943,-5.240000000000002,7.753,SHARF,2
-3.202892410612881,7.56040964643551,-3.429125827244722,7.7927782748324415,6.270654462132295,7.545803329167383,-5.471,8.007,SHARF,2
-3.3560093855385023,7.71464669604897,-3.552003624968182,7.913681814607214,6.258116181900943,7.65936100410792,-5.705000000000002,8.266,SHARF,2
-3.5680744303438114,7.920941832773941,-3.6801788081044604,8.036497756813686,6.246959383176396,7.7843192365454446,-5.705000000000002,8.266,SHARF,2
-3.796999379396521,8.133266176030043,-3.934526084015317,8.270600704754298,6.2218881943991775,8.035566248315737,-5.939,8.53,SHARF,2
-3.9517692609385904,8.275741987724448,-4.064132517327631,8.38855161995252,6.20087125709294,8.15297004999427,-6.177,8.796999999999999,SHARF,2
-4.089174627097787,8.399212247137024,-4.1955004799331705,8.504928741695204,6.186073171546504,8.28027315817267,-6.177,8.796999999999999,SHARF,2
-4.318261289382321,8.603762320990386,-4.458210943726746,8.739160932618445,6.154096954530268,8.537739396236773,-6.177,8.796999999999999,SHARF,2
-4.474633764666402,8.745175678623575,-4.588483878648113,8.856939486271578,6.1334994555567315,8.662397562573583,-6.4190000000000005,9.068,SHARF,2
-4.612478204413461,8.869851448211401,-4.719799908715818,8.975237903655055,6.116321901699034,8.793974065499134,-6.66,9.344,SHARF,2
-4.8425754790968325,9.07951605225846,-4.983751607275251,9.215983569374096,6.0781528461143575,9.058388402365633,-6.904,9.629,SHARF,2
-4.9969236589958985,9.22365408463551,-5.110781567007963,9.33569995284076,6.0543075787580705,9.180883372175416,-6.904,9.629,SHARF,2
-5.228553918371842,9.442393025854255,-5.37081648383002,9.581679181319746,6.012299905017827,9.451072109259314,-7.148,9.915000000000001,SHARF,2
-5.385865184452454,9.592214317468915,-5.501164276697048,9.70599603928492,5.990429258657124,9.587756616444334,-7.393000000000001,10.203999999999999,SHARF,2
-5.52482603953666,9.725785962845942,-5.633534112748986,9.833485561238655,5.968867344372164,9.722894866290464,-7.393000000000001,10.203999999999999,SHARF,2
-5.7515481218576845,9.949130834994506,-5.89249133327278,10.089635565277709,5.9226702115580165,10.00235876794444,-7.641000000000002,10.499999999999998,SHARF,2
-5.904100010971683,10.105021871625892,-6.01802163251976,10.220666486283532,5.898939445094375,10.144022467776923,-7.890000000000001,10.802000000000001,SHARF,2
-6.13654699309838,10.346224760087347,-6.279779537149017,10.493081730608246,5.847161440328019,10.424448978417876,-8.136,11.110000000000001,SHARF,2
-6.293292211469748,10.511826033166644,-6.408743178091513,10.631034816474124,5.822364913548059,10.56942258880043,-8.136,11.110000000000001,SHARF,2
-6.428193505336887,10.656453684942784,-6.535589190683436,10.768031219294087,5.797534000271533,10.715823739124929,-8.387,11.421000000000001,SHARF,2
-6.65622845137193,10.898335884392893,-6.797700357041155,11.045584700930215,5.738869941654852,11.007443067816522,-8.635000000000002,11.732000000000001,SHARF,2
-6.906372645873848,11.167386709523866,-7.055899792679521,11.324632622299605,5.686467279128627,11.308029575630966,-8.884,12.052000000000001,SHARF,2
-7.067771836804976,11.341598960846131,-7.184600149888712,11.46428525121203,5.655586989167987,11.45047799421664,-9.132000000000001,12.377,SHARF,2
-7.29940905742532,11.59339437639925,-7.44194498576434,11.74452649067857,5.6021444787664745,11.757690551900204,-9.132000000000001,12.377,SHARF,2
-7.456425155847566,11.764791128767458,-7.571444178431863,11.886644836344827,5.574765321832007,11.912339903126405,-9.379999999999999,12.705,SHARF,2
-7.592582816196309,11.916176146957307,-7.6998844877776715,12.030772545065226,5.544905477383997,12.064199418189254,-9.626000000000001,13.037,SHARF,2
-7.8168891479963785,12.168752585121391,-7.956498886721742,12.320405849253985,5.490440483611403,12.37986689475361,-9.870000000000001,13.374999999999998,SHARF,2
-7.970629648382987,12.343624090457984,-8.08414595977606,12.467044064466187,5.463331271176407,12.53930178883362,-9.870000000000001,13.374999999999998,SHARF,2
-8.195289994019715,12.606245437957627,-8.334806403926722,12.761795005556898,5.407958111055358,12.847987165899443,-10.112000000000002,13.717,SHARF,2
-8.346743690805326,12.784864238022083,-8.459096870742579,12.909968913977442,5.381277789944896,13.010879126931401,-10.352,14.065,SHARF,2
-8.56596263447062,13.04826736931647,-8.703111223331277,13.204462241896065,5.320527185787704,13.333191234192231,-10.352,14.065,SHARF,2
-8.71212267646212,13.226399389280978,-8.822125010383857,13.35171535508473,5.29412076520974,13.498355993202408,-10.59,14.412,SHARF,2
-8.920283287428452,13.49151482838951,-9.053028388778941,13.648671651133833,5.2431175885536625,13.832178015122906,-10.818999999999999,14.761000000000001,SHARF,2
-9.061322306700786,13.670010057019,-9.168926578799812,13.795945532692784,5.21634408362919,13.989109888115962,-11.044,15.116000000000001,SHARF,2
-9.179015236512388,13.826980239512563,-9.277873495126684,13.94520854684227,5.1918334462699445,14.158350916803002,-11.044,15.116000000000001,SHARF,2
-9.360390159383487,14.088685534169233,-9.482721702972105,14.245156138977363,5.14382190212935,14.498427600573518,-11.044,15.116000000000001,SHARF,2
-9.479251137545136,14.26924946874202,-9.577978070918732,14.396631094521359,5.118952003708939,14.661006742681103,-11.266000000000002,15.475,SHARF,2
-9.637810708239561,14.545346614113916,-9.751228405380822,14.707604995580397,5.076540023221709,15.00535181195452,-11.482000000000003,15.837000000000002,SHARF,2
-9.738057198266674,14.737300480204466,-9.829026803802956,14.869690028504106,5.056902357975979,15.178797972131868,-11.687999999999999,16.200000000000003,SHARF,2
-9.867610179593163,15.04083017890269,-9.969507131379935,15.213953718337805,5.017604016604199,15.520190595589373,-11.892999999999997,16.567999999999998,SHARF,2
-9.948080976079689,15.2547468787251,-10.030271844988599,15.396495292138596,5.000259052371513,15.695303188464983,-12.093,16.933999999999997,SHARF,2
-10.051745938143847,15.614153565404116,-10.142702319301907,15.809031748345651,4.961620552630626,16.031132579843604,-12.093,16.933999999999997,SHARF,2
-10.126004557963304,15.877993251645565,-10.203455970392284,16.04000687578454,4.947412153989946,16.20809287978256,-12.282,17.302,SHARF,2
-10.574688047072542,16.365925380411202,-10.784345905243795,16.613599291776854,4.923177003669988,16.56481929306731,-12.468,17.677,SHARF,2
-10.944812653853605,16.86067727790842,-11.128280556128056,17.109027151111146,4.897686280163342,16.909111373358215,-12.648,18.057000000000002,SHARF,2
-11.134773111917378,17.164668369281497,-11.253155585895213,17.34247369491636,4.888587747342623,17.08855434142061,-12.823000000000004,18.436999999999998,SHARF,2
-11.329401893331845,17.571326831881628,-11.450233717875111,17.786216109654884,4.866433829144832,17.438737719417524,-12.991000000000003,18.820999999999998,SHARF,2
-11.440799041951953,17.83519121145812,-11.529647644084356,17.998846435672085,4.8618801923613315,17.620506676858497,-12.991000000000003,18.820999999999998,SHARF,2
-11.573870873562948,18.205011761665933,-11.6705309653006,18.407596438084813,4.857587136730469,17.986900489141245,-12.991000000000003,18.820999999999998,SHARF,2
-11.659437152237112,18.447741004384316,-11.736539177482348,18.605230484231576,4.847598432290425,18.160694918631688,-13.157,19.209000000000003,SHARF,2
-11.776324770127816,18.79309324969439,-11.864471515820538,18.988476922110035,4.852606584232506,18.532017376417233,-13.320000000000004,19.598,SHARF,2
-11.854973306968697,19.021257615212754,-11.927135346665027,19.174955057002297,4.857073985721794,18.718797051741543,-13.474999999999998,19.990000000000002,SHARF,2
-11.96649390800345,19.35000275422388,-12.05030639781646,19.54079808429964,4.866701666603118,19.084752497967777,-13.626000000000001,20.384999999999998,SHARF,2
-12.04165527565904,19.572135069457975,-12.110525427751245,19.72482864011128,4.8745963080475825,19.273914852667307,-13.766000000000002,20.781,SHARF,2
-12.109328289855362,19.761864554911224,-12.174506920077384,19.903227793088615,4.883241219976824,19.463458506824217,-13.766000000000002,20.781,SHARF,2
-12.222408071186463,20.072458258877187,-12.30403685406226,20.258207852877796,4.9009305095636115,19.840648840528186,-13.904999999999998,21.18,SHARF,2
-12.301260449018587,20.28412148586873,-12.369176879971679,20.434266265303293,4.91365411011367,20.03252418337978,-14.037000000000003,21.585,SHARF,2
-12.418260981432955,20.597560907308225,-12.499919853166578,20.78511887186995,4.937940120392177,20.41252789988213,-14.037000000000003,21.585,SHARF,2
-12.498582842000399,20.808271761968278,-12.565796961881006,20.95872072400104,4.954855253105897,20.606708372383558,-14.163,21.990000000000002,SHARF,2
-12.568330381470261,20.990990302449145,-12.63117931268965,21.131435769871782,4.973169529757655,20.80147331541578,-14.284000000000002,22.397,SHARF,2
-12.683249360861904,21.29047023211581,-12.762550483143894,21.47374130326002,5.01148604961303,21.18780217620492,-14.401999999999997,22.805999999999997,SHARF,2
-12.763790746861588,21.494990122263463,-12.829741838306548,21.64384841381687,5.034488544922771,21.384801851532607,-14.401999999999997,22.805999999999997,SHARF,2
-12.835053477729847,21.673584754027846,-12.897233777969674,21.813127404658395,5.058716256254794,21.582278256494643,-14.401999999999997,22.805999999999997,SHARF,2
-12.956145872877695,21.964998559558456,-13.03642641293135,22.1459475223677,5.109981534301296,21.968819350490836,-14.514,23.217,SHARF,2
-13.041567893391932,22.163017442560736,-13.108316297803103,22.309974035194166,5.138257949718096,22.16836373465466,-14.619000000000003,23.630000000000003,SHARF,2
-13.174728639665434,22.455288920907226,-13.258761740608165,22.636871499942945,5.199554648621225,22.56950673729133,-14.720000000000002,24.046,SHARF,2
-13.329088153594597,22.77620513386587,-13.420653000825313,22.968392078865904,5.264516045347994,22.970264029962884,-14.812999999999999,24.463,SHARF,2
-13.430963192002434,22.98395397014326,-13.503329005551032,23.134669155919692,5.299079005535443,23.172673833534066,-14.898,24.883000000000003,SHARF,2
-13.590657308232679,23.289793866532037,-13.684040773951244,23.47652178962188,5.365106652684524,23.57416600804435,-14.898,24.883000000000003,SHARF,2
-13.70339329071297,23.500001791506453,-13.779842886388183,23.651568712518078,5.404070553442146,23.77816353389532,-14.898,24.883000000000003,SHARF,2
-13.806017067151448,23.68712698506744,-13.878946988551867,23.83015020395807,5.444723683144575,23.982720683994227,-14.977999999999998,25.302,SHARF,2
-13.986668853784881,24.009772294045884,-14.088140578640367,24.202464544129462,5.5276902164879615,24.38877994679703,-15.055000000000003,25.724000000000004,SHARF,2
-14.114796274986675,24.24043176761956,-14.197576883056632,24.39916060610275,5.572846475773906,24.594854425385574,-15.123999999999999,26.148000000000003,SHARF,2
-14.230737417893648,24.452322133120223,-14.309365428048228,24.60402350288477,5.619586370362029,24.801416610033094,-15.186000000000003,26.572000000000003,SHARF,2
-14.426015465749835,24.830842204722014,-14.533954808833776,25.04346673016278,5.710064288615207,25.20646040646891,-15.186000000000003,26.572000000000003,SHARF,2
-14.557540332407868,25.10723984173163,-14.642514281461578,25.282258988125356,5.760952644044988,25.413721491071907,-15.245000000000001,26.998000000000005,SHARF,2
-14.668216459950791,25.36439604844472,-14.74569301027192,25.532296617102126,5.812847737490873,25.62153708925106,-15.245000000000001,26.998000000000005,SHARF,2
-14.824538959952964,25.82231411588649,-14.919508311453727,26.063384531042,5.91719081444009,26.029569499548668,-15.297,27.424,SHARF,2
-14.91906546334331,26.148256497894206,-14.990286448963056,26.34153153963799,5.9740933687628885,26.238624984923277,-15.340999999999998,27.849000000000004,SHARF,2
-14.983107777152727,26.44229538922833,-15.042485995147926,26.62421644672426,6.032879144429208,26.44824607664301,-15.379999999999999,28.276000000000003,SHARF,2
-15.042474991309037,26.93321562844016,-15.100831971706441,27.186979981736126,6.143231969388095,26.872261198921294,-15.379999999999999,28.276000000000003,SHARF,2
-15.065515855459418,27.261235151747353,-15.107298562309111,27.456804052987856,6.205841265777686,27.08263012770999,-15.413,28.703000000000003,SHARF,2
-15.063895694315242,27.730673168728483,-15.09638263659414,27.978223691667573,6.335536539832852,27.50383794883628,-15.437000000000001,29.132000000000005,SHARF,2
-15.055012154887665,28.034529790251646,-15.080609687685852,28.223072139550492,6.392407584238779,27.70975886288622,-15.455000000000002,29.559000000000005,SHARF,2
-15.040840968012734,28.28725310369572,-15.062227613498164,28.457872364257945,6.461048173594477,27.92074295854599,-15.455000000000002,29.559000000000005,SHARF,2
-15.009059445010324,28.680999348413707,-15.023616424651529,28.903448150487815,6.603134376022492,28.343256522457672,-15.470000000000002,29.986000000000004,SHARF,2
-14.9898849657973,28.94205880554885,-15.005330658448372,29.11700889543277,6.67032188909195,28.554000337772138,-15.479000000000003,30.414,SHARF,2
-14.97344825103121,29.164734295559935,-14.987992326981542,29.326136350309202,6.745933814469279,28.765815924592136,-15.479000000000003,30.414,SHARF,2
-14.947881300170028,29.518320466589977,-14.958661882944456,29.727806745291385,6.901775088393531,29.189645896431507,-15.48,30.842,SHARF,2
-14.932935064518931,29.759396322001475,-14.944888689327062,29.928280771267993,6.973894587162524,29.399375829000395,-15.476000000000003,31.268,SHARF,2
-14.91540384413911,30.10965126716041,-14.925731991529252,30.318686891396784,7.136987643352622,29.82318651594089,-15.476000000000003,31.268,SHARF,2
-14.906761314862168,30.345107947876922,-14.918110566524616,30.512507544705915,7.220874286397999,30.035176618796747,-15.476000000000003,31.268,SHARF,2
-14.901318896863222,30.548489694626266,-14.912713664952713,30.704332061457272,7.305671385585297,30.245398548044946,-15.461000000000002,31.693000000000005,SHARF,2
-14.892676554081675,30.883902144176478,-14.902717819890192,31.088149307460608,7.481445769457332,30.669399640336422,-15.440999999999999,32.117000000000004,SHARF,2
-14.888971327342816,31.25285540850432,-14.899705800964352,31.469560938112775,7.654110519579952,31.092518797759947,-15.418000000000003,32.538000000000004,SHARF,2
-14.886369406788017,31.492927147059444,-14.896053633920507,31.662615539831545,7.7478644983927705,31.30395594656601,-15.385000000000002,32.961,SHARF,2
-14.88351155062442,31.70104980280014,-14.89238743716903,31.859123743310427,7.843068439182037,31.51520526683631,-15.343999999999998,33.38,SHARF,2
-14.87964967924666,32.044403678928894,-14.88801275332953,32.25203950959107,8.028840920086477,31.933798099180677,-15.343999999999998,33.38,SHARF,2
-14.877741797295227,32.28030778299052,-14.885722594528545,32.448700367660344,8.128199754624298,32.14437000485981,-15.343999999999998,33.38,SHARF,2
-14.871917278095736,32.637937324420214,-14.878327301943806,32.850940655663194,8.331399716335092,32.565264792592146,-15.294999999999998,33.795,SHARF,2
-14.867980820392184,32.88529407236183,-14.87404434976987,33.057998146287325,8.428397754489838,32.76551072177141,-15.236999999999998,34.21,SHARF,2
-14.862583304882806,33.103563324049645,-14.867595689728166,33.26565694332705,8.534304702147066,32.97520958698105,-15.169,34.623000000000005,SHARF,2
-14.850631518217444,33.470522581473325,-14.853222103269154,33.68709294782887,8.751038504972176,33.39304953220182,-15.093999999999998,35.033,SHARF,2
-14.840114092687958,33.724073385942795,-14.842251621835384,33.89917142010955,8.8619725553119,33.60580669358148,-15.013000000000002,35.438,SHARF,2
-14.819502747239628,34.099430915750666,-14.817820959318635,34.319164450394375,9.088560600830569,34.020860510573016,-15.013000000000002,35.438,SHARF,2
-14.80500479837177,34.350876755200794,-14.804417653471905,34.52528592586453,9.20503982290646,34.22778101866284,-14.925,35.84,SHARF,2
-14.78781370532889,34.56991871616631,-14.785726956358221,34.73248507465406,9.313859318228264,34.43058274959524,-14.828,36.239000000000004,SHARF,2
-14.753217393677575,34.92938015289556,-14.74477868118574,35.14339208395431,9.556004099763324,34.84118901723326,-14.828,36.239000000000004,SHARF,2
-14.729623060970862,35.173656003124925,-14.72392948062442,35.345521408206466,9.679654806502356,35.04533374948043,-14.726000000000003,36.635000000000005,SHARF,2
-14.688683831276956,35.52847999963308,-14.676502822005961,35.74085331048878,9.931457813109922,35.453177456501855,-14.616000000000003,37.027,SHARF,2
-14.656719136564046,35.76713581837533,-14.64662555558867,35.936979825629436,10.060723577080742,35.65540474842171,-14.498999999999999,37.413000000000004,SHARF,2
-14.602697333301075,36.117537193698595,-14.584379371654126,36.32832696863161,10.308535194293983,36.057336164092405,-14.498999999999999,37.413000000000004,SHARF,2
-14.564737125948128,36.35394310914698,-14.550858886621127,36.52297858814895,10.44344269675586,36.25731205559877,-14.375000000000004,37.796,SHARF,2
-14.529882635498467,36.55894407645586,-14.51636803171361,36.716471007018704,10.579660882395755,36.456696208596405,-14.247000000000003,38.173,SHARF,2
-14.465951498791128,36.89472788628253,-14.441795051134292,37.10017302579074,10.844090988637745,36.858939301558934,-14.113000000000003,38.548,SHARF,2
-14.42025865506465,37.12386725959685,-14.401350419379753,37.29021243273396,10.986479915721379,37.055477516373884,-14.113000000000003,38.548,SHARF,2
-14.347452659190308,37.46093245167031,-14.318408474630614,37.66681613844777,11.276752208957404,37.44513862395877,-13.970000000000002,38.92,SHARF,2
-14.261013161999497,37.825381358295765,-14.226130752460522,38.04126983855108,11.57040801811044,37.83262050885582,-13.820000000000004,39.286,SHARF,2
-14.20457721805451,38.05953855248549,-14.17888071805991,38.22759696434753,11.720513425213179,38.02444171468625,-13.820000000000004,39.286,SHARF,2
-14.11593136593891,38.39537727941078,-14.078214395171663,38.60067969936264,12.01706693843265,38.40329234449907,-13.66,39.652,SHARF,2
-14.054314298772026,38.622992803138715,-14.024888373252097,38.78852287828268,12.171743903809137,38.592498474755494,-13.492,40.015,SHARF,2
-13.953222898918085,38.9628689876151,-13.909205592566538,39.16952275207466,12.487239693172453,38.968763967676026,-13.315999999999999,40.375,SHARF,2
-13.882840649571053,39.19596637557261,-13.848355512066371,39.363329858488804,12.640269437583337,39.16015749800105,-13.129000000000001,40.735,SHARF,2
-13.769801751199449,39.543311071400716,-13.719509746378202,39.75251814535994,12.966488761118056,39.53388272247591,-12.934999999999999,41.091,SHARF,2
-13.692154904193535,39.778994459346656,-13.653028997873848,39.947070957377846,13.132002595017104,39.72016347290344,-12.934999999999999,41.091,SHARF,2
-13.569247466846258,40.12415441085606,-13.51334753395303,40.33232094444434,13.46676232285307,40.09462876704008,-12.934999999999999,41.091,SHARF,2
-13.484629390776147,40.35674090649519,-13.440942146487378,40.523395558501925,13.639186625253489,40.27929046768439,-12.735000000000003,41.443000000000005,SHARF,2
-13.350966014788984,40.69768347773195,-13.289118209166036,40.904013466410596,13.982831678099071,40.65015748830746,-12.526999999999997,41.791000000000004,SHARF,2
-13.25860358343774,40.92843537154924,-13.210027055798756,41.09407184863129,14.161743171208673,40.83365649746339,-12.309999999999999,42.134,SHARF,2
-13.175341906091122,41.130020894047696,-13.129112871305153,41.28478677252839,14.34273268673686,41.01640832637245,-12.081,42.469,SHARF,2
-13.030555946936964,41.46317477632478,-12.961764381559302,41.66614610080295,14.702400556057531,41.388108416480875,-11.846,42.798,SHARF,2
-12.929876872292448,41.69232114302302,-12.875411199888108,41.85680117954763,14.888260050701792,41.56927399742574,-11.846,42.798,SHARF,2
-12.773382867250135,42.03095915318372,-12.698231940542547,42.235508506129406,15.266262682221887,41.928695158368946,-11.605,43.122,SHARF,2
-12.665963031095107,42.259011882068684,-12.606931674558535,42.42260470827936,15.449318831891755,42.113375716307395,-11.355,43.438,SHARF,2
-12.49895066753121,42.590530824821776,-12.417888820746242,42.79198976062802,15.841205649439644,42.465242781370776,-11.355,43.438,SHARF,2
-12.384292866101225,42.813785415475685,-12.320507495232716,42.97507432928144,16.04002146692342,42.63935037696059,-11.097000000000001,43.747,SHARF,2
-12.210063083521382,43.14029305114132,-12.124154628675349,43.33933559072707,16.439132987555556,42.98216280108744,-10.831,44.045,SHARF,2
-12.089979121064005,43.362241231227834,-12.02205228570456,43.522429727689754,16.643683867144247,43.15239164657765,-10.559000000000001,44.336,SHARF,2
-11.983455047299648,43.555300465760986,-11.91950176674211,43.70459690647876,16.850435104808703,43.321249115878395,-10.559000000000001,44.336,SHARF,2
-11.803421678484481,43.872680896000325,-11.712451789766595,44.067503894216685,17.259857823547435,43.66750465557062,-10.276,44.617000000000004,SHARF,2
-11.679546198475473,44.08999959705783,-11.60742983728765,44.24758716999956,17.471354288493743,43.83180914047332,-9.984000000000002,44.883,SHARF,2
-11.490849543154388,44.4074342341962,-11.39475497932175,44.60162804021002,17.8880530460642,44.16995045076748,-9.690999999999999,45.143,SHARF,2
-11.283866380259683,44.74640480841857,-11.18002134735202,44.948116344751995,18.323080314002254,44.48635276959222,-9.690999999999999,45.143,SHARF,2
-11.151065806169576,44.96177166739677,-11.072527281376672,45.11749020140611,18.543283385698537,44.641485172897426,-9.39,45.39,SHARF,2
-10.95270186432287,45.2623934918,-10.849959151828825,45.44928237070498,18.981295242813,44.94796939501066,-9.082,45.626000000000005,SHARF,2
-10.819002430762247,45.45914668844917,-10.738288757691294,45.60730317528929,19.207317543393614,45.09575273554175,-9.082,45.626000000000005,SHARF,2
-10.612572782886293,45.74013088119558,-10.505103462699541,45.91911053384797,19.659144446651077,45.39014873359476,-8.769000000000002,45.852000000000004,SHARF,2
-10.47197482934566,45.926240647753225,-10.386837966461071,46.06967975072554,19.889160014453086,45.53187972692642,-8.45,46.063,SHARF,2
-10.347766738976736,46.085702818675266,-10.267669229474278,46.21894076956611,20.121326312947488,45.671044633758555,-8.129000000000001,46.262,SHARF,2
-10.140163562498318,46.3401221007899,-10.029465814972777,46.50813683150671,20.582850948435578,45.94788014126756,-8.129000000000001,46.262,SHARF,2
-9.999396581230462,46.51161910794302,-9.911397635695625,46.64838971516593,20.819493854892265,46.07984634480246,-7.798000000000002,46.445,SHARF,2
-9.792426073091868,46.75900282308484,-9.679833166930413,46.9234143059764,21.29671639863801,46.33666471043439,-7.460000000000001,46.611000000000004,SHARF,2
-9.656610995595944,46.92239939991631,-9.568402244842828,47.0551692613117,21.532918416791944,46.467179094324365,-7.460000000000001,46.611000000000004,SHARF,2
-9.539161882738586,47.060033281390616,-9.456875932755057,47.18293471957539,21.775096041106284,46.58880679177093,-7.118000000000002,46.764,SHARF,2
-9.350524881560208,47.27004956402866,-9.242098115194496,47.419443018707554,22.263668750230682,46.823667758588044,-6.772000000000002,46.904,SHARF,2
-9.223264647641319,47.40520708773868,-9.135976081144817,47.52642130245685,22.50763652300367,46.94487516387557,-6.423000000000002,47.03,SHARF,2
-9.027244847288365,47.58313096645459,-8.914825958818625,47.720060751759206,23.00587934697131,47.16185116037998,-6.423000000000002,47.03,SHARF,2
-8.890586669514379,47.69586332972784,-8.798303368768362,47.80796232592477,23.25725417068442,47.2656747071927,-6.07,47.143,SHARF,2
-8.672968332694571,47.84098934113205,-8.551118697070967,47.96503839040454,23.766348406742576,47.47195670546927,-5.714000000000002,47.242000000000004,SHARF,2
-8.520865626977498,47.93231227555962,-8.420812473876978,48.03526904410391,24.022485467918045,47.56660774674012,-5.714000000000002,47.242000000000004,SHARF,2
-8.279170852613941,48.05100560401733,-8.146222408986857,48.163982758864634,24.544813396779176,47.752647613717535,-5.353999999999999,47.327,SHARF,2
-8.110424684934637,48.125560022514115,-8.001489551714418,48.220520506509985,24.805215407971374,47.838850692220625,-4.995000000000001,47.398,SHARF,2
-7.843547389016215,48.21462350372716,-7.698539127836748,48.314873180444344,25.33019634936143,48.00156446802099,-4.635000000000002,47.453,SHARF,2
-7.657348704098719,48.266090267750236,-7.538760422913249,48.35020812453121,25.594072538437796,48.08892175930813,-4.635000000000002,47.453,SHARF,2
-7.486615040331863,48.302642748271396,-7.371978364194226,48.37993846818106,25.859864199402523,48.16207495739513,-4.274000000000001,47.494,SHARF,2
-7.1780268124379605,48.34317426987605,-7.013130468168334,48.42223633173993,26.394420269729682,48.29835133935143,-3.911999999999999,47.522,SHARF,2
-6.810963595924366,48.38219508841064,-6.62249224237605,48.45892663574871,26.931290433993965,48.43511672023605,-3.5500000000000007,47.535000000000004,SHARF,2
-6.565082901517639,48.41107148315128,-6.416440337884222,48.479680177751455,27.201906555849288,48.491192413819704,-3.1900000000000013,47.537,SHARF,2
-6.345031761037239,48.43731464825226,-6.20363202771766,48.50262839581206,27.473359963451735,48.54416337162643,-3.1900000000000013,47.537,SHARF,2
-5.962712446679913,48.48701386629872,-5.7615519901597105,48.56069213825263,28.018999319545085,48.641784315607566,-2.8279999999999994,47.521,SHARF,2
-5.697608374627974,48.53050930621613,-5.535885209721256,48.597658808595476,28.29272012875915,48.683584812191135,-2.469000000000001,47.496,SHARF,2
-5.462922841289323,48.57527553958355,-5.310583994887259,48.640582564904484,28.566744820073172,48.72250307217646,-2.469000000000001,47.496,SHARF,2
-5.074199758607599,48.659940782999904,-4.8650033556791445,48.739343277410214,29.11865009223066,48.79499227804113,-2.1090000000000018,47.454,SHARF,2
-4.813805837141249,48.725031506471744,-4.649327475922718,48.79384859911508,29.394225353448448,48.82341727049757,-2.1090000000000018,47.454,SHARF,2
-4.4416736535259265,48.822098580747344,-4.235731927909573,48.90184116367263,29.948703161319536,48.88066486822747,-1.7510000000000012,47.401,SHARF,2
-4.197821063973385,48.88792737274239,-4.037324276224566,48.95364424832982,30.225203632985718,48.89896677557532,-1.3949999999999996,47.333,SHARF,2
-3.853809564941752,48.97684029082097,-3.656309428434117,49.05050395327275,30.77896522263507,48.92559389654585,-1.0420000000000016,47.255,SHARF,2
-3.6284358667068624,49.032538202988164,-3.473277795437425,49.091993634323266,31.059086361212664,48.94596349005123,-1.0420000000000016,47.255,SHARF,2
-3.3058439961525643,49.089201456431645,-3.115025625673962,49.14896635183754,31.61339027137198,48.95095874764913,-0.6900000000000013,47.165,SHARF,2
-3.0916397451012543,49.115230476298244,-2.9394797870323495,49.16172009921091,31.89089530936878,48.94883932128278,-0.34199999999999875,47.065000000000005,SHARF,2
-2.90574002477552,49.12792569559351,-2.763357865270026,49.168327839545206,32.16673262349471,48.94850170466347,-0.34199999999999875,47.065000000000005,SHARF,2
-2.5999137903537064,49.12539867992636,-2.4136655604827837,49.16044357362785,32.72087515909292,48.926683659272605,0.004000000000001336,46.953,SHARF,2
-2.3912192710731173,49.11919875920458,-2.2392373709630076,49.14996400610498,32.99765991771384,48.91110098128889,0.3470000000000013,46.83,SHARF,2
-2.080179702346975,49.096248857756606,-1.890518546816329,49.12053244854988,33.54947201419065,48.88124084556978,0.6900000000000013,46.698,SHARF,2
-1.8712593406957385,49.07882531148999,-1.7177074617033408,49.10184176861259,33.82550063739958,48.85651647742536,1.0279999999999987,46.558,SHARF,2
-1.563424800141297,49.04141652609639,-1.3734340059858385,49.056667729743275,34.384244467707475,48.8077254032218,1.3589999999999982,46.4,SHARF,2
-1.3565200403871813,49.014658449351145,-1.2023689487813691,49.030476712053414,34.6595360660532,48.77337166303669,1.3589999999999982,46.4,SHARF,2
-1.0515903438623058,48.96445969695505,-0.861345679404981,48.97122723412091,35.20924306829816,48.69750479482764,1.3589999999999982,46.4,SHARF,2
-0.8462359095950142,48.928991308695466,-0.6915135154470275,48.93782835371049,35.48954642129753,48.66088965143617,1.6849999999999987,46.225,SHARF,2
-0.6674190762690546,48.89449212194588,-0.521956232953043,48.9019239472727,35.764124360915424,48.616518644947355,2.0060000000000002,46.042,SHARF,2
-0.3725496083465726,48.824687690159294,-0.18453481588706908,48.81917992046654,36.31126795214082,48.51831308809923,2.3260000000000005,45.853,SHARF,2
-0.17108139656375462,48.77307906575063,-0.01657069002595682,48.7709875223815,36.59310926516803,48.47349892272624,2.6439999999999984,45.660000000000004,SHARF,2
0.12710262800622074,48.67936616957792,0.31714742541545743,48.66153574499806,37.1345484669173,48.3517537600588,2.9549999999999983,45.452,SHARF,2
0.45089079847275765,48.5622364095234,0.6507126775887705,48.533787836572365,37.67946553440553,48.22910152157249,2.9549999999999983,45.452,SHARF,2
0.6593034797611449,48.48273015528683,0.8174561927282016,48.46381305576251,37.94824269867306,48.158832650917496,3.257999999999999,45.226,SHARF,2
0.8370125386109923,48.40987326060781,0.984158884205583,48.39122461143694,38.21687914001331,48.08588468535206,3.5539999999999985,44.986000000000004,SHARF,2
1.1264905828564569,48.280004844089845,1.3146391089065375,48.24032604477333,38.75940997765735,47.94277795939507,3.846,44.739000000000004,SHARF,2
1.3236540640565704,48.190409320662575,1.4782207171768842,48.16166004725457,39.02651763318763,47.863101066957036,3.846,44.739000000000004,SHARF,2
1.6137390329544554,48.043953529794386,1.8024090233730996,47.99389848802283,39.55721885361381,47.69322530712887,4.134999999999998,44.482,SHARF,2
1.8091249876332196,47.941628905328564,1.963141054980157,47.90388569410634,39.826309230244156,47.60810773159638,4.416999999999998,44.212,SHARF,2
2.095945243225563,47.772517200295056,2.2835004709559628,47.70989846758014,40.34903470881171,47.41682473833236,4.416999999999998,44.212,SHARF,2
2.289536141231192,47.65414381158901,2.442762849921043,47.606089598221125,40.60913011016119,47.316992923242815,4.690999999999999,43.93,SHARF,2
2.57413329254077,47.462737712282106,2.7607176700943072,47.387437450667214,41.13210590127152,47.11482241772534,4.959,43.642,SHARF,2
2.76579752557488,47.33083076155246,2.91791674097052,47.27313058837084,41.388664172654174,47.0060298207546,5.224,43.342,SHARF,2
3.04327749456712,47.120528110252444,3.2268217609968004,47.033581904467674,41.90688803539963,46.793757770022296,5.224,43.342,SHARF,2
3.2293953111775844,46.97534193566474,3.378801598041831,46.90804380686604,42.159341753696715,46.67587516639726,5.481,43.037,SHARF,2
3.500283065058387,46.74511811810445,3.68069941738732,46.64612692154367,42.66003558860854,46.43212201204936,5.727,42.718,SHARF,2
3.682710263325657,46.586499407550896,3.8297892043771173,46.50950638462639,42.91863552866584,46.31117628162005,5.727,42.718,SHARF,2
3.9468056855320244,46.334183302086174,4.123739956019411,46.22236972970666,43.41178214130912,46.05185969686514,5.965,42.396,SHARF,2
4.124283615422343,46.157789354261624,4.26829497423138,46.06957428970153,43.656169866583426,45.918217030142465,6.202,42.066,SHARF,2
4.377286846953761,45.87275950835292,4.5489213982522605,45.74437327088629,44.142746175565556,45.64703439031698,6.434999999999999,41.729,SHARF,2
4.544364460004252,45.67389920686877,4.682958702980021,45.57261383087512,44.380089856427844,45.5039493956783,6.434999999999999,41.729,SHARF,2
4.6839179603050685,45.4911369042343,4.811531025100555,45.39341296756328,44.61476058760241,45.3580213648641,6.663,41.386,SHARF,2
4.9003142842937715,45.175016952740776,5.0561299722292325,45.028363670167934,45.08976273713871,45.060601928136464,6.882,41.036,SHARF,2
5.0449368307677185,44.95941987241828,5.172315715716797,44.84490937917104,45.321181582488435,44.90782493794305,6.882,41.036,SHARF,2
5.2452185793270845,44.6313761477539,5.3927143093088254,44.47495823879256,45.79394376609637,44.60116986117007,7.094999999999999,40.678000000000004,SHARF,2
5.377491839352759,44.41105878158149,5.497635761769783,44.28963253308126,46.02124225874678,44.44247926873839,7.301,40.313,SHARF,2
5.5613852305629115,44.081337165466394,5.700068652516264,43.91907466139145,46.4708196495358,44.11769261743294,7.501999999999999,39.938,SHARF,2
5.683706339319677,43.86078833767693,5.797262313563164,43.734490250304496,46.705880377398394,43.952889206321636,7.702,39.564,SHARF,2
5.850568044582551,43.52943778701538,5.980099019649128,43.361944517737314,47.14524392151217,43.616067199372544,7.897,39.185,SHARF,2
5.958219241136292,43.30621107179742,6.063448118676037,43.17475712641061,47.36218926970952,43.4446483080296,7.897,39.185,SHARF,2
6.101782126718924,42.9735542955755,6.21979950425978,42.801450331825244,47.797996625180716,43.09676594879461,8.083,38.800000000000004,SHARF,2
6.197613287201463,42.75082541701736,6.295348043712876,42.6156230416483,48.01003724210119,42.91951107516618,8.261,38.404,SHARF,2
6.333613400021296,42.421678407721934,6.445559842887559,42.24685168772574,48.43232410832939,42.56297547270284,8.261,38.404,SHARF,2
6.427133390582058,42.19881380052401,6.5208235452954275,42.06004002795519,48.64111601098307,42.38127685476574,8.436,38.007000000000005,SHARF,2
6.560600905108696,41.87477722232764,6.668372416588446,41.69833149992982,49.05371848568897,42.01292586995189,8.607,37.604,SHARF,2
6.6505746470852865,41.656945636632585,6.739937045508109,41.517026229360624,49.26877008140267,41.82621642907092,8.772,37.193000000000005,SHARF,2
6.776059868108037,41.33138211912007,6.878070181686277,41.15162349843911,49.67167896950513,41.4475944919896,8.772,37.193000000000005,SHARF,2
6.86438035798649,41.11572719809923,6.95027312466765,40.974043728697026,49.87078443434458,41.25594664366568,8.93,36.778,SHARF,2
6.992284351553203,40.78873932841147,7.0923449555113836,40.60595997357065,50.27544170874481,40.869747914241046,9.075999999999999,36.356,SHARF,2
7.080061168553468,40.564371803541796,7.163258108424844,40.417446264558706,50.47109550936858,40.67366518254601,9.219999999999999,35.931000000000004,SHARF,2
7.209545779187581,40.23715626867373,7.307515747371634,40.05214051303054,50.8688404318018,40.28246205386235,9.219999999999999,35.931000000000004,SHARF,2
7.295078083482863,40.01794669314745,7.3750015489011815,39.871052622486516,51.059756417864406,40.081984296866295,9.359,35.499,SHARF,2
7.365974387368558,39.82597819176863,7.439550038128493,39.68835487781899,51.24852872433442,39.879658053547296,9.496,35.062000000000005,SHARF,2
7.482503528945134,39.516539924346695,7.57254277470646,39.33569129941077,51.627540762257325,39.468455237062635,9.496,35.062000000000005,SHARF,2
7.565837616196278,39.31227546245787,7.641903594092361,39.16873536257586,51.811179139495664,39.261661261204026,9.496,35.062000000000005,SHARF,2
7.694447959346411,39.02651776611739,7.786524576262407,38.85274188427114,52.17535340607923,38.84412941926989,9.628,34.624,SHARF,2
7.789438932575947,38.839701271347174,7.86797188928031,38.70139285435769,52.36456319430275,38.642672657114105,9.75,34.181000000000004,SHARF,2
7.9522433647694015,38.56388268440816,8.055079624990428,38.392633468485776,52.71852396253139,38.216688015150524,9.866,33.730000000000004,SHARF,2
8.073775724186817,38.36756992714121,8.161248044718093,38.22529753305384,52.8939758376478,38.002050125583004,9.979,33.272,SHARF,2
8.334496961851853,37.85052138414518,8.47395619102489,37.59135751300756,53.24030633172686,37.56896484067843,10.09,32.814,SHARF,2
8.525139070531388,37.44384467209796,8.638201406010865,37.22466777440285,53.410890351478706,37.35068039805775,10.09,32.814,SHARF,2
8.756202044364535,36.901440086090275,8.883981809784046,36.63247280099133,53.75785566532201,36.91680903729173,10.197,32.356,SHARF,2
8.889316036233932,36.56680696037125,8.97952051727565,36.37295804703936,53.9228537716419,36.69448435928204,10.299999999999999,31.891,SHARF,2
9.04598618964575,36.12566250053364,9.144594065609557,35.89265064880492,54.249786901745985,36.24669266532125,10.399,31.424,SHARF,2
9.144870203202975,35.8385403674329,9.220523786328137,35.660965674913676,54.4177293980124,36.02307193583012,10.49,30.955,SHARF,2
9.27425618673525,35.43017771272907,9.36084821998527,35.20804823564355,54.738005647968706,35.56940887249011,10.49,30.955,SHARF,2
9.358329490160216,35.156080040645186,9.426624106920325,34.98225677096576,54.896549684564306,35.34109818863507,10.581999999999999,30.481,SHARF,2
9.472830850180117,34.75359431775251,9.552048286803883,34.53261182295182,55.219108380842286,34.881685157203655,10.671,30.006,SHARF,2
9.54818272006154,34.48100160199712,9.611346397870111,34.30677263801006,55.37365545404684,34.65028850873986,10.754999999999999,29.525,SHARF,2
9.650755047320652,34.07433394772021,9.723708360598733,33.85088886511497,55.68595813353842,34.18551789198891,10.754999999999999,29.525,SHARF,2
9.718527703766377,33.79838216684875,9.776952111108075,33.6220154900791,55.836945063155724,33.95135157226114,10.834999999999999,29.044000000000004,SHARF,2
9.812028273996034,33.39119499903776,9.879604162833568,33.16661930210782,56.137224727000586,33.48067554034551,10.91,28.557000000000002,SHARF,2
9.877311898128976,33.113782224675894,9.932742385544483,32.93598600447964,56.29003189738491,33.24707865018856,10.979,28.068000000000005,SHARF,2
9.966915858719677,32.703945689193496,10.03102121575332,32.477531262056736,56.58480134904119,32.77132180698712,10.979,28.068000000000005,SHARF,2
10.026203900902397,32.426180359885116,10.07758008057458,32.24751236539558,56.73079521293401,32.53211165721283,11.049999999999999,27.576,SHARF,2
10.107811529340006,32.01390595294003,10.167138939254231,31.78586659179067,57.02407532482084,32.05910270416568,11.11,27.079,SHARF,2
10.16220696823843,31.733920898537907,10.209960518143992,31.553758879248203,57.166480679547064,31.817564837111966,11.171,26.578000000000003,SHARF,2
10.23681249081098,31.31776698562108,10.291752126657114,31.087634809456034,57.45003434429064,31.33557836670269,11.171,26.578000000000003,SHARF,2
10.284035914653861,31.036340203527708,10.327414237214454,30.855044963020898,57.590045029921725,31.091368080256885,11.225,26.073999999999998,SHARF,2
10.351924156462363,30.614603792395854,10.402588316422712,30.38180576451166,57.866482464898766,30.60043281788357,11.273,25.569000000000003,SHARF,2
10.418981424144095,30.153863388901968,10.468453092551291,29.906488186398676,58.152725933157555,30.10843838562306,11.273,25.569000000000003,SHARF,2
10.461070764433735,29.856218878660375,10.499611401043909,29.668058329771103,58.28759446293462,29.860017435412285,11.318999999999999,25.060000000000002,SHARF,2
10.515076676111208,29.425809840829764,10.557731707001343,29.188931477356817,58.56733897308581,29.360612359482353,11.359,24.548000000000002,SHARF,2
10.549905848280476,29.135154772268514,10.583976222215078,28.949047736102017,58.698662132775155,29.109624417532064,11.392999999999999,24.04,SHARF,2
10.594000467822418,28.706569445149643,10.631270001751407,28.46987324948011,58.958738683264684,28.605766494635045,11.424,23.527,SHARF,2
10.6245654636497,28.415231639533303,10.65527880811937,28.228415947593426,59.09513845405273,28.356772309772882,11.452,23.012,SHARF,2
10.66042093891275,27.983926703965786,10.692946295793744,27.74579677310956,59.346890503418166,27.848908110158,11.452,23.012,SHARF,2
10.682850009779898,27.691854524097394,10.708916899913955,27.504381710330005,59.471836762559796,27.59433710990159,11.472,22.499000000000002,SHARF,2
10.707438228811018,27.26404912401763,10.734118275029164,27.026804708725567,59.7102690634719,27.092456012884938,11.484,21.982,SHARF,2
10.721387351366548,26.97715187276929,10.742602693077679,26.791207468913484,59.83206163530928,26.836892027212855,11.494,21.464999999999996,SHARF,2
10.728957620645057,26.556322389188214,10.747759500125762,26.321288131231242,60.07899078088292,26.327355026179507,11.494,21.464999999999996,SHARF,2
10.730269325967368,26.27152546403954,10.745085541452111,26.08601730602632,60.19689233125615,26.070845108447934,11.496,20.951999999999998,SHARF,2
10.723965396003495,25.850295863227867,10.735773309017143,25.614758729004752,60.428178511953924,25.55736348173334,11.493,20.439999999999998,SHARF,2
10.715628940302857,25.563905221860704,10.724903304787688,25.37748395782175,60.54991598618372,25.29943093892153,11.49,19.926000000000002,SHARF,2
10.70324875900465,25.314065515886682,10.710077554547192,25.140894358719976,60.6624656956888,25.042567367644896,11.49,19.926000000000002,SHARF,2
10.667686659441852,24.899983924353283,10.666171953298221,24.666649114467322,60.88383375215864,24.529316787019948,11.481,19.415,SHARF,2
10.637538027573248,24.614340650757477,10.635927910955791,24.427805830852535,61.00200857345742,24.27679908034442,11.464,18.906,SHARF,2
10.574732967152448,24.18540473176377,10.561072688834098,23.946345705214068,61.21365501670518,23.764041993674358,11.44,18.393,SHARF,2
10.490941872327822,23.710811561243393,10.46818981241071,23.45487356756369,61.414872576919684,23.258647097315748,11.411999999999999,17.881999999999998,SHARF,2
10.431104141311296,23.39876153904072,10.414047570485934,23.20215439055254,61.51786652347222,23.00287211168474,11.411999999999999,17.881999999999998,SHARF,2
10.32566685036577,22.931956980948705,10.291608773245738,22.678612801069065,61.71930161609135,22.491996893678486,11.379,17.375,SHARF,2
10.250984790403267,22.60708706262833,10.225088339827895,22.405651993285478,61.826993633427406,22.239583964167327,11.344,16.869999999999997,SHARF,2
10.128868059631664,22.100573404089147,10.085134419798187,21.832564001262195,62.01829772333606,21.72992041706602,11.299999999999999,16.363999999999997,SHARF,2
10.048672938685376,21.743111490858638,10.017115177018784,21.529754876700494,62.111813389462355,21.475361633511948,11.299999999999999,16.363999999999997,SHARF,2
9.94168358533521,21.183402634698886,9.899319998053024,20.895978936657606,62.30057568016634,20.959951523222603,11.251999999999999,15.862,SHARF,2
9.878597210087511,20.791643232952556,9.849974435397415,20.56588096041581,62.391211858070946,20.706214459280638,11.195,15.363000000000001,SHARF,2
9.822712087616827,20.191653760500945,9.795410748591653,19.88970607239386,62.580889086660996,20.198522389017832,11.195,15.363000000000001,SHARF,2
9.803656542915624,19.783899686986985,9.789168378452574,19.55243416223279,62.66764192273746,19.94562228460247,11.135,14.866000000000001,SHARF,2
9.817737307971854,19.195513634025847,9.814524050283332,18.897946188943404,62.83681364913383,19.441292638248353,11.071,14.371999999999998,SHARF,2
9.840092596120577,18.809769882536475,9.8413136242655,18.586316948052893,62.917562299243635,19.1922247517929,11.001999999999999,13.877999999999998,SHARF,2
9.891980119357811,18.27778120139893,9.904106407497387,18.00073172564451,63.07800610373573,18.69160795427372,11.001999999999999,13.877999999999998,SHARF,2
9.92558100944405,17.936137120415218,9.933360554508237,17.728672107628938,63.156522087879026,18.442355511388524,10.927,13.388,SHARF,2
9.966851655675473,17.459433389619427,9.978149173732692,17.20245005077597,63.31474890408436,17.94592585092451,10.844,12.901000000000002,SHARF,2
9.995292322883959,16.967154960390214,10.003356098141605,16.70441531112015,63.46430871105686,17.45028547998083,10.753,12.418000000000001,SHARF,2
10.010247721082084,16.48423172331027,10.014516247211908,16.2248960266078,63.61562679932062,16.957940877643313,10.663,11.94,SHARF,2
10.014712148692402,16.18489859183869,10.015864767960261,15.99281294053667,63.68572208552614,16.712206052789345,10.565999999999999,11.469,SHARF,2
10.009128895326526,15.773073628482313,10.006973273160746,15.539775417432585,63.816720911621616,16.225959525080555,10.565999999999999,11.469,SHARF,2
9.998927670210568,15.50252859930544,9.995135755198506,15.320987482694836,63.88233729441506,15.982870635255212,10.463,11.002,SHARF,2
9.987705885618782,15.271032759771103,9.983397963752108,15.103797430157055,63.946855708569345,15.740798990818089,10.350999999999999,10.543999999999999,SHARF,2
9.954965032324177,14.902423846130171,9.943073004323589,14.684955113064493,64.07689444870987,15.260684563057307,10.350999999999999,10.543999999999999,SHARF,2
9.927219922294505,14.654506548817512,9.916496795035187,14.481256120406883,64.1389172374626,15.021665721961167,10.234,10.092,SHARF,2
9.868469003690139,14.294427544270366,9.846602232523798,14.080079778819224,64.2589595251467,14.547561537227708,10.126999999999999,9.648000000000001,SHARF,2
9.820940712802338,14.054074751993285,9.801987065589657,13.88360653351977,64.33229949590783,14.312700120713496,10.009,9.209999999999999,SHARF,2
9.729479016091824,13.708644485740656,9.694593543125977,13.499665573202856,64.44357719639052,13.848081684408783,10.009,9.209999999999999,SHARF,2
9.657471640542502,13.479508213340965,9.627876147964319,13.31319474610193,64.49720075376118,13.61823361926632,9.884,8.781,SHARF,2
9.517181765366036,13.15734763582061,9.462886691831692,12.956912624001019,64.60170005986885,13.173002273950488,9.747,8.361,SHARF,2
9.317465179970752,12.80877472674237,9.24046785124472,12.59867006411095,64.70380346871875,12.725394477952879,9.605,7.949999999999999,SHARF,2
9.044316585409321,12.085849775347409,8.937808733021024,11.738764327192076,64.80380703865465,12.296251210846002,9.462,7.545,SHARF,2
8.885386819138137,11.65871367649563,8.815223489068543,11.420675596005077,64.85182807367205,12.078784096552711,9.312,7.154,SHARF,2
8.686131006648996,11.15931987759639,8.599920827032905,10.89498945157921,64.94783034501607,11.654259505594762,9.312,7.154,SHARF,2
8.564722018654813,10.857690889620716,8.504054738535675,10.66636753697276,64.98992341410887,11.443513965310792,9.158,6.769,SHARF,2
8.402922511567771,10.459353588645522,8.326733898805678,10.232741970520058,65.0725442805404,11.027619675772181,8.998,6.395,SHARF,2
8.240788344337044,10.053042828669884,8.16306013032593,9.823823021569636,65.15292844287602,10.621206182015976,8.998,6.395,SHARF,2
8.14056967239734,9.797842396159545,8.083777060292805,9.624405557084872,65.19135351291075,10.42030003846302,8.836,6.029,SHARF,2
7.996962218130051,9.445725622634397,7.924004666760275,9.23684755721742,65.26739483433758,10.027005749982031,8.671,5.670999999999999,SHARF,2
7.9000220856569765,9.213093826353619,7.8429414549987335,9.048312953887304,65.30174156444205,9.832456282545811,8.496,5.32,SHARF,2
7.756395232801523,8.87969917816101,7.682011080645505,8.678054823123615,65.36859551180537,9.449803851423981,8.315999999999999,4.978999999999999,SHARF,2
7.6595205387995176,8.654359882825853,7.601063604382809,8.492643632600887,65.39858241325534,9.264969208386532,8.131,4.645999999999999,SHARF,2
7.5172296683434325,8.3258549193835,7.441894432101579,8.126411646538884,65.45933021410195,8.894388828050436,8.131,4.645999999999999,SHARF,2
7.420265239752883,8.1044384760261,7.3605150904166345,7.9445359961118145,65.48782211773118,8.712237511092637,7.943999999999999,4.315999999999999,SHARF,2
7.27731638183541,7.782463271357457,7.2005226789750445,7.585779953171867,65.54469482267086,8.35026157032263,7.748999999999999,3.9939999999999998,SHARF,2
7.12130822622903,7.433785299878512,7.039114170468094,7.227513467699917,65.59354119778094,7.998723052195395,7.549999999999999,3.6790000000000003,SHARF,2
6.9624380901499405,7.07927504466395,6.878472516442381,6.871101477287422,65.638464262414,7.654245215704232,7.344999999999999,3.369999999999999,SHARF,2
6.8598670964451856,6.8520116137761065,6.795566194894705,6.6907790284048145,65.65941291323969,7.48347519726051,7.132,3.0760000000000005,SHARF,2
6.7118580642423264,6.53066701562659,6.630748107068752,6.335022259983608,65.69611147268337,7.147242131399613,7.132,3.0760000000000005,SHARF,2
6.6113987803786145,6.314932490411444,6.5469103525111825,6.158259374647275,65.71337431605531,6.9810360763768164,6.911999999999999,2.7889999999999997,SHARF,2
6.460928247842301,6.001510117851303,6.378023925053761,5.80908105880122,65.74475608184007,6.652305883475895,6.690999999999999,2.5060000000000002,SHARF,2
6.357707388853615,5.791149650798682,6.291323743161139,5.636765866350397,65.75963629448775,6.486965635610418,6.468,2.24,SHARF,2
6.199428135719364,5.488810523667246,6.11287282892763,5.30072769822664,65.78164708985902,6.1689887824195795,6.468,2.24,SHARF,2
6.02175343052481,5.169137572712059,5.927624921832596,4.9748774496680195,65.8045128578193,5.86088234978558,6.238999999999999,1.9830000000000005,SHARF,2
5.905521651970556,4.965995229813761,5.832700084664114,4.814893601989258,65.81143673173544,5.708528238572537,6.01,1.7360000000000007,SHARF,2
5.732561065930166,4.684848779725059,5.638875640191337,4.505196974138441,65.82310557060038,5.410371652121994,5.7829999999999995,1.5009999999999994,SHARF,2
5.614250594700006,4.498582719915568,5.539339951326567,4.3542000245372705,65.83534141379464,5.258486070931907,5.558,1.2769999999999992,SHARF,2
5.438465594709327,4.232656826626948,5.342308666560469,4.05916463250403,65.84023239704611,4.976979143271892,5.327999999999999,1.0700000000000003,SHARF,2
5.252471251540301,3.9486474668190623,5.151629984795974,3.768933293012172,65.84527933387328,4.708253154897364,5.327999999999999,1.0700000000000003,SHARF,2
5.137497086718101,3.7688326245097987,5.061249916939851,3.6279266385494715,65.84753151485077,4.575776948812406,5.097999999999999,0.875,SHARF,2
4.9775088574901165,3.515314504738271,4.88444752689243,3.3475531557830434,65.85318721673842,4.318250801265131,4.869999999999999,0.6970000000000001,SHARF,2
4.815580054764938,3.251947527051952,4.721101694818183,3.0809079933261994,65.86177063141024,4.074354430873036,4.869999999999999,0.6970000000000001,SHARF,2
4.71638729391136,3.088371787219012,4.644053158631611,2.95429337377243,65.86440772323756,3.9562984588865007,4.647,0.5300000000000002,SHARF,2
4.59019212807095,2.873511540955618,4.507690123891818,2.720779249537872,65.87163535305568,3.7301820595406556,4.422000000000001,0.3799999999999999,SHARF,2
4.469273095637063,2.6764786540830197,4.388461450801444,2.5303963385282433,65.87839381886695,3.515154341812528,4.195999999999998,0.24099999999999966,SHARF,2
4.394045641388971,2.572028073364325,4.329649497407252,2.460023615680583,65.88273320285623,3.41178280449698,3.974,0.11399999999999988,SHARF,2
4.049249624278639,2.493646877434835,3.8911057298515352,2.388633627501713,65.9032770168894,3.2199874029865367,3.754999999999999,-0.001000000000000334,SHARF,2
3.7450662816436875,2.3369678355785024,3.595775076031679,2.2062862248882547,65.91336922969558,3.035596881429011,3.754999999999999,-0.001000000000000334,SHARF,2
3.5798482700043883,2.2180124715659773,3.4762804831708114,2.1041420425801163,65.92183978069883,2.9524139930844866,3.5330000000000013,-0.10200000000000031,SHARF,2
3.3808177562823154,2.032249636861987,3.263368586891594,1.8948325321394508,65.93540154306805,2.782536165537309,3.311,-0.1930000000000005,SHARF,2
3.18740918872273,1.8356128276457733,3.070732254821608,1.6950561094104113,65.94802520436075,2.620412833478069,3.0889999999999986,-0.27200000000000024,SHARF,2
3.0703635973224292,1.7129752022858828,2.980460298697139,1.6003493492748415,65.95526000149476,2.544239203664067,2.8709999999999987,-0.3440000000000003,SHARF,2
2.9054892521070896,1.5479728139789288,2.7979281521629793,1.4199175334462522,65.969390011249,2.3983972265491325,2.649000000000001,-0.4039999999999999,SHARF,2
2.7949576690885123,1.4411516158258488,2.706509489947062,1.3349752385991085,65.97363224067402,2.327244940060608,2.4319999999999986,-0.45500000000000007,SHARF,2
2.5649553182411036,1.2399640044686806,2.433100941557363,1.0989462341613525,65.99214916119683,2.1297925798199446,2.218,-0.4930000000000003,SHARF,2
2.4357571216130935,1.1326434465984196,2.3393509197412397,1.0270985134689092,65.99652511717657,2.062918345429061,2.004999999999999,-0.5350000000000001,SHARF,2
2.260986284662998,1.0065820682408366,2.147756536035887,0.8942576987971536,66.00635489377024,1.947019567321515,2.004999999999999,-0.5350000000000001,SHARF,2
2.07045886803404,0.885138546723385,1.9508151238332163,0.7749839637194614,66.0186013273527,1.8509125564390374,1.7910000000000004,-0.5680000000000005,SHARF,2
1.9467799580255756,0.8099486193251915,1.850093990879463,0.717942663799495,66.02307405794919,1.7997796930681715,1.5799999999999983,-0.5840000000000005,SHARF,2
1.7667929353930436,0.7126751223747341,1.6492922939778056,0.612714354967819,66.03145840536789,1.7026850569621717,1.373000000000001,-0.5970000000000004,SHARF,2
1.5702821558883537,0.6135169843126939,1.4458307040608913,0.5135935532507998,66.03789237679092,1.6165219826061932,1.373000000000001,-0.5970000000000004,SHARF,2
1.444829628687619,0.5530872507913916,1.3447040453418748,0.4688143754201956,66.04177833769569,1.57525737305263,1.1720000000000006,-0.6040000000000001,SHARF,2
1.2621988697458946,0.4754025335840854,1.1408986411978501,0.38499101571856764,66.04794137662341,1.4971990442619862,0.9759999999999991,-0.601,SHARF,2
1.0658608428958494,0.39961977573972735,0.9385881536808015,0.31075085324786866,66.05678719746653,1.430833592342772,0.7899999999999991,-0.5970000000000004,SHARF,2
0.9408578141810383,0.3540112088113082,0.8379607242678778,0.27785474208113786,66.06231924774261,1.4002059609219617,0.6159999999999997,-0.5920000000000005,SHARF,2
0.7597330455236918,0.29918328727093374,0.6360475252508083,0.21984957542467523,66.07436732697347,1.3471253006338453,0.6159999999999997,-0.5920000000000005,SHARF,2
0.5678769718972376,0.2505297294136664,0.43928505876285723,0.1744146618020869,66.0944198977275,1.3015717557075996,0.45700000000000074,-0.5830000000000002,SHARF,2
0.37961793037060043,0.21100670122728218,0.251139587744162,0.13946861090124055,66.12259489014149,1.2626743254230943,0.31400000000000006,-0.5700000000000003,SHARF,2
0.2647203878954964,0.1884732629350151,0.16129663845189396,0.12514439396650634,66.14127232340184,1.2459525850551962,0.18299999999999983,-0.5540000000000003,SHARF,2
0.11062572267664962,0.16595387490394423,-0.0075076408835905595,0.10300458183630373,66.18634297916387,1.2122575218149154,0.06299999999999883,-0.54,SHARF,2
