0.0,0.9988911638119041
0.0,0.9988911638118182
0.0,0.9988539212601908
0.0,0.9988745166399451
-0.001000000000000334,0.9988795025018099
0.0,0.9988583616053994
0.0,0.9988731254556752
0.0,0.9988794888105923
0.0009999999999994458,0.9988795226687852
0.0,0.9988795265124484
-0.001000000000000334,0.9988715816419594
-0.001000000000000334,0.9988717333254248
-0.001000000000000334,0.9988794508098673
0.0,0.9988794993378114
0.0,0.9988712780504574
0.0009999999999994458,0.9988794487229052
0.0019999999999997797,0.9988794392531589
0.0030000000000001137,0.998879429517686
0.004999999999999893,0.9988726432470036
0.004999999999999893,0.9988794120508939
0.01100000000000012,0.9988533810792888
0.019999999999999574,0.998852721104926
0.019999999999999574,0.9988715322164771
0.03000000000000025,0.998803363085878
0.041999999999999815,0.9987081346785734
0.041999999999999815,0.9988514318099975
0.05600000000000005,0.9988536041752353
0.07299999999999951,0.9988805832335644
0.07299999999999951,0.9988477481091895
0.09399999999999942,0.998855089487177
0.11599999999999966,0.9988233728971414
0.14100000000000001,0.9988340764684944
0.14100000000000001,0.9988609544275487
0.16699999999999982,0.9988694881410614
0.2029999999999994,0.9988262977918337
0.2029999999999994,0.9988363376809584
0.2029999999999994,0.998880031029839
0.23499999999999943,0.9988600095072022
0.2709999999999999,0.9988463658820915
0.31099999999999994,0.9988567050432847
0.35599999999999987,0.998806012181986
0.41000000000000014,0.998860084351656
0.41000000000000014,0.9987198545876906
0.41000000000000014,0.9987673172505472
0.47799999999999976,0.9981667486996856
0.5619999999999994,0.9984049063421293
0.6559999999999997,0.9980523678277917
0.7720000000000002,0.9985613277842013
0.907,0.9988774369592464
0.907,0.9962680554901274
1.056,0.998417514937356
1.2199999999999998,0.9905981813191315
1.2199999999999998,0.9946962528450293
1.3919999999999995,0.9988687330491282
1.5750000000000002,0.9606244777720895
1.7649999999999997,0.9891361090959915
1.7649999999999997,0.9464649349184734
1.9589999999999996,0.9593493286462794
2.16,0.8962307174315769
2.16,0.9301578988446293
2.369999999999999,0.998773619277723
2.583,0.8331926457802121
2.802999999999999,0.8717868827358828
2.802999999999999,0.9986711025278784
3.0280000000000005,0.8028342038362034
3.2569999999999997,0.9983441693316958
3.4909999999999997,0.8162464015824908
3.4909999999999997,0.7813186837133723
3.731,0.7783547133684705
3.978999999999999,0.9984564633296674
3.978999999999999,0.6653700740387899
4.234,0.7327527713219658
4.491999999999999,0.6078186909887217
4.756,0.6601903933492084
4.756,0.6007063010303706
5.029999999999999,0.6431336446107632
5.311999999999999,0.9974543017337478
5.311999999999999,0.5306417102414711
5.606,0.5971801607493507
5.911,0.9973247177410468
5.911,0.447073465884866
6.228,0.4957609273912836
6.557,0.38728215639731084
6.898,0.43362265563244873
6.898,0.3040169879780659
6.898,0.37900779998319084
7.247999999999999,0.2578162618740065
7.609999999999999,0.905219108635658
7.978,0.272407767690165
8.352,0.2241284305986197
8.733,0.24549144645209733
8.733,0.9554268873335978
9.121,0.21175293493978242
9.514,0.21834994588652204
9.913,0.21143513009003542
10.315,0.20798007878003813
10.315,0.7979295142608536
10.720999999999998,0.209734999274754
10.720999999999998,0.21330623388420714
11.130999999999998,0.9799561283973908
11.130999999999998,0.20184825951611876
11.543000000000001,0.20190501150411486
11.961,0.1972353377667574
12.380999999999998,0.1855693130735362
12.804,0.14903995130163114
13.232999999999999,0.4156137826039194
13.664,0.20349241434572574
14.098999999999998,0.19995346219278742
14.537999999999998,0.976147179545077
14.537999999999998,0.20128868816553971
14.981,0.19951045125311723
14.981,0.1963456699140721
15.427000000000001,0.0031739663219750567
15.877,0.00017575522371612417
16.33,0.0002571026504984008
16.786,0.00028499497793282023
17.247999999999998,0.00029162735459775186
17.247999999999998,0.00029341092917924334
17.714,0.00029367343588577614
18.183,0.0002938714282057476
18.656,0.00029372164063125046
19.130000000000003,0.0002938011616788025
19.609,0.00029345592144161103
19.609,0.0002933750932675857
20.092,0.0002933693935158176
20.576999999999998,0.0002933558496504131
20.576999999999998,0.0002933112047165699
21.063000000000002,0.0002933533729176233
21.554000000000002,0.0002933145095358534
22.049,0.00029332269902186323
22.546999999999997,0.00029328832102279716
22.546999999999997,0.0002932904368695529
23.043,0.0002932690242140093
23.546,0.00029325918081468834
23.546,0.00029324891793240584
24.051000000000002,0.00029325939746508394
24.558,0.0002932321059950058
24.558,0.00029324330830682045
25.061999999999998,0.00029324547857623444
25.569000000000003,0.0002932515102284144
26.076999999999998,0.00029322783041022953
26.583,0.00029322230076518494
27.090000000000003,0.00029322029389125624
27.090000000000003,0.00029321897370914585
27.090000000000003,0.000293219461955174
27.090000000000003,0.00029321962817935337
27.597,0.0014660550568725596
28.105000000000004,0.19398079444188493
28.61,0.17775250462093747
29.114000000000004,0.13320671377403062
29.615000000000002,0.06661391381211929
29.615000000000002,0.022369646198174182
30.115000000000002,0.006311366862418633
30.616,0.009162452295043848
31.114000000000004,0.19904743548299864
31.614000000000004,0.196039090034775
32.113,0.1848650637997026
32.113,0.15055275687909095
32.613,0.08646796958874366
33.107,0.032138686354492844
33.602000000000004,0.00933546404498907
33.602000000000004,0.013165366374299192
34.097,0.19903285193416326
34.592,0.9796578755520774
34.592,0.19979463405621517
35.083,0.19891526850323518
35.577,0.19548613923680005
36.071000000000005,0.18287457046322125
36.071000000000005,0.1454014953649392
36.566,0.07998042037459453
37.062000000000005,0.02872077636507845
37.062000000000005,0.008249681038302776
37.556000000000004,0.002343736408157397
38.051,0.0008098969430489876
38.545,0.0004226420128362184
39.038000000000004,0.00032559058682888014
39.038000000000004,0.0003013430161616006
39.533,0.00029528177593856936
40.028,0.00029376003512696346
40.524,0.00029338651953712147
40.524,0.00029329334450818064
41.019,0.0014661509267576277
41.512,0.9674279230057081
42.004000000000005,0.9988669900673532
42.495000000000005,0.19977766059252602
42.984,0.19891814000293487
43.47,0.19552161144916705
43.47,0.1829367322424472
43.955,0.14545695522240995
44.438,0.08004923343765197
44.438,0.02875540022839115
44.923,0.04129951162204918
45.403,0.1996993536096153
45.881,0.19852912721952243
45.881,0.19400204678703234
46.356,0.17775891668716898
46.831,0.1332039825487695
46.831,0.06661312130228701
47.304,0.022375531285327155
47.775,0.00631413472504989
48.241,0.0018336718064127417
48.705,0.0006806984268823864
49.17,0.0003903944104252343
49.17,0.0003176345782765811
49.631,0.0002994523422922458
50.089,0.0014738701409220357
50.546,0.19288940699082577
51.002,0.17409725244097082
51.002,0.6259487314080003
51.454,0.19987852678690077
51.899,0.00043027559194421704
52.341,0.01449169354839585
52.777,0.004046984223383335
53.207,0.0012471834321128828
53.627,0.0005335127357331209
53.627,0.0003546585242420148
54.041000000000004,0.0015432460282236104
54.440000000000005,0.1936127177960463
54.824,0.1762252985827117
55.195,0.1286273087783747
55.550000000000004,0.010655613778783381
55.550000000000004,0.0033695318827985
55.89,0.0010806816388231342
56.215,0.0005235991761767774
56.524,0.0003618333613755944
56.822,0.0003822932654975139
57.109,0.0003534256950600302
57.109,0.0004538801415256894
57.383,0.0004266165606548808
57.648,0.0006595900623387742
57.9,0.0021906134755703918
58.139,0.315580035558062
58.139,0.4355031449813073
58.364000000000004,0.37787665736597376
58.574,0.9160989185067163
58.768,0.6490389439876638
58.768,0.5491153906986025
58.95,0.6995819041009376
59.114000000000004,0.5861527316476507
59.114000000000004,0.997371643980519
59.265,0.9107172770168478
59.265,0.8392907816187984
59.397999999999996,0.9261818450617331
59.518,0.86504366990088
59.622,0.998698403572498
59.709,0.9732072858863019
59.709,0.9987967774771422
59.783,0.9591404054619833
59.783,0.9921657689813923
59.845,0.981263051145362
59.894000000000005,0.9960349536777865
59.931,0.9987103242584532
59.956,0.9962821637977235
59.97200000000001,0.998382924939825
59.97200000000001,0.9975850271444615
59.97500000000001,0.998735951242685
59.97200000000001,0.9988254779187854
59.96600000000001,0.9987495777487896
59.967,0.998827941847768
59.96900000000001,0.9988059058044704
59.96900000000001,0.9988800133761847
59.968,0.9988311834384367
59.968,0.9988468804540067
59.968,0.9988316885765697
59.968,0.9988789164717375
59.968,0.9988819026680614
59.968,0.9988834759072613
59.968,0.9988835492970223
59.968,0.9987983015782433
59.968,0.9987997764748042
59.968,0.9987997764748042
59.968,0.9987997764748042
59.968,0.9987997764748042
59.968,0.9987997764748042
59.968,0.9987997764748042
59.968,0.9987997764748042
59.968,0.9987997764748042
59.968,0.9987997764748042
59.968,0.9987997764748042
59.968,0.9987997764748042
59.968,0.9987997764748042
59.968,0.9987997764748042
59.968,0.9987997764748042
59.968,0.9987997764748042
59.968,0.9987997764748042
59.968,0.9987997764748042
59.968,0.9987997764748042
59.968,0.9987997764748042
59.968,0.9987997764748042
59.968,0.9987997764748042
59.968,0.9987997764748042
59.968,0.9987997764748042
59.968,0.9987997764748042
59.968,0.9987997764748042
59.968,0.9987997764748042
59.968,0.9987997764748042
59.968,0.9987997764748042
59.968,0.9987997764748042
59.968,0.9987997764748042
59.968,0.9987997764748042
59.968,0.9987997764748042
59.968,0.9987997764748042
59.968,0.9987997764748042
59.968,0.9987997764748042
59.968,0.9987997764748042
59.968,0.9987997764748042
59.968,0.9987997764748042
59.968,0.9987997764748042
59.968,0.9987997764748042
59.968,0.9987997764748042
59.968,0.9987997764748042
59.968,0.9987997764748042
59.968,0.9987997764748042
59.968,0.9987997764748042
59.968,0.9987997764748042
59.968,0.9987997764748042
59.968,0.9987997764748042
59.968,0.9987997764748042
59.968,0.9987997764748042
59.968,0.9987997764748042
59.968,0.9987997764748042
59.968,0.9987997764748042
59.968,0.9987997764748042
