0.0,0.9988911638119041
0.0,0.9988911638118182
0.0,0.9981863937737019
0.0,0.9977698027008289
-0.001000000000000334,0.9981839263591626
0.0,0.9981873912324075
0.0,0.9978476860600288
0.0,0.9981832064615497
0.0009999999999994458,0.9981854359142129
0.0,0.9981858119914557
-0.001000000000000334,0.997674329197341
-0.001000000000000334,0.9981821199367199
0.0,0.9981809844969615
0.0,0.9981839831658542
0.0,0.9974507263763774
0.0009999999999994458,0.998180213330408
0.0019999999999997797,0.998179610576879
0.0030000000000001137,0.9981790236158818
0.004999999999999893,0.41934693899436065
0.004999999999999893,0.9966595738147241
0.01100000000000012,0.9981777924441472
0.019999999999999574,0.4091669406804268
0.019999999999999574,0.9966027365945612
0.03000000000000025,0.9981849690270418
0.041999999999999815,0.5399803394208853
0.041999999999999815,0.9972577280694891
0.05600000000000005,0.9982016797093893
0.07299999999999951,0.5522515054721581
0.07299999999999951,0.9973150341789488
0.07299999999999951,0.9981871377365339
0.09399999999999942,0.5222941599021091
0.11599999999999966,0.9971935424127457
0.14100000000000001,0.7360972252577067
0.16699999999999982,0.9977766626074437
0.2029999999999994,0.9981583704467273
0.2029999999999994,0.5091589487219955
0.2029999999999994,0.9970320243670509
0.23499999999999943,0.48459472576608686
0.2709999999999999,0.9970587964343169
0.31099999999999994,0.9980297035736485
0.35599999999999987,0.4393148154485413
0.41000000000000014,0.521460542843022
0.41000000000000014,0.9955596702937385
0.47799999999999976,0.24797208916420221
0.5619999999999994,0.9943331852793215
0.5619999999999994,0.997486713148008
0.6559999999999997,0.41051962535949993
0.7720000000000002,0.9946714537580793
0.907,0.9953823439915703
0.907,0.2010559443224118
1.056,0.9792940042335512
1.2199999999999998,0.9816595133499171
1.2199999999999998,0.9817229537473834
1.3919999999999995,0.9304308482155266
1.5750000000000002,0.8950604949906728
1.5750000000000002,0.8950115446989184
1.7649999999999997,0.6980496322991758
1.7649999999999997,0.6977759816188589
1.9589999999999996,0.5916609742480161
2.16,0.457862218004321
2.369999999999999,0.457168755633196
2.369999999999999,0.33905084696813037
2.583,0.3073396268388398
2.802999999999999,0.30263874633613974
2.802999999999999,0.23659732938394817
3.0280000000000005,0.2117284558458485
3.2569999999999997,0.14256027329160104
3.4909999999999997,0.07526121709416664
3.4909999999999997,0.027011296067577396
3.731,0.008153944094323412
3.978999999999999,0.0023893976718693814
3.978999999999999,0.0008354722221836125
4.234,0.00043552425598323457
4.491999999999999,0.0003303666624631681
4.756,0.0003036745945885568
4.756,0.0002960769912964131
5.029999999999999,0.00029411915982910397
5.311999999999999,0.0002934865186205072
5.606,0.00029331945667511163
5.606,0.000293277686439057
5.911,0.00029326724270066853
6.228,0.00029326463147170625
6.557,0.000293263978590898
6.557,0.000293263815352304
6.898,0.00029326377453805716
6.898,0.0002932637643333456
7.247999999999999,0.0002932637617818803
7.609999999999999,0.00029326376114394213
7.978,0.0002932637609844396
8.352,0.0002932637609445595
8.733,0.00029326376093458833
8.733,0.00029326376093209526
8.733,0.00029326376093147195
9.121,0.00029326376093131605
9.514,0.0002932637609312772
9.913,0.00029326376093126736
10.315,0.0002932637609312649
10.720999999999998,0.00029326376093126433
10.720999999999998,0.00029326376093126417
10.720999999999998,0.0002932637609312641
11.130999999999998,0.0002932637609312641
11.543000000000001,0.0002932637609312641
11.961,0.0002932637609312641
12.380999999999998,0.0002932637609312641
12.380999999999998,0.0002932637609312641
12.804,0.0002932637609312641
13.232999999999999,0.0002932637609312641
13.664,0.0002932637609312641
13.664,0.0002932637609312641
14.098999999999998,0.0002932637609312641
14.537999999999998,0.0002932637609312641
14.981,0.0002932637609312641
14.981,0.0002932637609312641
14.981,0.0002932637609312641
15.427000000000001,0.0002932637609312641
15.877,0.0002932637609312641
16.33,0.0002932637609312641
16.786,0.0002932637609312641
17.247999999999998,0.0002932637609312641
17.247999999999998,0.0002932637609312641
17.714,0.0002932637609312641
18.183,0.0002932637609312641
18.656,0.0002932637609312641
19.130000000000003,0.0002932637609312641
19.130000000000003,0.0002932637609312641
19.609,0.0002932637609312641
19.609,0.0002932637609312641
20.092,0.0002932637609312641
20.576999999999998,0.0002932637609312641
21.063000000000002,0.0002932637609312641
21.063000000000002,0.0002932637609312641
21.554000000000002,0.0002932637609312641
22.049,0.0002932637609312641
22.546999999999997,0.0002932637609312641
22.546999999999997,0.0002932637609312641
23.043,0.0002932637609312641
23.546,0.0002932637609312641
24.051000000000002,0.0002932637609312641
24.051000000000002,0.0002932637609312641
24.558,0.0002932637609312641
24.558,0.0002932637609312641
25.061999999999998,0.0002932637609312641
25.569000000000003,0.0002932637609312641
26.076999999999998,0.0002932637609312641
26.076999999999998,0.0002932637609312641
26.583,0.0002932637609312641
27.090000000000003,0.0002932637609312641
27.090000000000003,0.0002932637609312641
27.090000000000003,0.0002932637609312641
27.597,0.0002932637609312641
28.105000000000004,0.0002932637609312641
28.61,0.0002932637609312641
29.114000000000004,0.0002932637609312641
29.615000000000002,0.0002932637609312641
29.615000000000002,0.0002932637609312641
29.615000000000002,0.0002932637609312641
30.115000000000002,0.0002932637609312641
30.616,0.0002932637609312641
31.114000000000004,0.0002932637609312641
31.614000000000004,0.0002932637609312641
32.113,0.0002932637609312641
32.113,0.0002932637609312641
32.613,0.0002932637609312641
33.107,0.0002932637609312641
33.602000000000004,0.0002932637609312641
33.602000000000004,0.0002932637609312641
34.097,0.0002932637609312641
34.592,0.0002932637609312641
34.592,0.0002932637609312641
35.083,0.0002932637609312641
35.577,0.0002932637609312641
36.071000000000005,0.0002932637609312641
36.071000000000005,0.0002932637609312641
36.566,0.0002932637609312641
37.062000000000005,0.0002932637609312641
37.062000000000005,0.0002932637609312641
37.556000000000004,0.0002932637609312641
38.051,0.0002932637609312641
38.545,0.0002932637609312641
39.038000000000004,0.0002932637609312641
39.533,0.0002932637609312641
39.533,0.0002932637609312641
40.028,0.0002932637609312641
40.524,0.0002932637609312641
40.524,0.0002932637609312641
41.019,0.0002932637609312641
41.512,0.0002932637609312641
42.004000000000005,0.0002932637609312641
42.495000000000005,0.0002932637609312641
42.984,0.0002932637609312641
42.984,0.0002932637609312641
43.47,0.0002932637609312641
43.955,0.0002932637609312641
44.438,0.0002932637609312641
44.438,0.0002932637609312641
44.923,0.0002932637609312641
45.403,0.0002932637609312641
45.881,0.0002932637609312641
45.881,0.0002932637609312641
46.356,0.0002932637609312641
46.831,0.0002932637609312641
46.831,0.0002932637609312641
47.304,0.0002932637609312641
47.775,0.0002932637609312641
48.241,0.0002932637609312641
48.241,0.0002932637609312641
48.705,0.0002932637609312641
49.17,0.0002932637609312641
49.17,0.0002932637609312641
49.631,0.0002932637609312641
50.089,0.0002932637609312641
50.546,0.0002932637609312641
51.002,0.0002932637609312641
51.454,0.0002932637609312641
51.454,0.0002932637609312641
51.899,0.0002932637609312641
52.341,0.0002932637609312641
52.341,0.0002932637609312641
52.777,0.0002932637609312641
53.207,0.0002932637609312641
53.627,0.0002932637609312641
53.627,0.0002932637609312641
54.041000000000004,0.0002932637609312641
54.440000000000005,0.0002932637609312641
54.824,0.0002932637609312641
55.195,0.0002932637609312641
55.195,0.0002932637609312641
55.550000000000004,0.0002932637609312641
55.550000000000004,0.0002932637609312641
55.89,0.0002932637609312641
56.215,0.0002932637609312641
56.524,0.0002932637609312641
56.822,0.0002932637609312641
57.109,0.0002932637609312641
57.109,0.0002932637609312641
57.383,0.0002932637609312641
57.648,0.0002932637609312641
57.9,0.0002932637609312641
58.139,0.0002932637609312641
58.364000000000004,0.0002932637609312641
58.364000000000004,0.0002932637609312641
58.574,0.0002933371352098592
58.768,0.0002933600413178442
58.768,0.00029411533320789445
58.95,0.0002943515318501499
59.114000000000004,0.00033011632650000437
59.265,0.0003430732190325418
59.265,0.00034683257020315925
59.397999999999996,0.0006804877160951222
59.518,0.001017286131597763
59.622,0.002270935283078854
59.709,0.008811881971324457
59.783,0.036909636558779026
59.783,0.3158205802833913
59.783,0.8089285666268997
59.845,0.19771839286124168
59.894000000000005,0.19195271694275695
59.931,0.8352511327931519
59.956,0.21509957522495265
59.97200000000001,0.9922399485063744
59.97200000000001,0.5516517822165452
59.97500000000001,0.9951199857730965
59.97200000000001,0.732192929724524
59.96600000000001,0.9981675147482992
59.967,0.60573168324547
59.96900000000001,0.9979304624958909
59.96900000000001,0.8637961881854733
59.96900000000001,0.9974946477731177
59.968,0.9986421587466343
59.968,0.4603396382545785
59.968,0.8527436831751632
59.968,0.9982371869963239
59.968,0.9983417130028891
59.968,0.8574901208464727
59.968,0.9984616892156272
59.968,0.5615214335338832
59.968,0.9977819772603137
59.968,0.9977819772603137
59.968,0.9977819772603137
59.968,0.9977819772603137
59.968,0.9977819772603137
59.968,0.9977819772603137
59.968,0.9977819772603137
59.968,0.9977819772603137
59.968,0.9977819772603137
59.968,0.9977819772603137
59.968,0.9977819772603137
59.968,0.9977819772603137
59.968,0.9977819772603137
59.968,0.9977819772603137
59.968,0.9977819772603137
59.968,0.9977819772603137
59.968,0.9977819772603137
59.968,0.9977819772603137
59.968,0.9977819772603137
59.968,0.9977819772603137
59.968,0.9977819772603137
59.968,0.9977819772603137
59.968,0.9977819772603137
59.968,0.9977819772603137
59.968,0.9977819772603137
