Filter X,Filter Y,IMU X,IMU Y,GPS X,GPS Y,Ground Truth X,Ground Truth Y,Algorithm,Spoofing Rate
0.2249973520874681,0.0,0.0,0.0,0.0,0.0,0.004000000000001336,0.0019999999999997797,SHARF,2
0.44999732950669874,0.0,0.0,0.0,0.0,0.0,0.004000000000001336,0.0019999999999997797,SHARF,2
0.6749973141980535,0.0,0.0,0.0,0.0,0.0,0.004000000000001336,0.0009999999999994458,SHARF,2
0.8999972894126743,0.0,0.0,0.0,0.0,0.0,0.0030000000000001137,0.0009999999999994458,SHARF,2
1.1249972529635368,0.0,0.0,0.0,0.0,0.0,0.0030000000000001137,0.0009999999999994458,SHARF,2
1.3499972026636786,0.0,0.0,0.0,0.0,0.0,0.0030000000000001137,0.0019999999999997797,SHARF,2
1.574997136326138,0.0,0.0,0.0,0.0,0.0,0.0030000000000001137,0.0019999999999997797,SHARF,2
1.7999970517639534,0.0,0.0,0.0,0.0,0.0,0.0010000000000012221,0.0009999999999994458,SHARF,2
2.0249969467901647,0.0,0.0,0.0,0.0,0.0,0.0010000000000012221,0.0009999999999994458,SHARF,2
2.249996819217812,0.0,0.0,0.0,0.0,0.0,0.0010000000000012221,0.0009999999999994458,SHARF,2
2.474996666859937,0.0,0.0,0.0,0.0,0.0,0.0010000000000012221,0.0009999999999994458,SHARF,2
2.699996487529581,0.0,0.0,0.0,0.0,0.0,0.0019999999999988916,0.0019999999999997797,SHARF,2
2.9249962790397883,0.0,0.0,0.0,0.0,0.0,0.0010000000000012221,0.0009999999999994458,SHARF,2
3.149996039203603,0.0,0.0,0.0,0.0,0.0,0.0010000000000012221,0.0009999999999994458,SHARF,2
3.3749957658340706,0.0,0.0,0.0,0.0,0.0,0.0010000000000012221,0.0009999999999994458,SHARF,2
3.5999954567442387,0.0,0.0,0.0,0.0,0.0,0.0,0.0019999999999997797,SHARF,2
3.8249951097471553,0.0,0.0,0.0,0.0,0.0,0.0,0.0009999999999994458,SHARF,2
4.04999472265587,0.0,0.0,0.0,0.0,0.0,0.0,0.0009999999999994458,SHARF,2
4.274994293283434,0.0,0.0,0.0,0.0,0.0,0.0,0.0009999999999994458,SHARF,2
4.4999938189782,0.0,0.0,0.0,0.1,0.0,0.0019999999999988916,0.0030000000000001137,SHARF,2
4.7249932984826195,-8.110293330067232e-18,0.0,0.0,0.19972389031384372,-0.004351128148092717,0.0019999999999988916,0.004999999999999893,SHARF,2
4.9499927636102665,-4.084900952403048e-10,0.0,0.0,0.2996696465570401,-0.0026680430792844884,0.0019999999999988916,0.009999999999999787,SHARF,2
5.174849659784957,-2.0808599444277773e-08,0.0,0.0,0.3996271007086433,-0.0005000435664808779,0.0019999999999988916,0.009999999999999787,SHARF,2
5.399848985761636,-2.0409781124835453e-08,0.0,0.0,0.4999044349881546,0.0020915626302077267,0.0,0.016000000000000014,SHARF,2
5.624848324881385,-2.0071074372371898e-08,0.0,0.0,0.6004985050670152,-0.0003144989289434842,0.0,0.016000000000000014,SHARF,2
5.849676645194815,1.5512428351177564e-07,0.0,0.0,0.7006734074990816,0.003540572244704926,-0.0019999999999988916,0.02799999999999958,SHARF,2
6.07467579890476,1.520021455221565e-07,0.0,0.0,0.8005569311598879,0.008250838592885432,-0.0019999999999988916,0.02799999999999958,SHARF,2
6.299480958183613,9.219901320750975e-07,0.0,0.0,0.9006181039391777,0.013661988574018265,-0.0019999999999988916,0.02799999999999958,SHARF,2
3.6024733418357773,0.010273776928655092,0.0,0.0,0.999409980447284,0.01591646952216335,-0.0030000000000001137,0.041999999999999815,SHARF,2
1.478140101751663,0.0215082055259734,0.0,0.0,1.0999103699729114,0.022981703853103736,-0.004999999999999005,0.06099999999999994,SHARF,2
1.7030782422589075,0.0210515491498088,0.0,0.0,1.2005187042103593,0.03109615852465569,-0.0070000000000014495,0.08499999999999996,SHARF,2
1.8561750507450563,0.023068069725878722,0.0,0.0,1.3012016153421062,0.040282951023824586,-0.0070000000000014495,0.08499999999999996,SHARF,2
1.5204759903933573,0.043871347839975726,0.0,0.0,1.3998515877356508,0.047888197743320336,-0.0070000000000014495,0.08499999999999996,SHARF,2
1.7287380463723478,0.04383406556728043,0.0,0.0,1.5005167246033173,0.059764527684111494,-0.012000000000000455,0.11899999999999977,SHARF,2
1.906309525103331,0.04706343274480121,0.0,0.0,1.601227512680524,0.07338206561453813,-0.013000000000001677,0.1589999999999998,SHARF,2
1.803863478081376,0.07948539560988095,0.0,0.0,1.702089299922142,0.08865383477377833,-0.013000000000001677,0.1589999999999998,SHARF,2
1.8823644975143738,0.0918778657262385,0.0,0.0,1.7974639873508258,0.10014542077964837,-0.019999999999999574,0.20699999999999985,SHARF,2
2.1030751046156815,0.08891542348132328,0.0,0.0,1.8987960821131682,0.11907733803547899,-0.019999999999999574,0.20699999999999985,SHARF,2
2.3280340326693474,0.08524729064446396,0.001374236644963684,0.09869006331062989,2.0003949815703392,0.14003360301370582,-0.030000000000001137,0.26400000000000023,SHARF,2
2.5529649248090363,0.08157998733642693,-0.0014334200166096316,0.14622944591233938,2.102092119892138,0.16302521677725523,-0.04100000000000037,0.3309999999999995,SHARF,2
2.66383467510718,0.1023993483183565,-0.005025785447107255,0.18424316084757952,2.2068410037386053,0.18212419749601272,-0.04100000000000037,0.3309999999999995,SHARF,2
2.8885076135093133,0.09776119333541036,-0.007797120914553764,0.21940224928999197,2.3085887584746567,0.20933604908832046,-0.05600000000000094,0.40700000000000003,SHARF,2
3.1132885041399345,0.0930666491860646,-0.009860426702721803,0.2549310184951138,2.4104826459733966,0.23885027368180242,-0.07199999999999918,0.4950000000000001,SHARF,2
0.43549616968914134,0.2692757761352507,-0.011334387804560357,0.2915350178876578,2.5125880747577165,0.2707883886607416,-0.07199999999999918,0.4950000000000001,SHARF,2
0.461786652585697,0.3079271963233448,-0.012119007976172817,0.3299945532472064,2.611509476957972,0.30788243517493824,-0.07199999999999918,0.4950000000000001,SHARF,2
0.264714844839359,0.3415889316653402,-0.012689207598610912,0.3704853541697057,2.7135387652669483,0.3449626828988614,-0.09199999999999875,0.593,SHARF,2
0.1828827660022756,0.3822037053222425,-0.012935828302170663,0.4139073787497005,2.815604969248896,0.38476779670362155,-0.09199999999999875,0.593,SHARF,2
0.543259327873412,0.42882662104406477,-0.013014378727356807,0.45956309083725594,2.9175208046284045,0.4272871287643081,-0.09199999999999875,0.593,SHARF,2
1.396250987482513,0.4792154972925678,-0.012888100131143318,0.5082944977326311,3.017668615718445,0.4706744996658358,-0.11599999999999966,0.7039999999999997,SHARF,2
1.5017160306775683,0.5244245836557933,-0.012449050144668166,0.5594391172880591,3.119665815437426,0.5187581461230184,-0.14700000000000202,0.827,SHARF,2
1.625860353021494,0.5768168258730609,-0.012099936266898384,0.614223131987063,3.221941559484771,0.5699964526716852,-0.18599999999999994,0.9629999999999992,SHARF,2
1.6899541107267826,0.6313294792873051,-0.011950728307943519,0.6719060494111015,3.324174556252232,0.6243473269314639,-0.2289999999999992,1.1099999999999994,SHARF,2
1.7414807762929643,0.6856868488387754,-0.01234589275557485,0.7331202467363601,3.4246122861494697,0.673145616199553,-0.2289999999999992,1.1099999999999994,SHARF,2
0.8828168498354666,0.7277234894487556,-0.013298294025765614,0.7971340051613734,3.5253935004135646,0.7341019520129709,-0.2289999999999992,1.1099999999999994,SHARF,2
0.42543749089558797,0.7984270957973214,-0.015014921088303233,0.864638039427166,3.625451429930179,0.7984163937211214,-0.2789999999999999,1.2699999999999996,SHARF,2
0.24281584464549288,0.871664938193111,-0.017503995244510732,0.9348663008404015,3.7249479813498523,0.8658287281558289,-0.3360000000000021,1.440999999999999,SHARF,2
1.5154996667950467,0.9544955397004068,-0.021283398240351317,1.0086818449707013,3.823993901211571,0.9313718749995465,-0.3360000000000021,1.440999999999999,SHARF,2
0.7513912986456168,1.0044533032317045,-0.02601221028810962,1.0854753998228215,3.922243956046973,1.0056330773698248,-0.4039999999999999,1.6210000000000004,SHARF,2
0.36096667403761146,1.086218625127194,-0.03203660711938768,1.165519033903921,4.019407900016675,1.0828517308980368,-0.4039999999999999,1.6210000000000004,SHARF,2
0.20507034051284337,1.1710223432034592,-0.038551159173123066,1.2476345479053315,4.115677371643638,1.1636721346576966,-0.48100000000000165,1.811,SHARF,2
1.5749098001934907,1.2687867353420987,-0.04685122661071268,1.3345977338090134,4.209951890577383,1.2408055037160202,-0.5710000000000015,2.01,SHARF,2
0.7647906661765109,1.3749483219006386,-0.06551846824119945,1.5159045287319173,4.398006037332209,1.4181031929337955,-0.5710000000000015,2.01,SHARF,2
0.3373833756255384,1.4972013449782082,-0.07720683599191688,1.611330938233659,4.489665983509228,1.5113905201510367,-0.5710000000000015,2.01,SHARF,2
0.16936563583934358,1.6622104109921434,-0.10616682191530255,1.8101825399080311,4.664896327807501,1.7034857277494535,-0.6700000000000017,2.2089999999999996,SHARF,2
0.08279115324830785,1.7977213186697258,-0.12404259308441551,1.9122551734266227,4.751583010440428,1.8046018401112682,-0.7789999999999999,2.414999999999999,SHARF,2
1.8320879423962586,1.936296674495193,-0.14472864630956953,2.0169162018123896,4.835941902321652,1.9085723599010496,-0.8919999999999995,2.6270000000000007,SHARF,2
2.28264741294895,2.028878308431434,-0.16872885567829268,2.122125790893385,4.913300879190631,2.006043468802104,-0.8919999999999995,2.6270000000000007,SHARF,2
1.5681834917075959,2.100253366458401,-0.1953536190521418,2.2282390815430175,4.992128746115094,2.114030895153038,-1.0150000000000006,2.8409999999999993,SHARF,2
1.3433318174815518,2.2151493894353993,-0.22603877880825995,2.3357678560049644,5.069285287545842,2.223338375199911,-1.1460000000000008,3.055999999999999,SHARF,2
1.6800675299101633,2.3876756622953494,-0.29351848772901923,2.5512591709831947,5.211416985823476,2.44229721598302,-1.1460000000000008,3.055999999999999,SHARF,2
2.1780499134360802,2.55817430187797,-0.33188331028669155,2.6600555300979933,5.28274709114866,2.5572246176648328,-1.2860000000000014,3.2680000000000007,SHARF,2
2.460699115768866,2.674320058763477,-0.3727678710528024,2.7671120607297857,5.3517718520584,2.67341252852631,-1.2860000000000014,3.2680000000000007,SHARF,2
2.5272287882647335,2.78344989998669,-0.41596697053192905,2.874666747741273,5.418586522502964,2.790933489397901,-1.434000000000001,3.4830000000000005,SHARF,2
2.542861164910326,2.8895504264271157,-0.4615231022638343,2.979087403094621,5.482213312856482,2.9007281128772515,-1.5919999999999987,3.6980000000000004,SHARF,2
1.1814321248193973,2.9266133791355764,-0.5587032547851754,3.1796277631444525,5.6041643891049135,3.138966617858301,-1.5919999999999987,3.6980000000000004,SHARF,2
0.1396195767484975,3.0881227690080086,-0.6086641350531772,3.271112596094625,5.661444416839837,3.2587267193629676,-1.7579999999999991,3.9079999999999995,SHARF,2
-0.19288611086222512,3.1898302595707477,-0.6562002551297879,3.352081827884846,5.7122940691675055,3.3788862279238874,-1.7579999999999991,3.9079999999999995,SHARF,2
0.014237792485231816,3.101952288261147,-0.5499250804779362,3.5070536396842216,5.7646553217608645,3.4993161152836905,-1.9299999999999997,4.119,SHARF,2
0.2213926851538706,3.014075655275105,-0.5104982537809369,3.662964447047032,5.814808860573901,3.6201588680363757,-1.9299999999999997,4.119,SHARF,2
3.6544255334435687,3.5177169825431047,-0.5136212143293579,3.815758718930056,5.86238835053755,3.741160748641309,-2.1050000000000004,4.333,SHARF,2
5.337788578525569,3.745989256868673,-0.5527583612107146,3.9690539423748294,5.911330158163835,3.856651139862966,-2.2860000000000014,4.545,SHARF,2
5.458637759503119,3.556198683820102,-0.6105511534022817,4.1162105295009335,5.952596153898627,3.9765307574776005,-2.2860000000000014,4.545,SHARF,2
5.5794651250742024,3.36640987771817,-0.6855290425503124,4.25812046076853,5.991392896589401,4.09599640807918,-2.469999999999999,4.76,SHARF,2
5.681184373568821,3.178873660012491,-0.854031691131899,4.524401773178258,6.053179469520166,4.330923383397822,-2.469999999999999,4.76,SHARF,2
5.800502084130932,2.9896983118110523,-0.9429304347157345,4.650320903170897,6.08595910940514,4.450762111749476,-2.6640000000000015,4.974,SHARF,2
5.922435817926532,2.82553295803984,-1.0358672615762479,4.772624688742396,6.116515936729322,4.570408011377476,-2.6640000000000015,4.974,SHARF,2
3.186840944812614,3.545540268851822,-1.226087709478796,5.006509083049853,6.165013774946361,4.803705460693965,-2.8580000000000005,5.1899999999999995,SHARF,2
3.2261163426509833,3.4462090439776056,-1.3242010939816127,5.11976843390831,6.1890815327548765,4.923231186760379,-2.8580000000000005,5.1899999999999995,SHARF,2
-0.587966953067143,4.829486423049444,-1.4269614100491226,5.227594476610609,6.211371021957936,5.042552665662827,-3.058,5.4079999999999995,SHARF,2
2.08570563023034,5.112824805578402,-1.5315263864416815,5.332510249320953,6.231338438237874,5.16191356094906,-3.2600000000000016,5.632,SHARF,2
2.5238828421926724,5.016401161886827,-1.6417941357399142,5.427092110707839,6.244414827201642,5.272500623145132,-3.2600000000000016,5.632,SHARF,2
2.708524688753598,4.88782218550397,-1.7520603381713575,5.515680320504463,6.25962716418835,5.391429554512494,-3.468,5.8580000000000005,SHARF,2
2.9135048866452107,4.765561611440931,-1.8609761911563376,5.585923832050318,6.2730174759178485,5.510436165640033,-3.468,5.8580000000000005,SHARF,2
5.740228820631055,5.511274660164453,-1.9613805296923867,5.648188022585233,6.2849226399303575,5.6296804391550825,-3.6769999999999996,6.086,SHARF,2
6.024101761267715,5.523880825983466,-1.8973367520730033,5.960808124821168,6.300782555124944,5.867291986297831,-3.8889999999999993,6.317,SHARF,2
6.171335111461158,5.469473700534232,-1.9540738447140034,6.118714822284739,6.3074464972185655,5.986725922201573,-3.8889999999999993,6.317,SHARF,2
6.309872664254943,5.883674508447726,-2.037469240603976,6.270367196249974,6.312535956669073,6.106329811405235,-3.8889999999999993,6.317,SHARF,2
6.346672590133779,6.0242144925362355,-2.1415358080628897,6.415372539422847,6.316629985613681,6.224630854797412,-4.106999999999999,6.549999999999999,SHARF,2
6.360157515443582,6.143070999219115,-2.251730551278967,6.553002548066947,6.318747310383279,6.344619013284904,-4.327999999999999,6.784000000000001,SHARF,2
6.352544884755259,6.261729993738294,-2.367526977850862,6.685703051406012,6.31964840613662,6.464870333740303,-4.327999999999999,6.784000000000001,SHARF,2
6.153423773414884,6.391105637649442,-2.4833974510163017,6.813531226452863,6.319366952065367,6.5857416490295195,-4.553000000000001,7.02,SHARF,2
6.22056332000519,6.180962005158947,-2.598974142381647,6.9394531273757565,6.31360392110405,6.697954391695133,-4.553000000000001,7.02,SHARF,2
5.743587092193976,6.053617745273171,-2.831318991304854,7.185960970532297,6.307007658769238,6.940588276559849,-4.780999999999999,7.260999999999999,SHARF,2
2.423577720638301,6.332903978821524,-2.9485528663406213,7.308287960660033,6.3019669954642605,7.06244664798933,-5.007999999999999,7.504,SHARF,2
1.7139538867331208,7.215797286750839,-3.068702210388572,7.432466948431433,6.295844183649036,7.177163301289182,-5.007999999999999,7.504,SHARF,2
1.6163956546959233,7.373267926705196,-3.187170706717227,7.550694065453565,6.288435867471252,7.299593432197943,-5.240000000000002,7.753,SHARF,2
1.5491465471868329,7.499757568459247,-3.3070031705172895,7.671908679572097,6.279744827658448,7.4223738912051145,-5.471,8.007,SHARF,2
1.484010520479977,7.6221431056266535,-3.429355160473266,7.793153677047027,6.270654462132295,7.545803329167383,-5.471,8.007,SHARF,2
0.5873983092004664,7.680997072945654,-3.6799724340599975,8.036062955185587,6.246959383176396,7.7843192365454446,-5.705000000000002,8.266,SHARF,2
-0.12544319428095163,7.9593556783389205,-3.8054853889428815,8.153080118318874,6.23493581079139,7.909628880217889,-5.705000000000002,8.266,SHARF,2
0.9666931208525009,8.115228242487634,-3.9346993737735008,8.27076348747123,6.2218881943991775,8.035566248315737,-5.939,8.53,SHARF,2
-1.687344655279614,8.180898455856164,-4.0644417874708925,8.388860882090361,6.20087125709294,8.15297004999427,-6.177,8.796999999999999,SHARF,2
-1.6024913122779418,8.1515557945509,-4.3291678378124745,8.624694148746737,6.170505519392511,8.408386936054466,-6.177,8.796999999999999,SHARF,2
-3.551690358795491,8.540229455332957,-4.4582253441535125,8.739133167665852,6.154096954530268,8.537739396236773,-6.177,8.796999999999999,SHARF,2
-4.116470806338834,8.721981126546046,-4.588542884038063,8.856949284337988,6.1334994555567315,8.662397562573583,-6.4190000000000005,9.068,SHARF,2
-4.525278129495879,8.905522208357935,-4.719670384703764,8.975100155641975,6.116321901699034,8.793974065499134,-6.66,9.344,SHARF,2
-4.7043478645493595,9.031282135353827,-4.850344056857267,9.094389903981774,6.097820132299468,8.925940191590701,-6.66,9.344,SHARF,2
-4.848833843699318,9.152320833490984,-4.98389244094096,9.21602945428173,6.0781528461143575,9.058388402365633,-6.904,9.629,SHARF,2
-4.978291902513021,9.270062093626384,-5.111072431121939,9.33586575777638,6.0543075787580705,9.180883372175416,-6.904,9.629,SHARF,2
-5.111711963432679,9.39154884350793,-5.24136817191998,9.458051909403286,6.033549804123636,9.315397539870967,-7.148,9.915000000000001,SHARF,2
-5.242585628510806,9.513614544564986,-5.371257946975169,9.58197362559388,6.012299905017827,9.451072109259314,-7.393000000000001,10.203999999999999,SHARF,2
-5.242212856404485,9.583736884967072,-5.633815167813037,9.833628581484714,5.968867344372164,9.722894866290464,-7.393000000000001,10.203999999999999,SHARF,2
-5.589478182888631,9.857842424933864,-5.75975869319226,9.959183324856365,5.945993752592509,9.861961834084886,-7.393000000000001,10.203999999999999,SHARF,2
-5.7570686125246375,10.008864910457428,-5.8925379249108145,10.089679624472152,5.9226702115580165,10.00235876794444,-7.641000000000002,10.499999999999998,SHARF,2
-5.758894819323182,10.058957261819858,-6.018217723195643,10.220765841503194,5.898939445094375,10.144022467776923,-7.890000000000001,10.802000000000001,SHARF,2
-5.940359971320937,10.224440840145379,-6.150673023010518,10.356393543643161,5.871637239162655,10.280719391744702,-7.890000000000001,10.802000000000001,SHARF,2
-6.147110170620541,10.407626222142229,-6.279783846511502,10.493119991493192,5.847161440328019,10.424448978417876,-8.136,11.110000000000001,SHARF,2
-6.282485083536373,10.546371505405164,-6.408895693743387,10.631108424190842,5.822364913548059,10.56942258880043,-8.136,11.110000000000001,SHARF,2
-6.286082758310401,10.61304479898862,-6.664758438920103,10.905771214506533,5.764815468413992,10.859028799755325,-8.387,11.421000000000001,SHARF,2
-6.642524734303641,10.932616235100776,-6.797835313873339,11.045514785421473,5.738869941654852,11.007443067816522,-8.635000000000002,11.732000000000001,SHARF,2
-6.796952775001021,11.090298463157612,-6.927113800543363,11.185375201226575,5.712693964166748,11.156988063262196,-8.635000000000002,11.732000000000001,SHARF,2
-6.931414541970559,11.232206226090726,-7.056143000725828,11.324733239106486,5.686467279128627,11.308029575630966,-8.635000000000002,11.732000000000001,SHARF,2
-7.061860921947436,11.37159788151649,-7.184728629243956,11.464394126260313,5.655586989167987,11.45047799421664,-8.884,12.052000000000001,SHARF,2
-7.191317425116331,11.510381242569382,-7.313261307810773,11.603923858367489,5.629190832886001,11.603834972819659,-9.132000000000001,12.377,SHARF,2
-7.320461862202082,11.649755253280462,-7.441971754767904,11.744595085026615,5.6021444787664745,11.757690551900204,-9.379999999999999,12.705,SHARF,2
-7.330068945687671,11.709567290811892,-7.700006602219429,12.03056515625301,5.544905477383997,12.064199418189254,-9.379999999999999,12.705,SHARF,2
-7.48700885061254,11.905480950263662,-7.9566154248102885,12.320293275903694,5.490440483611403,12.37986689475361,-9.626000000000001,13.037,SHARF,2
-7.922909552557771,12.329553366840672,-8.083910477170914,12.466957810336513,5.463331271176407,12.53930178883362,-9.870000000000001,13.374999999999998,SHARF,2
-8.083618803684791,12.504449846423173,-8.210632627682688,12.614279554410082,5.434869404191338,12.686452153426714,-9.870000000000001,13.374999999999998,SHARF,2
-8.21609003627917,12.656540412482023,-8.33528049676825,12.761815998217044,5.407958111055358,12.847987165899443,-10.112000000000002,13.717,SHARF,2
-8.342356114066247,12.805109424544714,-8.459016162835475,12.910134178630726,5.381277789944896,13.010879126931401,-10.352,14.065,SHARF,2
-8.46640829849704,12.952177503809473,-8.581276062422956,13.05698162171633,5.354737832833322,13.17445832674659,-10.352,14.065,SHARF,2
-8.475990339192276,13.006895561464727,-8.822509250220422,13.35150028579819,5.29412076520974,13.498355993202408,-10.59,14.412,SHARF,2
-8.801190987105166,13.365459289340572,-8.940336625946752,13.499797657358481,5.268265181608486,13.664704879262336,-10.59,14.412,SHARF,2
-8.938327483963304,13.535837186818313,-9.05304206830765,13.648535383979988,5.2431175885536625,13.832178015122906,-10.818999999999999,14.761000000000001,SHARF,2
-9.058817601075305,13.686812339967448,-9.169315765700802,13.79575703413329,5.21634408362919,13.989109888115962,-11.044,15.116000000000001,SHARF,2
-9.142579300353285,13.807124538585544,-9.278147690336727,13.945289828632633,5.1918334462699445,14.158350916803002,-11.044,15.116000000000001,SHARF,2
-9.13328897335451,13.83320750692317,-9.38385174304689,14.095265164493874,5.167503593434295,14.328122576747157,-11.044,15.116000000000001,SHARF,2
-9.224874273545282,13.993628951482314,-9.57813276591056,14.396784764773784,5.118952003708939,14.661006742681103,-11.044,15.116000000000001,SHARF,2
-9.543026417260315,14.410530663197402,-9.666659092948082,14.550466586048811,5.09720416376871,14.83272721751244,-11.266000000000002,15.475,SHARF,2
-9.576617329932938,14.499131105648976,-9.75137317383044,14.707649247329433,5.076540023221709,15.00535181195452,-11.482000000000003,15.837000000000002,SHARF,2
-9.698853124530832,14.708220347300273,-9.829099138511905,14.869971298763161,5.056902357975979,15.178797972131868,-11.687999999999999,16.200000000000003,SHARF,2
-9.802799249660637,14.906192539776393,-9.902961137053909,15.037117727106327,5.035814203223827,15.34568678484278,-11.687999999999999,16.200000000000003,SHARF,2
-9.644041883004059,14.746759030898497,-10.030488109038378,15.396742580940858,5.000259052371513,15.695303188464983,-11.892999999999997,16.567999999999998,SHARF,2
-9.491927378972688,14.59924250053368,-10.087775747746841,15.597536114290754,4.983944536776416,15.871223457254498,-12.093,16.933999999999997,SHARF,2
-9.333302044293948,14.439697278406388,-10.142738238679378,15.809154076065537,4.961620552630626,16.031132579843604,-12.093,16.933999999999997,SHARF,2
-9.17466937292301,14.280138894789383,-10.20374269223904,16.040170710668487,4.947412153989946,16.20809287978256,-12.093,16.933999999999997,SHARF,2
-9.016034737655234,14.12057652671435,-10.535510029398294,16.343103737426706,4.9344545380744265,16.386120928007543,-12.282,17.302,SHARF,2
-8.857400023897247,13.961014201668462,-10.976200540810671,16.86843545190999,4.907654534721811,16.730089368732646,-12.468,17.677,SHARF,2
-8.708847030962,13.817390450512233,-11.128488204532806,17.109317826843387,4.897686280163342,16.909111373358215,-12.648,18.057000000000002,SHARF,2
-8.549605869199933,13.65802612640434,-11.35718406124888,17.564097387310063,4.880767133383015,17.268738518107746,-12.823000000000004,18.436999999999998,SHARF,2
-8.402176657122125,13.517285165775677,-11.450211157143286,17.78620665657123,4.866433829144832,17.438737719417524,-12.823000000000004,18.436999999999998,SHARF,2
-8.259947634491676,13.385884760440222,-11.529623107377514,17.99879423978678,4.8618801923613315,17.620506676858497,-12.991000000000003,18.820999999999998,SHARF,2
-8.10189830007412,13.225860906840042,-11.602232517859665,18.206073647791886,4.858942182405153,17.803327835011224,-12.991000000000003,18.820999999999998,SHARF,2
-7.454511995431004,13.355251748966573,-11.670474372359395,18.40740623034548,4.857587136730469,17.986900489141245,-12.991000000000003,18.820999999999998,SHARF,2
-8.132052832144232,14.396761003007725,-11.8007146886857,18.797436842457994,4.849456773969148,18.34595491692895,-13.157,19.209000000000003,SHARF,2
-6.843104579460454,14.810396829030532,-11.864385816439963,18.98846425063905,4.852606584232506,18.532017376417233,-13.320000000000004,19.598,SHARF,2
-8.039094138065263,15.944931067643267,-11.927092921983581,19.17502482923125,4.857073985721794,18.718797051741543,-13.474999999999998,19.990000000000002,SHARF,2
-11.333366982869997,18.82578963499964,-11.98894562636712,19.360659550816546,4.858996123715585,18.896290596655906,-13.474999999999998,19.990000000000002,SHARF,2
-11.641113918037426,19.152901843320695,-12.110638492730084,19.724305475662057,4.8745963080475825,19.273914852667307,-13.626000000000001,20.384999999999998,SHARF,2
-12.027638008934325,19.692991428046433,-12.174387095315334,19.903145390013705,4.883241219976824,19.463458506824217,-13.766000000000002,20.781,SHARF,2
-12.152076054404212,19.932797302765838,-12.238876780298623,20.08126689006441,4.88973539786749,19.649646202036376,-13.904999999999998,21.18,SHARF,2
-12.229265124225433,20.11914793211481,-12.30407129080128,20.25798922424831,4.9009305095636115,19.840648840528186,-13.904999999999998,21.18,SHARF,2
-12.297564319720578,20.297350284659835,-12.369005186587932,20.434425633326175,4.91365411011367,20.03252418337978,-14.037000000000003,21.585,SHARF,2
-12.291218324053524,20.34759356951265,-12.499933521337747,20.785057430258522,4.937940120392177,20.41252789988213,-14.037000000000003,21.585,SHARF,2
-12.480597370352022,20.78738885783144,-12.565800719628413,20.958670048507656,4.954855253105897,20.606708372383558,-14.163,21.990000000000002,SHARF,2
-12.559772670391558,20.988180756389237,-12.631172977965955,21.131405965113235,4.973169529757655,20.80147331541578,-14.163,21.990000000000002,SHARF,2
-12.629712556117095,21.163811744075876,-12.698594591472872,21.301434465354806,4.992940535935535,20.996995768351383,-14.284000000000002,22.397,SHARF,2
-12.695473887321917,21.337131805461134,-12.762227225357092,21.473885882105417,5.01148604961303,21.18780217620492,-14.284000000000002,22.397,SHARF,2
-12.763079180687601,21.507776085783554,-12.829929382045577,21.643810921886416,5.034488544922771,21.384801851532607,-14.401999999999997,22.805999999999997,SHARF,2
-12.741696754769517,21.493957872422747,-12.897228456423084,21.813120899533722,5.058716256254794,21.582278256494643,-14.401999999999997,22.805999999999997,SHARF,2
-12.894266922719167,21.833872758377318,-12.96635994636009,21.980029909528866,5.083989115696884,21.780437456120037,-14.514,23.217,SHARF,2
-12.901552593702133,21.878420583629094,-13.108381204249804,22.30991195232658,5.138257949718096,22.16836373465466,-14.619000000000003,23.630000000000003,SHARF,2
-13.099328424237731,22.305448288664085,-13.181989191690633,22.473287962327998,5.1683160073476415,22.368668536733036,-14.720000000000002,24.046,SHARF,2
-13.116680205178639,22.35648592731698,-13.337207775515882,22.80156697176696,5.231105375246093,22.768313929965906,-14.720000000000002,24.046,SHARF,2
-13.332946079762488,22.795396060246023,-13.420510020806988,22.968241176546016,5.264516045347994,22.970264029962884,-14.812999999999999,24.463,SHARF,2
-13.396371102300252,22.92544884449927,-13.503381593054304,23.13468438061502,5.299079005535443,23.172673833534066,-14.812999999999999,24.463,SHARF,2
-13.51427634494159,23.155070623261498,-13.591936249186888,23.304775941730778,5.335015967086733,23.375607152940542,-14.898,24.883000000000003,SHARF,2
-13.609793000909427,23.335343972857974,-13.68407763421246,23.47653533249904,5.365106652684524,23.57416600804435,-14.898,24.883000000000003,SHARF,2
-13.704139528046419,23.50914535545464,-13.779939568826327,23.65166947161335,5.404070553442146,23.77816353389532,-14.898,24.883000000000003,SHARF,2
-13.801186847575703,23.685000410192075,-13.879024961198931,23.830144252403418,5.444723683144575,23.982720683994227,-14.977999999999998,25.302,SHARF,2
-13.901052067631019,23.86405905812385,-13.981831099111357,24.013747193507506,5.487096359118933,24.18787642239497,-15.055000000000003,25.724000000000004,SHARF,2
-13.854490540350191,23.771395967287106,-14.197560208197865,24.399079685483418,5.572846475773906,24.594854425385574,-15.123999999999999,26.148000000000003,SHARF,2
-14.17918984197263,24.36349147201672,-14.309328099878979,24.603848732206295,5.619586370362029,24.801416610033094,-15.123999999999999,26.148000000000003,SHARF,2
-14.306115696305634,24.603644775988933,-14.42041719464053,24.8195574448385,5.668128425037748,25.008249222707395,-15.186000000000003,26.572000000000003,SHARF,2
-14.41285061050486,24.81191133225337,-14.533731468328938,25.043533542133822,5.710064288615207,25.20646040646891,-15.186000000000003,26.572000000000003,SHARF,2
-14.427114605773271,24.85243675102867,-14.642655770230373,25.282063058177243,5.760952644044988,25.413721491071907,-15.245000000000001,26.998000000000005,SHARF,2
-14.576277451231515,25.182614887159755,-14.745748501310592,25.532213017020993,5.812847737490873,25.62153708925106,-15.245000000000001,26.998000000000005,SHARF,2
-14.666486397251205,25.414149613093073,-14.839880494680592,25.793790209981175,5.866110893636886,25.829781320990726,-15.297,27.424,SHARF,2
-14.744350847726588,25.649515111019152,-14.91964885135873,26.06338639969208,5.91719081444009,26.029569499548668,-15.340999999999998,27.849000000000004,SHARF,2
-14.80439773637756,25.869389364516362,-14.99031161614199,26.341540189936257,5.9740933687628885,26.238624984923277,-15.340999999999998,27.849000000000004,SHARF,2
-14.705208696019595,25.667441414206447,-15.07909743146286,26.906586151312307,6.092875190029785,26.65828820698495,-15.379999999999999,28.276000000000003,SHARF,2
-14.606922827154872,25.468993258806645,-15.100948681911484,27.18707378704898,6.143231969388095,26.872261198921294,-15.379999999999999,28.276000000000003,SHARF,2
-14.509131828350238,25.27292064296322,-15.107539070518907,27.45724839429478,6.205841265777686,27.08263012770999,-15.413,28.703000000000003,SHARF,2
-14.411738307939636,25.07915084444901,-15.106949896797559,27.724257555317628,6.269874300722586,27.29319635651102,-15.437000000000001,29.132000000000005,SHARF,2
-14.318472221320846,24.908283624477225,-15.096310253385376,27.97799619626437,6.335536539832852,27.50383794883628,-15.437000000000001,29.132000000000005,SHARF,2
-14.235324596437959,24.80023808225596,-15.08060203583842,28.2229322136437,6.392407584238779,27.70975886288622,-15.455000000000002,29.559000000000005,SHARF,2
-14.13756115522484,24.59755746311685,-15.043006353596265,28.68427352086514,6.53122579264341,28.131852084495577,-15.455000000000002,29.559000000000005,SHARF,2
-13.670237524957571,24.498774358626704,-15.023560469586517,28.904432003058446,6.603134376022492,28.343256522457672,-15.470000000000002,29.986000000000004,SHARF,2
-13.58713286913193,24.292371244438986,-15.005363804558218,29.117522869171122,6.67032188909195,28.554000337772138,-15.479000000000003,30.414,SHARF,2
-13.482880647194627,24.098799612598278,-14.972049750962706,29.529843444254936,6.823185600113494,28.977659594350598,-15.479000000000003,30.414,SHARF,2
-13.230837640177072,23.964264348454684,-14.95861289830507,29.728146338696433,6.901775088393531,29.189645896431507,-15.48,30.842,SHARF,2
-13.302639636362208,26.411944125748214,-14.944960592472453,29.92842676904842,6.973894587162524,29.399375829000395,-15.48,30.842,SHARF,2
-14.267976887127592,29.53634220098291,-14.934536464933256,30.124529340142722,7.05474849359358,29.611118319452277,-15.476000000000003,31.268,SHARF,2
-14.800299703836846,30.12627280787638,-14.925886589399266,30.318390136071148,7.136987643352622,29.82318651594089,-15.476000000000003,31.268,SHARF,2
-14.875087435148329,30.350093110339504,-14.91801691145307,30.51248574720965,7.220874286397999,30.035176618796747,-15.476000000000003,31.268,SHARF,2
-14.889574434466432,30.547848895936276,-14.912600247443072,30.70443367775033,7.305671385585297,30.245398548044946,-15.461000000000002,31.693000000000005,SHARF,2
-14.864577233493032,30.596753065103513,-14.903319692214971,31.087493923315435,7.481445769457332,30.669399640336422,-15.440999999999999,32.117000000000004,SHARF,2
-14.881768923307142,31.084270295434646,-14.899998978208812,31.27855816067733,7.572089856664203,30.88131574070944,-15.418000000000003,32.538000000000004,SHARF,2
-14.883912064221436,31.306546652228057,-14.899819277884754,31.46928957832879,7.654110519579952,31.092518797759947,-15.418000000000003,32.538000000000004,SHARF,2
-14.882013999085146,31.504482247711604,-14.89603196685946,31.662414975684012,7.7478644983927705,31.30395594656601,-15.385000000000002,32.961,SHARF,2
-14.877446577111714,31.680797210905393,-14.89208580473238,31.859182221945236,7.843068439182037,31.51520526683631,-15.343999999999998,33.38,SHARF,2
-14.877084591965037,31.895341768387752,-14.890039620354331,32.05521816726036,7.939681312428455,31.726123976851277,-15.343999999999998,33.38,SHARF,2
-14.858371467423133,31.94649476089893,-14.88570779397378,32.448695001829,8.128199754624298,32.14437000485981,-15.343999999999998,33.38,SHARF,2
-14.869687460089576,32.44671557998897,-14.882877164316003,32.648723997097335,8.229029709944136,32.35487538197122,-15.294999999999998,33.795,SHARF,2
-14.867859890055033,32.67964901971393,-14.878412366913055,32.850792288493054,8.331399716335092,32.565264792592146,-15.236999999999998,34.21,SHARF,2
-14.864215453016064,32.889222799188886,-14.873766462252664,33.05805889432631,8.428397754489838,32.76551072177141,-15.169,34.623000000000005,SHARF,2
-14.859029533994915,33.09744065847871,-14.867427698344393,33.265834983820184,8.534304702147066,32.97520958698105,-15.169,34.623000000000005,SHARF,2
-14.852878195245816,33.3059888710725,-14.860465986518104,33.477354425099115,8.641850875229371,33.184340549029116,-15.169,34.623000000000005,SHARF,2
-14.833228918827897,33.319783377174886,-14.842416810893475,33.89910954504088,8.8619725553119,33.60580669358148,-15.093999999999998,35.033,SHARF,2
-14.825303768744126,33.88922940870782,-14.830560461283692,34.10951054527853,8.974235628176709,33.81363324630154,-15.013000000000002,35.438,SHARF,2
-14.814236148270654,34.138350361780574,-14.817720334335448,34.31927496786286,9.088560600830569,34.020860510573016,-15.013000000000002,35.438,SHARF,2
-14.80175612297563,34.35517555148411,-14.804011276604745,34.525665236732884,9.20503982290646,34.22778101866284,-14.925,35.84,SHARF,2
-14.78563526239194,34.56383462576102,-14.7859691958762,34.73269692370356,9.313859318228264,34.43058274959524,-14.925,35.84,SHARF,2
-14.762271879886221,34.60328987673447,-14.745517158217925,35.14320981623068,9.556004099763324,34.84118901723326,-14.828,36.239000000000004,SHARF,2
-14.72843226151151,35.13570352758498,-14.72406258518815,35.34531317001455,9.679654806502356,35.04533374948043,-14.726000000000003,36.635000000000005,SHARF,2
-14.702759121854328,35.20629604691123,-14.676299093700493,35.74087136041205,9.931457813109922,35.453177456501855,-14.726000000000003,36.635000000000005,SHARF,2
-14.65578659104749,35.72806504671911,-14.64647003118505,35.937115913800845,10.060723577080742,35.65540474842171,-14.616000000000003,37.027,SHARF,2
-14.637837984606758,35.73102935463603,-14.61613312301332,36.13316822596913,10.192163706099084,35.8569068438263,-14.498999999999999,37.413000000000004,SHARF,2
-14.594336298577067,36.150204727569665,-14.584537711780504,36.328509701748,10.308535194293983,36.057336164092405,-14.375000000000004,37.796,SHARF,2
-14.561947895441177,36.3613760755258,-14.55115746351023,36.52301974770867,10.44344269675586,36.25731205559877,-14.375000000000004,37.796,SHARF,2
-14.532092202595747,36.40916059008971,-14.47968690609934,36.908900685249634,10.717579934189263,36.655184297210035,-14.247000000000003,38.173,SHARF,2
-14.460426056703062,36.901958228648965,-14.441721255060658,37.10025498939305,10.844090988637745,36.858939301558934,-14.247000000000003,38.173,SHARF,2
-14.418239860247043,37.12503932177406,-14.401595546414706,37.290245052210054,10.986479915721379,37.055477516373884,-14.113000000000003,38.548,SHARF,2
-14.386373249345572,37.17183568891874,-14.318526841637919,37.666833675723765,11.276752208957404,37.44513862395877,-14.113000000000003,38.548,SHARF,2
-14.299019793740142,37.6445624073711,-14.271983507189121,37.854276332478065,11.422107955434416,37.639897534605716,-13.970000000000002,38.92,SHARF,2
-14.278758652576387,37.64984302549765,-14.225675924719758,38.04159148161069,11.57040801811044,37.83262050885582,-13.820000000000004,39.286,SHARF,2
-14.202294845433824,38.05547203261681,-14.179052923375275,38.22798329855807,11.720513425213179,38.02444171468625,-13.820000000000004,39.286,SHARF,2
-14.152658442861933,38.25707797106392,-14.1294539382582,38.4136783469833,11.872469171261411,38.21531012709972,-13.66,39.652,SHARF,2
-14.11757462113563,38.29989094922084,-14.024814318709971,38.788720116503065,12.171743903809137,38.592498474755494,-13.492,40.015,SHARF,2
-14.003646082363296,38.78185255275106,-13.968343628245146,38.97889991599462,12.328405218630998,38.78083614136006,-13.492,40.015,SHARF,2
-13.940453836934967,39.003402560791365,-13.909403687446696,39.16965930763418,12.487239693172453,38.968763967676026,-13.315999999999999,40.375,SHARF,2
-13.88029631603782,39.20118575216316,-13.848559102897823,39.36338895077592,12.640269437583337,39.16015749800105,-13.129000000000001,40.735,SHARF,2
-13.843042539958683,39.236631373125874,-13.71985998276015,39.7524248218273,12.966488761118056,39.53388272247591,-13.129000000000001,40.735,SHARF,2
-13.69923162223327,39.74194176532882,-13.652862314793168,39.94703435517032,13.132002595017104,39.72016347290344,-12.934999999999999,41.091,SHARF,2
-13.623983823773449,39.97014658078208,-13.58454472087777,40.14029781711207,13.296344424463532,39.909386958473625,-12.934999999999999,41.091,SHARF,2
-13.55315352011876,40.16960865923435,-13.513642221309428,40.332255973219794,13.46676232285307,40.09462876704008,-12.934999999999999,41.091,SHARF,2
-13.512906255272217,40.20443660879484,-13.365610791368438,40.71396614453804,13.813489725095872,40.4638221573335,-12.735000000000003,41.443000000000005,SHARF,2
-13.344647843354167,40.702072165499736,-13.288889435150463,40.904235490066505,13.982831678099071,40.65015748830746,-12.526999999999997,41.791000000000004,SHARF,2
-13.29940341523644,40.74817720369669,-13.129323073584654,41.28478760544059,14.34273268673686,41.01640832637245,-12.309999999999999,42.134,SHARF,2
-13.110364760553598,41.267823461056224,-13.047633681209096,41.47473397658366,14.525522208971116,41.1986415937363,-12.081,42.469,SHARF,2
-13.015190970557864,41.494476287818564,-12.961456631150233,41.666103220414676,14.702400556057531,41.388108416480875,-12.081,42.469,SHARF,2
-12.92783794066109,41.69321670532112,-12.875117180532406,41.856957781745685,14.888260050701792,41.56927399742574,-11.846,42.798,SHARF,2
-12.841312173799427,41.88580838923951,-12.7880951902329,42.04692439133113,15.076215966688535,41.74958958378107,-11.846,42.798,SHARF,2
-12.80355221140237,41.90392214674802,-12.607088717585237,42.42260327051821,15.449318831891755,42.113375716307395,-11.605,43.122,SHARF,2
-12.586859324045497,42.40652623058651,-12.513107137330813,42.60800966298756,15.644235786513,42.28994926557904,-11.355,43.438,SHARF,2
-12.47997094350424,42.62623708814595,-12.417968622948703,42.79204362298088,15.841205649439644,42.465242781370776,-11.355,43.438,SHARF,2
-12.381753154363844,42.81677428045059,-12.32059641365336,42.975119158527455,16.04002146692342,42.63935037696059,-11.097000000000001,43.747,SHARF,2
-12.28453276217511,43.001712548292915,-12.222851965114117,43.157852303126006,16.236582211746992,42.810540532185364,-10.831,44.045,SHARF,2
-12.245465365689927,43.018252685385626,-12.021951917219596,43.522675783381466,16.643683867144247,43.15239164657765,-10.831,44.045,SHARF,2
-12.004180602354932,43.50683839910493,-11.919729147328004,43.704666812003076,16.850435104808703,43.321249115878395,-10.559000000000001,44.336,SHARF,2
-11.887574720254483,43.7225376614989,-11.816854314488141,43.88676051033628,17.050087795341582,43.50148609343485,-10.559000000000001,44.336,SHARF,2
-11.781635902341403,43.91081826314429,-11.712718681131866,44.0673490587803,17.259857823547435,43.66750465557062,-10.276,44.617000000000004,SHARF,2
-11.676976195173843,44.093095369919446,-11.607603911028333,44.247473512394336,17.471354288493743,43.83180914047332,-9.984000000000002,44.883,SHARF,2
-11.571314373817676,44.27287158711215,-11.501304749541061,44.4250521599444,17.684741346919367,43.994387502188246,-9.984000000000002,44.883,SHARF,2
-11.52795322762125,44.29941550872342,-11.28742973698468,44.77547722055746,18.10470536110253,44.329089869295316,-9.690999999999999,45.143,SHARF,2
-11.271943710871483,44.76067346394454,-11.180369992915189,44.9478006692144,18.323080314002254,44.48635276959222,-9.690999999999999,45.143,SHARF,2
-11.148966148942089,44.9634500838506,-11.072931916865166,45.11710550575723,18.543283385698537,44.641485172897426,-9.39,45.39,SHARF,2
-11.03712007229206,45.138603421616224,-10.962546708651919,45.28544080172204,18.757065034403816,44.79767316614612,-9.082,45.626000000000005,SHARF,2
-10.925114477296344,45.30620202923885,-10.850399198979314,45.448848739581116,18.981295242813,44.94796939501066,-9.082,45.626000000000005,SHARF,2
-10.813201427686932,45.46808690835345,-10.738481085196518,45.60714160668665,19.207317543393614,45.09575273554175,-9.082,45.626000000000005,SHARF,2
-10.761715153461315,45.49359877431011,-10.50532344185626,45.91893111861834,19.659144446651077,45.39014873359476,-8.769000000000002,45.852000000000004,SHARF,2
-10.59967323439146,45.685702686457205,-10.268003277728385,46.21862522730276,20.121326312947488,45.671044633758555,-8.45,46.063,SHARF,2
-10.25656714297951,46.18527949805562,-10.147916779192505,46.364308383768396,20.355238639088615,45.80734452834427,-8.129000000000001,46.262,SHARF,2
-10.13392921427958,46.33907133903688,-10.029865713553798,46.50774587991044,20.582850948435578,45.94788014126756,-8.129000000000001,46.262,SHARF,2
-9.99511472669681,46.515550047685544,-9.911526036735587,46.64846684891278,20.819493854892265,46.07984634480246,-7.798000000000002,46.445,SHARF,2
-9.877057744392639,46.66006611433315,-9.795849172127763,46.787650585890525,21.057350264871474,46.20955287071909,-7.460000000000001,46.611000000000004,SHARF,2
-9.761198985101121,46.798147527317724,-9.67997713633961,46.92330077380289,21.29671639863801,46.33666471043439,-7.460000000000001,46.611000000000004,SHARF,2
-9.72170643346044,46.805814681101886,-9.457124357437202,47.18250604913713,21.775096041106284,46.58880679177093,-7.460000000000001,46.611000000000004,SHARF,2
-9.450675398887864,47.15618493938927,-9.350354984080312,47.3037421961234,22.01873649668113,46.70764532175656,-7.118000000000002,46.764,SHARF,2
-9.332422855471345,47.289043825457874,-9.242267991980134,47.419544525777305,22.263668750230682,46.823667758588044,-6.772000000000002,46.904,SHARF,2
-9.217320035725136,47.411925953529064,-9.136066852806238,47.52643237384849,22.50763652300367,46.94487516387557,-6.423000000000002,47.03,SHARF,2
-9.107751324463393,47.5173856127303,-9.026167049453898,47.627710532483775,22.755964793023164,47.054900961744806,-6.423000000000002,47.03,SHARF,2
-9.099697804934904,47.4635205580674,-8.798187370059656,47.80715579112068,23.25725417068442,47.2656747071927,-6.423000000000002,47.03,SHARF,2
-8.786295782926077,47.76178171286468,-8.678185532838912,47.888510854312976,23.511733836176614,47.37415516782009,-6.07,47.143,SHARF,2
-8.678305448461781,47.82424416743851,-8.552158529606281,47.964809125206045,23.766348406742576,47.47195670546927,-5.714000000000002,47.242000000000004,SHARF,2
-8.516231745191373,47.93472926421207,-8.42169184855221,48.03530325579559,24.022485467918045,47.56660774674012,-5.714000000000002,47.242000000000004,SHARF,2
-8.380749579258355,48.00703265592577,-8.28607980051183,48.10188349219084,24.28006049059341,47.65835290392132,-5.353999999999999,47.327,SHARF,2
-8.32241930182107,47.96765009081134,-8.002442748141892,48.22033422941437,24.805215407971374,47.838850692220625,-4.995000000000001,47.398,SHARF,2
-7.9793424893504845,48.1659379017105,-7.85355022624075,48.270786485964976,25.06695709009348,47.92190705052088,-4.995000000000001,47.398,SHARF,2
-7.830761980180638,48.21033388560586,-7.699011805950798,48.31462960160051,25.33019634936143,48.00156446802099,-4.635000000000002,47.453,SHARF,2
-7.65020433300195,48.267771800733236,-7.539128274519316,48.349976767300035,25.594072538437796,48.08892175930813,-4.635000000000002,47.453,SHARF,2
-7.497516053608982,48.294321321556126,-7.372249407742769,48.379725222527156,25.859864199402523,48.16207495739513,-4.274000000000001,47.494,SHARF,2
-7.416623936770692,48.23074138080403,-7.014408956437863,48.422620765528265,26.394420269729682,48.29835133935143,-3.911999999999999,47.522,SHARF,2
-7.2485575107781814,48.22099174563355,-6.8223199304573745,48.44074690189451,26.661479098865172,48.37577618888115,-3.911999999999999,47.522,SHARF,2
-6.97274776188271,48.23470440046965,-6.4168988293242695,48.479789024727246,27.201906555849288,48.491192413819704,-3.5500000000000007,47.535000000000004,SHARF,2
-6.40664074575431,48.40519279259288,-6.2040774965979715,48.50283119276442,27.473359963451735,48.54416337162643,-3.1900000000000013,47.537,SHARF,2
-6.152422088357451,48.45125808018397,-5.985146207204754,48.52887420751574,27.745882369851024,48.59628168404957,-3.1900000000000013,47.537,SHARF,2
-5.930393200150236,48.48538313523834,-5.761946058518658,48.561053056313696,28.018999319545085,48.641784315607566,-2.8279999999999994,47.521,SHARF,2
-5.709988417203166,48.520958172387935,-5.535968311068996,48.59726829622074,28.29272012875915,48.683584812191135,-2.8279999999999994,47.521,SHARF,2
-5.486992898584805,48.56346808148395,-5.310894608758036,48.64058059726562,28.566744820073172,48.72250307217646,-2.469000000000001,47.496,SHARF,2
-5.638124407603985,48.451173526703435,-4.865425934689137,48.739207062516215,29.11865009223066,48.79499227804113,-2.1090000000000018,47.454,SHARF,2
-4.897655393513755,48.689720555898795,-4.64965480264237,48.79356046281215,29.394225353448448,48.82341727049757,-2.1090000000000018,47.454,SHARF,2
-4.843548775923609,48.67546578616667,-4.4397249856293,48.84726871460036,29.67026741013295,48.84822411188596,-2.1090000000000018,47.454,SHARF,2
-4.421108955827873,48.82066657557342,-4.235806304656081,48.901460084028834,29.948703161319536,48.88066486822747,-1.7510000000000012,47.401,SHARF,2
-4.194051417290226,48.886482881218605,-4.037231650782092,48.953262860501205,30.225203632985718,48.89896677557532,-1.3949999999999996,47.333,SHARF,2
-4.129924354575467,48.87335271620129,-3.6559976368934066,49.05021152544723,30.77896522263507,48.92559389654585,-1.0420000000000016,47.255,SHARF,2
-3.7193761704887183,48.995956382358514,-3.4731428905398025,49.09172636772892,31.059086361212664,48.94596349005123,-1.0420000000000016,47.255,SHARF,2
-3.919853892912396,48.8938619648348,-3.115596481639555,49.14864551507676,31.61339027137198,48.95095874764913,-0.6900000000000013,47.165,SHARF,2
-4.110394014776755,48.794638986490654,-2.939168904570821,49.161442631960455,31.89089530936878,48.94883932128278,-0.34199999999999875,47.065000000000005,SHARF,2
-4.310936862222928,48.69262178594652,-2.7631672925051967,49.16805398620696,32.16673262349471,48.94850170466347,-0.34199999999999875,47.065000000000005,SHARF,2
-4.494113439187563,48.594997937155576,-2.587983128079274,49.16552077169781,32.44394924845108,48.93928844302595,-0.34199999999999875,47.065000000000005,SHARF,2
-4.68445004538396,48.49555456559865,-2.4136413556729197,49.16017369136477,32.72087515909292,48.926683659272605,0.004000000000001336,46.953,SHARF,2
-4.833085315498913,48.405070441204835,-2.2391851872235264,49.14970998180127,32.99765991771384,48.91110098128889,0.3470000000000013,46.83,SHARF,2
-4.233495553013742,48.462806676935614,-1.8908391617779439,49.12027694918144,33.54947201419065,48.88124084556978,0.6900000000000013,46.698,SHARF,2
-3.6342332473060277,48.550072976905334,-1.717519324698949,49.101650449042516,33.82550063739958,48.85651647742536,0.6900000000000013,46.698,SHARF,2
-1.7920824639120656,49.00439849851807,-1.5458286719653418,49.079997250678375,34.10118613522036,48.82862701007842,1.0279999999999987,46.558,SHARF,2
-1.5242585444732826,49.02600025991446,-1.3731650200580388,49.056541907925656,34.384244467707475,48.8077254032218,1.3589999999999982,46.4,SHARF,2
-1.4861526890824708,48.97217101043785,-1.0317715437717816,49.002016557185726,34.93441579187033,48.73667427785079,1.3589999999999982,46.4,SHARF,2
-1.0387869068419184,48.95513677728153,-0.8616365821800452,48.97094676787011,35.20924306829816,48.69750479482764,1.3589999999999982,46.4,SHARF,2
-0.8413823747143875,48.925878917853964,-0.6918885836731897,48.937593363062206,35.48954642129753,48.66088965143617,1.6849999999999987,46.225,SHARF,2
-0.666740975569446,48.892827509023846,-0.5219900212877915,48.9017954891526,35.764124360915424,48.616518644947355,2.0060000000000002,46.042,SHARF,2
-0.6374868710007036,48.83229896761719,-0.1846405624868389,48.81896877408195,36.31126795214082,48.51831308809923,2.3260000000000005,45.853,SHARF,2
-0.19484188572698272,48.77127230691501,-0.016684761798490755,48.770792731791474,36.59310926516803,48.47349892272624,2.3260000000000005,45.853,SHARF,2
-0.0005183973636033171,48.720241579816914,0.14954479352786582,48.717786256054325,36.86402025550287,48.413966973394054,2.6439999999999984,45.660000000000004,SHARF,2
0.17126169950381,48.6664473749693,0.3166790118968921,48.661203810125066,37.1345484669173,48.3517537600588,2.9549999999999983,45.452,SHARF,2
0.33941384248612794,48.60793659331311,0.484161971639682,48.59949419556964,37.404446260616545,48.28758943368925,2.9549999999999983,45.452,SHARF,2
0.36455764491170034,48.53664299845817,0.8173739613736882,48.46353952205251,37.94824269867306,48.158832650917496,3.257999999999999,45.226,SHARF,2
0.8042263093170318,48.41398385615269,0.983946457591553,48.390977136362245,38.21687914001331,48.08588468535206,3.257999999999999,45.226,SHARF,2
0.997521492260746,48.33682306974953,1.1491439424473082,48.316345702290576,38.48509199045546,48.011124142840366,3.5539999999999985,44.986000000000004,SHARF,2
1.1680983825355955,48.26224056619005,1.314791144995985,48.24032372897045,38.75940997765735,47.94277795939507,3.846,44.739000000000004,SHARF,2
1.3332399568965974,48.18570768938807,1.4780514885750133,48.16148695084771,39.02651763318763,47.863101066957036,3.846,44.739000000000004,SHARF,2
1.353928321220267,48.11342378506834,1.8021597849910767,47.99368837095394,39.55721885361381,47.69322530712887,4.134999999999998,44.482,SHARF,2
1.784729069966353,47.94583444573458,1.9633737273785,47.903810396823545,39.826309230244156,47.60810773159638,4.134999999999998,44.482,SHARF,2
1.9725168924578074,47.846240718573576,2.1232374139154295,47.80860456224086,40.08815698614331,47.513891818775285,4.416999999999998,44.212,SHARF,2
2.137745460957682,47.74916752035531,2.283614832250541,47.70963145657197,40.34903470881171,47.41682473833236,4.416999999999998,44.212,SHARF,2
2.1571171404726774,47.66931108889243,2.6025639701510883,47.49866737009593,40.87402082732709,47.22060670283627,4.416999999999998,44.212,SHARF,2
2.5816580833950526,47.449729344770844,2.7612728655121637,47.38722456175851,41.13210590127152,47.11482241772534,4.690999999999999,43.93,SHARF,2
2.614505320109027,47.3603085582429,3.0734725215609484,47.15456137584859,41.6439728357674,46.894106387673425,4.959,43.642,SHARF,2
3.046392050164186,47.10791009971589,3.227234157156143,47.033234232873845,41.90688803539963,46.793757770022296,5.224,43.342,SHARF,2
3.229183060012027,46.97200828627782,3.379293958542088,46.90763308770656,42.159341753696715,46.67587516639726,5.481,43.037,SHARF,2
3.2432086722044478,46.88676609753855,3.6809008599859947,46.64580207815151,42.66003558860854,46.43212201204936,5.727,42.718,SHARF,2
3.6526492924328617,46.60001191366595,3.830127036505848,46.50916200560111,42.91863552866584,46.31117628162005,5.727,42.718,SHARF,2
3.828822856495348,46.44645124132768,3.977788814224122,46.36762824935433,43.16569326006809,46.182636824355356,5.727,42.718,SHARF,2
3.9809250920892585,46.30166040312191,4.1240243414787985,46.221961496584434,43.41178214130912,46.05185969686514,5.965,42.396,SHARF,2
4.126152874269198,46.15333640192522,4.268334275702166,46.0692181169604,43.656169866583426,45.918217030142465,6.202,42.066,SHARF,2
4.068365211157384,46.107438654684344,4.548971268825137,45.744089187300986,44.142746175565556,45.64703439031698,6.434999999999999,41.729,SHARF,2
4.500401525231129,45.70226599380024,4.68331332339558,45.57223232163418,44.380089856427844,45.5039493956783,6.434999999999999,41.729,SHARF,2
4.662547531138171,45.50478892965862,4.811792280528279,45.39302830927285,44.61476058760241,45.3580213648641,6.663,41.386,SHARF,2
4.733459415045096,45.37281820710933,4.936241400554526,45.211658711276286,44.85777485816832,45.210923957490344,6.882,41.036,SHARF,2
4.915752697625155,45.14334054681566,5.056083580542927,45.028169313153825,45.08976273713871,45.060601928136464,6.882,41.036,SHARF,2
4.839810187431015,45.11523261665286,5.28384142415371,44.65972022573748,45.551223210290246,44.75357144078345,6.882,41.036,SHARF,2
5.231240967710449,44.62848881468282,5.392527408642104,44.47502608790165,45.79394376609637,44.60116986117007,7.094999999999999,40.678000000000004,SHARF,2
5.369141272480271,44.41432181025534,5.497558983034886,44.28963682103312,46.02124225874678,44.44247926873839,7.301,40.313,SHARF,2
5.3306118809946055,44.35245985586746,5.6998078403825785,43.91940264237124,46.4708196495358,44.11769261743294,7.501999999999999,39.938,SHARF,2
5.653583705020035,43.89141914184911,5.797506007127039,43.73401988502447,46.705880377398394,43.952889206321636,7.501999999999999,39.938,SHARF,2
5.77436081605548,43.67747845615253,5.890301416770465,43.54821535513783,46.9263307642686,43.785508838513145,7.702,39.564,SHARF,2
5.871888913326053,43.48695469611513,5.980209308756983,43.36173899536139,47.14524392151217,43.616067199372544,7.897,39.185,SHARF,2
5.84127745884136,43.4142613021324,6.144969969454502,42.98323566693948,47.58530672479864,43.272765668431056,7.897,39.185,SHARF,2
6.067481239253685,43.0035544932288,6.219842210349824,42.80165794322478,47.797996625180716,43.09676594879461,8.083,38.800000000000004,SHARF,2
6.19208079932034,42.752887190368966,6.295388636904934,42.6154975507712,48.01003724210119,42.91951107516618,8.261,38.404,SHARF,2
6.275355131614614,42.56070446019354,6.369865551848779,42.43176619239777,48.221163341198405,42.740944032056944,8.261,38.404,SHARF,2
6.253284839447955,42.48750833922376,6.520641619347365,42.05942832714069,48.64111601098307,42.38127685476574,8.436,38.007000000000005,SHARF,2
6.4686392032425095,42.0706970087949,6.597007092952184,41.88058861721487,48.848238814374966,42.19788990412342,8.436,38.007000000000005,SHARF,2
6.5750848063525655,41.83777598530518,6.668390256403355,41.69886046549811,49.05371848568897,42.01292586995189,8.607,37.604,SHARF,2
6.535871035729541,41.83027148193691,6.739774907336035,41.51713447481664,49.26877008140267,41.82621642907092,8.772,37.193000000000005,SHARF,2
6.716528420063674,41.47795042409302,6.8094094895607125,41.33581148778621,49.47095114487504,41.63782129856164,8.772,37.193000000000005,SHARF,2
6.705232369553976,41.405559794348676,6.9501905169215386,40.97341144929609,49.87078443434458,41.25594664366568,8.772,37.193000000000005,SHARF,2
6.919751694968223,40.95921483118293,7.020739840180495,40.79026398078135,50.07884825556186,41.064415078509164,8.93,36.778,SHARF,2
6.914567667020526,40.880417607846006,7.163326963542569,40.417370467108135,50.47109550936858,40.67366518254601,9.075999999999999,36.356,SHARF,2
7.032212171149586,40.597564977019275,7.237889487674601,40.235902991933486,50.66565961878703,40.47627305549955,9.219999999999999,35.931000000000004,SHARF,2
7.2149141135487165,40.21316028287444,7.307412616859193,40.05201163303027,50.8688404318018,40.28246205386235,9.359,35.499,SHARF,2
7.188888697806078,40.20637852534957,7.375298326918932,39.87137458258528,51.059756417864406,40.081984296866295,9.359,35.499,SHARF,2
7.248966164006475,40.01126174001458,7.506387244690887,39.51126293313373,51.435030515562744,39.67582601037523,9.496,35.062000000000005,SHARF,2
7.479900404777507,39.509326293293206,7.572752787847214,39.335665168551486,51.627540762257325,39.468455237062635,9.496,35.062000000000005,SHARF,2
7.543506637502967,39.350109415911405,7.641958594293689,39.168743627181875,51.811179139495664,39.261661261204026,9.496,35.062000000000005,SHARF,2
7.544159885655021,39.31028463235699,7.707889545495832,39.00586615586851,51.99399941742279,39.05362054919406,9.628,34.624,SHARF,2
7.424036799879552,39.50052687631548,7.867577446601319,38.70130400615819,52.36456319430275,38.642672657114105,9.75,34.181000000000004,SHARF,2
7.304218476674374,39.690230897393604,7.959510591135086,38.54994777975661,52.54208341976927,38.430158490494115,9.866,33.730000000000004,SHARF,2
7.1840931180320045,39.88048042441824,8.055336078596003,38.39209118159916,52.71852396253139,38.216688015150524,9.866,33.730000000000004,SHARF,2
7.07126931424743,40.0582416638006,8.161486097165305,38.22485800442557,52.8939758376478,38.002050125583004,9.979,33.272,SHARF,2
6.992835079802083,40.17823190512541,8.272478557893425,38.05464533045863,53.06798952850048,37.78608159904586,10.09,32.814,SHARF,2
6.872818986988902,40.36854465657034,8.63812789474732,37.22447621656759,53.410890351478706,37.35068039805775,10.09,32.814,SHARF,2
6.752800667418234,40.558861585705046,8.77030115599728,36.911510496568305,53.579713158619775,37.13096272409054,10.09,32.814,SHARF,2
6.632782368971367,40.749178465042505,8.978813322462988,36.373887795948136,53.9228537716419,36.69448435928204,10.197,32.356,SHARF,2
6.537239505489079,40.88839070791326,9.065437657866688,36.12900032764533,54.086698821431,36.47116652427285,10.299999999999999,31.891,SHARF,2
6.484686752421138,40.935197911053,9.144588003618413,35.892346989029384,54.249786901745985,36.24669266532125,10.399,31.424,SHARF,2
6.5284112812243755,40.77436014851473,9.22019941139788,35.661152947812724,54.4177293980124,36.02307193583012,10.49,30.955,SHARF,2
6.411663126156356,40.96449021076591,9.361750459691784,35.20923886845095,54.738005647968706,35.56940887249011,10.49,30.955,SHARF,2
6.350414358289956,41.0257842432658,9.427292092138083,34.982873480694494,54.896549684564306,35.34109818863507,10.581999999999999,30.481,SHARF,2
6.453463693313036,40.706685165118365,9.49172389053185,34.75814518046272,55.06323972399949,35.11219174568294,10.581999999999999,30.481,SHARF,2
6.912565613011032,39.620956332505976,9.552261977997265,34.5326750073378,55.219108380842286,34.881685157203655,10.671,30.006,SHARF,2
6.811909686831269,39.80041739070222,9.668095031024265,34.07936395176032,55.5270605507395,34.41790352126792,10.754999999999999,29.525,SHARF,2
6.765474435871846,39.85193597872531,9.723519440792375,33.85121662936931,55.68595813353842,34.18551789198891,10.754999999999999,29.525,SHARF,2
6.905322162381649,39.46291700747096,9.776909849193443,33.622207684489474,55.836945063155724,33.95135157226114,10.834999999999999,29.044000000000004,SHARF,2
7.461117582176001,38.153964685785915,9.829451924064367,33.393600191863776,55.98729729684693,33.71627468894054,10.834999999999999,29.044000000000004,SHARF,2
8.456016434928403,36.00098814212634,9.87903073345774,33.16725192609404,56.137224727000586,33.48067554034551,10.91,28.557000000000002,SHARF,2
8.372653811136916,36.186712721404106,9.980014531714046,32.70892328032443,56.43787610486457,33.00945357668975,10.979,28.068000000000005,SHARF,2
8.280835920431977,36.39191848725822,10.077831354890666,32.247163637905224,56.73079521293401,32.53211165721283,10.979,28.068000000000005,SHARF,2
8.21555746752234,36.52835068553698,10.123040604759924,32.016777460796064,56.88051183524001,32.2999533172161,11.049999999999999,27.576,SHARF,2
8.240861996985396,36.422111933164544,10.16727120336632,31.78558303173632,57.02407532482084,32.05910270416568,11.11,27.079,SHARF,2
8.49383728710743,35.70859566305601,10.209666316375248,31.55374815205391,57.166480679547064,31.817564837111966,11.171,26.578000000000003,SHARF,2
8.408503694969088,35.91089699487365,10.291358580194995,31.087635981041036,57.45003434429064,31.33557836670269,11.171,26.578000000000003,SHARF,2
8.353497852787939,36.02329354212682,10.327574405750672,30.854851075984012,57.590045029921725,31.091368080256885,11.225,26.073999999999998,SHARF,2
8.392567665571752,35.850012735930726,10.367594247071276,30.61841228589748,57.72881335686024,30.846341613364824,11.225,26.073999999999998,SHARF,2
8.616024843504176,35.12665773380034,10.402728732759602,30.381554313734398,57.866482464898766,30.60043281788357,11.273,25.569000000000003,SHARF,2
8.53477636214753,35.335120699331185,10.468893510716374,29.906005964746985,58.152725933157555,30.10843838562306,11.273,25.569000000000003,SHARF,2
8.485172911828768,35.43775566417385,10.499293824095774,29.66778290207896,58.28759446293462,29.860017435412285,11.318999999999999,25.060000000000002,SHARF,2
8.516004142174138,35.26378861016137,10.528810338982662,29.428836629362113,58.42134828551926,29.610702157231945,11.359,24.548000000000002,SHARF,2
8.706043457423227,34.55794586009217,10.557413541608215,29.18897216392532,58.56733897308581,29.360612359482353,11.392999999999999,24.04,SHARF,2
8.630394756502293,34.76898160383678,10.606670321709204,28.70968801221379,58.82933266750012,28.858099641707653,11.392999999999999,24.04,SHARF,2
8.588463363680015,34.85264835599386,10.63138794884373,28.469622745943635,58.958738683264684,28.605766494635045,11.424,23.527,SHARF,2
8.624616699077762,34.63476262439859,10.655487310743668,28.228058321879537,59.09513845405273,28.356772309772882,11.424,23.527,SHARF,2
8.551236780409011,34.84719633950992,10.693142203726044,27.745307842019187,59.346890503418166,27.848908110158,11.452,23.012,SHARF,2
8.516311020682993,34.89102951410691,10.708945773123567,27.503851876007616,59.471836762559796,27.59433710990159,11.472,22.499000000000002,SHARF,2
8.572153420439504,34.5349988835252,10.722403003178233,27.26469620478423,59.58707680957197,27.34770410418693,11.484,21.982,SHARF,2
8.502797119181759,34.74608354902393,10.741201461617237,26.791064674836104,59.83206163530928,26.836892027212855,11.484,21.982,SHARF,2
8.478527108269686,34.72986474307229,10.746559937720445,26.55627623379984,59.95245346480517,26.58109401057187,11.494,21.464999999999996,SHARF,2
8.592010740524042,34.04177228152921,10.747873404050507,26.32134810729438,60.07899078088292,26.327355026179507,11.494,21.464999999999996,SHARF,2
9.017206807614736,32.099570730696875,10.74573479020111,26.085993395364763,60.19689233125615,26.070845108447934,11.496,20.951999999999998,SHARF,2
8.96411440551879,32.30449128755851,10.735721903436785,25.614297434948764,60.428178511953924,25.55736348173334,11.493,20.439999999999998,SHARF,2
8.942813694317017,32.35241560425634,10.724954926802253,25.37712268319393,60.54991598618372,25.29943093892153,11.493,20.439999999999998,SHARF,2
9.01137658039688,31.939445789923326,10.710184112979357,25.14053371026942,60.6624656956888,25.042567367644896,11.49,19.926000000000002,SHARF,2
9.267424330850297,30.623818519051373,10.69050430364891,24.903501186531372,60.7740455730329,24.785900016187252,11.481,19.415,SHARF,2
9.220366313657523,30.841449893116977,10.635929708696812,24.42742742139122,61.00200857345742,24.27679908034442,11.481,19.415,SHARF,2
9.194998264111556,30.92180804098526,10.600879709448469,24.187921712875454,61.108263370124405,24.020329550509825,11.464,18.906,SHARF,2
9.212282691961931,30.69999430149081,10.561043801846223,23.94595023515864,61.21365501670518,23.764041993674358,11.464,18.906,SHARF,2
9.286073384863695,30.069351030583366,10.51697285474563,23.700524122255214,61.318465531110604,23.507750439048884,11.44,18.393,SHARF,2
9.244514557052067,30.290474005928523,10.41414156752639,23.201992246648686,61.51786652347222,23.00287211168474,11.411999999999999,17.881999999999998,SHARF,2
9.202955204776348,30.51160194669825,10.291677967991472,22.67838665237356,61.71930161609135,22.491996893678486,11.411999999999999,17.881999999999998,SHARF,2
9.165333202946611,30.644323599052772,10.225380891153444,22.405326958891084,61.826993633427406,22.239583964167327,11.379,17.375,SHARF,2
9.127499387858139,30.746331568106047,10.155760539257503,22.12432453942397,61.92329045810948,21.98462822386767,11.344,16.869999999999997,SHARF,2
9.088439815046234,30.849391314716115,10.086239989163653,21.83237525506838,62.01829772333606,21.72992041706602,11.299999999999999,16.363999999999997,SHARF,2
9.049016578352928,31.070909364918577,9.9538570752869,21.2176835732955,62.20954777219208,21.214053274565913,11.299999999999999,16.363999999999997,SHARF,2
9.005990817873148,31.20296638017921,9.899030589922347,20.896545051616982,62.30057568016634,20.959951523222603,11.251999999999999,15.862,SHARF,2
8.96100133271116,31.303187531428595,9.849502612958988,20.5660429987692,62.391211858070946,20.706214459280638,11.195,15.363000000000001,SHARF,2
8.915122787910335,31.387397606322626,9.815048375001957,20.228821277178458,62.48083250199999,20.452636845351513,11.195,15.363000000000001,SHARF,2
8.878497135827006,31.609394916704666,9.789107521099508,19.55265624655208,62.66764192273746,19.94562228460247,11.195,15.363000000000001,SHARF,2
8.832268779796035,31.70374780754563,9.796555361058047,19.221031451036655,62.752922108147004,19.69314641170395,11.135,14.866000000000001,SHARF,2
8.784353236060571,31.75627139712472,9.814348124870946,18.89793713977202,62.83681364913383,19.441292638248353,11.071,14.371999999999998,SHARF,2
8.750099442228851,31.978646595682484,9.872016806804561,18.28614377957835,62.99823972891056,18.941494363969273,11.001999999999999,13.877999999999998,SHARF,2
8.701515539527447,31.989165190324265,9.90398926637908,18.000249489913585,63.07800610373573,18.69160795427372,11.001999999999999,13.877999999999998,SHARF,2
8.668815656128118,32.211773771057686,9.958278182675967,17.461448591654587,63.238423910027144,18.194479555064696,10.927,13.388,SHARF,2
8.610268206745255,31.98795116378598,9.978099513502052,17.203126076320903,63.31474890408436,17.94592585092451,10.844,12.901000000000002,SHARF,2
8.548592293561384,31.202370329311005,9.992864224009795,16.952054366543436,63.39011128287295,17.697782720520763,10.844,12.901000000000002,SHARF,2
8.544266421392061,29.63344500240967,10.003453730660915,16.70449450554652,63.46430871105686,17.45028547998083,10.753,12.418000000000001,SHARF,2
8.528504637102376,29.855547578857337,10.014385579794205,16.22562146598158,63.61562679932062,16.957940877643313,10.663,11.94,SHARF,2
8.53175103240708,29.493752151181855,10.015747304629766,15.99363683748021,63.68572208552614,16.712206052789345,10.663,11.94,SHARF,2
8.648423548197556,27.400272339312817,10.01314145953045,15.764387246142048,63.75440733966477,16.46730017251303,10.565999999999999,11.469,SHARF,2
8.679575509201896,27.054828556251856,9.995357590852898,15.321384569253073,63.88233729441506,15.982870635255212,10.463,11.002,SHARF,2
8.74560552944561,26.288420235849106,9.983043554847928,15.10478633518131,63.946855708569345,15.740798990818089,10.463,11.002,SHARF,2
9.16909757933089,21.80357826833208,9.9653080514903,14.891839056007242,64.01047954519107,15.499656343399096,10.350999999999999,10.543999999999999,SHARF,2
9.761685894506355,16.308463342271388,9.942931349888454,14.68577757416718,64.07689444870987,15.260684563057307,10.350999999999999,10.543999999999999,SHARF,2
9.819417590936533,15.418418655025505,9.884547475647526,14.280728558120007,64.19985168861692,14.783889897090642,10.234,10.092,SHARF,2
9.834959822318055,14.643015371921065,9.846646784324358,14.080914877269542,64.2589595251467,14.547561537227708,10.126999999999999,9.648000000000001,SHARF,2
9.80828259272029,14.105297804648664,9.802034674051553,13.884473824110593,64.33229949590783,14.312700120713496,10.009,9.209999999999999,SHARF,2
9.76649409136354,13.86054010550419,9.752367752415255,13.690254654720114,64.38853044619903,14.07959650627903,10.009,9.209999999999999,SHARF,2
9.76908923909262,14.085520395953328,9.628176726621462,13.314021457859367,64.49720075376118,13.61823361926632,9.884,8.781,SHARF,2
9.77168535277727,14.310505382777693,9.463094322525587,12.957552426392171,64.60170005986885,13.173002273950488,9.747,8.361,SHARF,2
9.770870378238602,14.523379091276807,9.35816647818915,12.780737366602732,64.65293440573541,12.948345417453904,9.747,8.361,SHARF,2
9.773630932428203,14.748361491994077,9.240742844474536,12.599383914651614,64.70380346871875,12.725394477952879,9.605,7.949999999999999,SHARF,2
9.77639167222924,14.973344469623731,8.937552286127799,11.73863046748866,64.80380703865465,12.296251210846002,9.462,7.545,SHARF,2
9.779152401068236,15.198327414782,8.815073572330794,11.421129028641296,64.85182807367205,12.078784096552711,9.462,7.545,SHARF,2
9.776196293611573,15.40751905023478,8.702448764529326,11.144890574389265,64.89755341149838,11.863660118336192,9.312,7.154,SHARF,2
9.779204801675663,15.63249867391358,8.504341651348998,10.667760590985264,64.98992341410887,11.443513965310792,9.158,6.769,SHARF,2
9.75192316841335,15.780486740131767,8.413586515748106,10.445500921657747,65.0315586242803,11.234577102585277,9.158,6.769,SHARF,2
9.628647326308911,15.676551195446923,8.326648667079,10.233551129032383,65.0725442805404,11.027619675772181,8.998,6.395,SHARF,2
9.198157350275592,14.597760101722182,8.244840228475612,10.026688563678375,65.1139262283365,10.823981618804291,8.998,6.395,SHARF,2
9.008198278026759,14.0989101419132,8.084012611855774,9.625572828289151,65.19135351291075,10.42030003846302,8.836,6.029,SHARF,2
8.828044140576543,13.54510440126146,8.003512827158119,9.429802363764303,65.22892108010451,10.221443354084398,8.671,5.670999999999999,SHARF,2
8.22673546089357,10.945256684382146,7.924082648751342,9.237877556794313,65.26739483433758,10.027005749982031,8.496,5.32,SHARF,2
8.023528564871715,10.056356475432622,7.7642049699381435,8.864423401053559,65.33545356725632,9.640157404589798,8.496,5.32,SHARF,2
7.970326315502958,9.86306570627941,7.60121450745172,8.49389083628082,65.39858241325534,9.264969208386532,8.315999999999999,4.978999999999999,SHARF,2
7.864825539044464,9.509404734688072,7.521208111291699,8.310673050021174,65.42945552466178,9.07854302280039,8.131,4.645999999999999,SHARF,2
7.542356799417495,8.462137879904887,7.4422957867055235,8.127780652069584,65.45933021410195,8.894388828050436,8.131,4.645999999999999,SHARF,2
7.480865584149019,8.320124148381007,7.281917760834473,7.766350195142301,65.51880223723987,8.528541553295282,7.943999999999999,4.315999999999999,SHARF,2
7.279381205873556,7.802881016600733,7.200537331968531,7.5868426746505895,65.54469482267086,8.35026157032263,7.748999999999999,3.9939999999999998,SHARF,2
7.181031969074615,7.568542187830329,7.120518220170456,7.407449675374939,65.56975198449088,8.173679083437115,7.549999999999999,3.6790000000000003,SHARF,2
7.148648819976645,7.522826584024657,6.958951268484561,7.04929571233921,65.61658284932328,7.826276938349013,7.549999999999999,3.6790000000000003,SHARF,2
6.952089941823839,7.0590229600878285,6.8785035748992955,6.8720178125451445,65.638464262414,7.654245215704232,7.344999999999999,3.369999999999999,SHARF,2
6.858235069506237,6.849162143731749,6.795902427344766,6.6919787031895055,65.65941291323969,7.48347519726051,7.132,3.0760000000000005,SHARF,2
6.826322362222477,6.805162710846899,6.630620530414638,6.33573066628377,65.69611147268337,7.147242131399613,7.132,3.0760000000000005,SHARF,2
6.623450097253686,6.345111670659252,6.547060184660952,6.159218354652352,65.71337431605531,6.9810360763768164,6.911999999999999,2.7889999999999997,SHARF,2
6.52754555956112,6.139187227324685,6.464069952959322,5.9859667130345215,65.72952975942171,6.815902186380507,6.690999999999999,2.5060000000000002,SHARF,2
6.494524483493255,6.098263769877809,6.291524351749983,5.6378667562819755,65.75963629448775,6.486965635610418,6.690999999999999,2.5060000000000002,SHARF,2
6.282888959714047,5.649500139687725,6.203830724731867,5.468332552728611,65.77141861460586,6.3269553823895155,6.468,2.24,SHARF,2
6.240747775906605,5.6006844647309135,6.022739895515551,5.13958413325583,65.79045415245596,6.013209988010102,6.238999999999999,1.9830000000000005,SHARF,2
6.011404103583058,5.15467136905917,5.927572105432942,4.975721024208051,65.8045128578193,5.86088234978558,6.01,1.7360000000000007,SHARF,2
5.902931872265499,4.962417621527371,5.833177220469703,4.816373716832673,65.81143673173544,5.708528238572537,6.01,1.7360000000000007,SHARF,2
5.86403990242941,4.935149000699428,5.638986693139536,4.506202199907699,65.82310557060038,5.410371652121994,5.7829999999999995,1.5009999999999994,SHARF,2
5.730689317888644,4.742863753874603,5.441930105056399,4.208435499095277,65.83796484897537,5.116586798826572,5.558,1.2769999999999992,SHARF,2
5.458416992647194,4.279415946677317,5.342405039078399,4.06014145736914,65.84023239704611,4.976979143271892,5.327999999999999,1.0700000000000003,SHARF,2
5.400221390007125,4.217073419095417,5.151485676289667,3.7695608823352713,65.84527933387328,4.708253154897364,5.327999999999999,1.0700000000000003,SHARF,2
5.1520183268335975,3.797095682086753,5.061360682021028,3.62897866167067,65.84753151485077,4.575776948812406,5.097999999999999,0.875,SHARF,2
5.0431591477696145,3.6225006261089336,4.9702980942240265,3.487073017876505,65.85015347661118,4.445805993249077,4.869999999999999,0.6970000000000001,SHARF,2
5.01864243977591,3.6074964216819074,4.799834610117869,3.2130687682207064,65.85885041089647,4.195839709524057,4.869999999999999,0.6970000000000001,SHARF,2
4.804159271023354,3.235732626093608,4.7211003527857445,3.0816113924931248,65.86177063141024,4.074354430873036,4.869999999999999,0.6970000000000001,SHARF,2
4.7123067704260375,3.0822945140224585,4.6439079234073,2.9546305599978475,65.86440772323756,3.9562984588865007,4.869999999999999,0.6970000000000001,SHARF,2
4.6539924221189155,2.9923290297265397,4.5076314384,2.721824050135786,65.87163535305568,3.7301820595406556,4.647,0.5300000000000002,SHARF,2
4.520259403930995,2.7559394126516805,4.4487102437661585,2.621742629108555,65.87474074771049,3.6211286135449985,4.422000000000001,0.3799999999999999,SHARF,2
4.621699011824906,2.956771850861864,4.388543741028249,2.5312222537077265,65.87839381886695,3.515154341812528,4.195999999999998,0.24099999999999966,SHARF,2
4.723140038856998,3.157606869668383,4.0846559061253105,2.4487221060604134,65.89820345259456,3.3172020394193558,3.974,0.11399999999999988,SHARF,2
4.82458106825647,3.3584418938700313,3.7313115689563148,2.307175431309854,65.90817277227971,3.126421522178644,3.754999999999999,-0.001000000000000334,SHARF,2
4.926022086416149,3.559276906982957,3.5959183963910366,2.2069687339073796,65.91336922969558,3.035596881429011,3.5330000000000013,-0.10200000000000031,SHARF,2
5.027463091138718,3.7601119061922206,3.476554753427979,2.1049335390803594,65.92183978069883,2.9524139930844866,3.311,-0.1930000000000005,SHARF,2
5.122206841957856,3.9547269637712565,3.2634664199844736,1.8956152403554922,65.93540154306805,2.782536165537309,3.311,-0.1930000000000005,SHARF,2
5.2232371490053096,4.154996312417924,3.166001520520116,1.7934588477643614,65.94267114990367,2.701485700497492,3.0889999999999986,-0.27200000000000024,SHARF,2
5.3147319991127615,4.346189231385555,2.980470792004765,1.6011043164682057,65.95526000149476,2.544239203664067,2.8709999999999987,-0.3440000000000003,SHARF,2
5.375482603682035,4.507941923733731,2.7979470728071933,1.4206902946539346,65.969390011249,2.3983972265491325,2.649000000000001,-0.4039999999999999,SHARF,2
5.312537822112438,4.548092052394526,2.706809402326156,1.3360122272102226,65.97363224067402,2.327244940060608,2.4319999999999986,-0.45500000000000007,SHARF,2
2.724327902067118,1.4632598487613941,2.525101190278488,1.175489276493463,65.98618802620256,2.193819200452601,2.4319999999999986,-0.45500000000000007,SHARF,2
2.6503273847199242,1.3990571469514885,2.3393462726137635,1.0278570573587673,65.99652511717657,2.062918345429061,2.218,-0.4930000000000003,SHARF,2
2.37976958949441,1.1162757623249018,2.244637382147686,0.959845995349994,66.00157828082148,2.003754691932583,2.004999999999999,-0.5350000000000001,SHARF,2
2.2415352854021116,0.9969944010201491,2.1476042845789634,0.8949130717410246,66.00635489377024,1.947019567321515,1.7910000000000004,-0.5680000000000005,SHARF,2
2.0842662356251496,0.9006782523994253,1.9507288475240887,0.7757576061431719,66.0186013273527,1.8509125564390374,1.7910000000000004,-0.5680000000000005,SHARF,2
1.8940483971059283,0.7910558042347013,1.7491120076112527,0.6643886677921392,66.02735918400143,1.7503404688707147,1.5799999999999983,-0.5840000000000005,SHARF,2
1.749131903854847,0.7042014208389555,1.6490649728149447,0.6133753496004497,66.03145840536789,1.7026850569621717,1.373000000000001,-0.5970000000000004,SHARF,2
1.5829771368136707,0.625747751562907,1.4459272561291183,0.514582588980325,66.03789237679092,1.6165219826061932,1.373000000000001,-0.5970000000000004,SHARF,2
1.451505490907426,0.5598827950315338,1.3448772660867248,0.46980510485018795,66.04177833769569,1.57525737305263,1.1720000000000006,-0.6040000000000001,SHARF,2
1.3747075672208153,0.5369884998931999,1.2428465973901568,0.42649365940187306,66.04550879615165,1.5367146191886276,0.9759999999999991,-0.601,SHARF,2
1.1823041224929045,0.4531056250477208,1.0407758086594987,0.3487151022481352,66.05199510377264,1.4631868763928069,0.7899999999999991,-0.5970000000000004,SHARF,2
1.0435358536180797,0.3921913898765741,0.9387413077682063,0.3116234314389398,66.05678719746653,1.430833592342772,0.6159999999999997,-0.5920000000000005,SHARF,2
0.9832340670393648,0.4107719934038957,0.7363251397687652,0.2473241110155655,66.06721213450933,1.3728716192977546,0.6159999999999997,-0.5920000000000005,SHARF,2
0.74903696297364,0.29982284046002444,0.6362462480363956,0.22076877884452203,66.07436732697347,1.3471253006338453,0.6159999999999997,-0.5920000000000005,SHARF,2
0.7781271810757517,0.3631044740626888,0.5369798326440691,0.19628057072597993,66.08340565980059,1.3236169137769638,0.45700000000000074,-0.5830000000000002,SHARF,2
0.5063547358139376,0.25691718040476824,0.34385623314060004,0.15609817209314092,66.10673100025392,1.2816658628110293,0.31400000000000006,-0.5700000000000003,SHARF,2
0.35565549095380955,0.20730430109664916,0.251418996240334,0.1404205000616676,66.12259489014149,1.2626743254230943,0.18299999999999983,-0.5540000000000003,SHARF,2
0.19630823081935989,0.18050440465718456,0.07600701059162894,0.1147747799390296,66.16292836292907,1.2311801949794532,0.06299999999999883,-0.54,SHARF,2
0.034865787241578294,0.15850967988749748,-0.08659282950803643,0.09595879449046245,66.2142138155451,1.1999522114786565,-0.045000000000001705,-0.5289999999999999,SHARF,2
-0.063422292332356,0.14613594529180335,-0.16283997160574534,0.08918918560012729,66.24526769045397,1.1892316889650802,-0.045000000000001705,-0.5289999999999999,SHARF,2
-0.1417525275988997,0.13923738415208034,-0.23473952836797876,0.085136531227708,66.2794725043362,1.1802069281785026,-0.14300000000000068,-0.5150000000000006,SHARF,2
-0.1298798066086454,0.19650485625180392,-0.3681508483880746,0.07881913980919077,66.3527756729849,1.1648833515050154,-0.23300000000000054,-0.5019999999999998,SHARF,2
-0.3263950063860911,0.1323255356580053,-0.42997641873727777,0.07557885475619565,66.39583628743878,1.158437502417058,-0.3099999999999987,-0.4889999999999999,SHARF,2
-0.43858690775091963,0.12302337949179355,-0.5433773161737151,0.07083025436929825,66.49071860908849,1.1481920847609492,-0.3099999999999987,-0.4889999999999999,SHARF,2
-0.37571858817534826,0.18929565745651558,-0.5944426229478229,0.0705891452555662,66.5416776148343,1.143150016939467,-0.3769999999999989,-0.48099999999999987,SHARF,2
-0.38627558393737,0.2137286125137186,-0.6438872386658288,0.07080649064907425,66.59511650024757,1.138868276348874,-0.4349999999999987,-0.47500000000000053,SHARF,2
-0.36048951941958357,0.264128365707037,-0.7309639725922262,0.07499595315212469,66.70100140106386,1.1336297654630223,-0.4349999999999987,-0.47500000000000053,SHARF,2
-0.6517394780813418,0.14143056578981916,-0.7672072649170835,0.07876676103483746,66.76149205582179,1.1311004472455077,-0.48499999999999943,-0.4560000000000004,SHARF,2
-0.4646093976721397,0.26635538849738244,-0.7997830042792449,0.08207138963541885,66.82445529059333,1.1289571377086605,-0.5250000000000021,-0.4500000000000002,SHARF,2
-0.2774771233491796,0.3912813829826132,-0.8059173934019017,0.034099039524061514,66.889958780294,1.1272360015995058,-0.5250000000000021,-0.4500000000000002,SHARF,2
-0.0903448475899974,0.5162073780547487,-0.8565621198678675,-0.020715667246329485,67.02328468069467,1.1180003891008647,-0.5620000000000012,-0.44399999999999995,SHARF,2
0.09678741965941329,0.641133367474417,-0.8889651291530285,-0.035695245328752234,67.0963966354828,1.116683484247988,-0.5620000000000012,-0.44399999999999995,SHARF,2
0.28391967537448637,0.7660593499570519,-0.9518331655688425,-0.05227061872778069,67.24856485604454,1.113102261557034,-0.597999999999999,-0.4400000000000004,SHARF,2
0.4710519171869872,0.8909853245405084,-1.0099349691815274,-0.059925325503892575,67.41002238276623,1.1110284542239197,-0.6359999999999992,-0.4320000000000004,SHARF,2
0.6581841438322819,1.0159112901236187,-1.0376356075029516,-0.06187491089454536,67.49234415518183,1.1101243144322275,-0.6720000000000006,-0.4270000000000005,SHARF,2
0.8453163532233392,1.1408372455668183,-1.063969890114395,-0.06355713102853494,67.57555788625045,1.1102771405033345,-0.7029999999999994,-0.42600000000000016,SHARF,2
1.0234226646154077,1.2604002353659818,-1.1140553808623241,-0.06494386954550127,67.74277295136571,1.109359728948711,-0.7029999999999994,-0.42600000000000016,SHARF,2
