Filter X,Filter Y,IMU X,IMU Y,GPS X,GPS Y,Ground Truth X,Ground Truth Y,Algorithm,Spoofing Rate
0.035526315789473684,0.0,0.0,0.0,0.0,0.0,0.004000000000001336,0.0019999999999997797,CI,2
0.06780821917808219,0.0,0.0,0.0,0.0,0.0,0.004000000000001336,0.0019999999999997797,CI,2
0.0782967032967033,0.0,0.0,0.0,0.0,0.0,0.004000000000001336,0.0009999999999994458,CI,2
0.08125613346418059,0.0,0.0,0.0,0.0,0.0,0.004000000000001336,0.0009999999999994458,CI,2
0.08206021561924796,0.0,0.0,0.0,0.0,0.0,0.0030000000000001137,0.0009999999999994458,CI,2
0.08227647431832592,0.0,0.0,0.0,0.0,0.0,0.0030000000000001137,0.0009999999999994458,CI,2
0.08233447865732788,0.0,0.0,0.0,0.0,0.0,0.0030000000000001137,0.0019999999999997797,CI,2
0.08235002504008943,0.0,0.0,0.0,0.0,0.0,0.0030000000000001137,0.0019999999999997797,CI,2
0.08235419098003019,0.0,0.0,0.0,0.0,0.0,0.0010000000000012221,0.0009999999999994458,CI,2
0.08235530726175826,0.0,0.0,0.0,0.0,0.0,0.0010000000000012221,0.0009999999999994458,CI,2
0.08235560637008839,0.0,0.0,0.0,0.0,0.0,0.0010000000000012221,0.0009999999999994458,CI,2
0.08235568651603466,0.0,0.0,0.0,0.0,0.0,0.0010000000000012221,0.0009999999999994458,CI,2
0.0823557079910842,0.0,0.0,0.0,0.0,0.0,0.0010000000000012221,0.0009999999999994458,CI,2
0.08235571374530692,0.0,0.0,0.0,0.0,0.0,0.0019999999999988916,0.0019999999999997797,CI,2
0.0823557152871463,0.0,0.0,0.0,0.0,0.0,0.0019999999999988916,0.0019999999999997797,CI,2
0.08235571570028094,0.0,0.0,0.0,0.0,0.0,0.0010000000000012221,0.0009999999999994458,CI,2
0.08235571581098003,0.0,0.0,0.0,0.0,0.0,0.0010000000000012221,0.0009999999999994458,CI,2
0.08235571584064176,0.0,0.0,0.0,0.0,0.0,0.0010000000000012221,0.0009999999999994458,CI,2
0.08235571584858958,0.0,0.0,0.0,0.0,0.0,0.0010000000000012221,0.0009999999999994458,CI,2
0.15556079660760694,0.0,0.0,0.0,0.1,0.0,0.0,0.0019999999999997797,CI,2
0.2481789933170002,-0.003228112847503322,0.0,0.0,0.19972389031384372,-0.004351128148092717,0.0,0.0009999999999994458,CI,2
0.3461613253835264,-0.0027809864426555303,0.0,0.0,0.2996696465570401,-0.0026680430792844884,0.0,0.0009999999999994458,CI,2
0.4455895406429765,-0.0010597397401022957,0.0,0.0,0.3996271007086433,-0.0005000435664808779,0.0,0.0009999999999994458,CI,2
0.5456393620001762,0.0012913033932137523,0.0,0.0,0.4999044349881546,0.0020915626302077267,0.0,0.0009999999999994458,CI,2
0.6460876067201263,8.464119818845393e-05,0.0,0.0,0.6004985050670152,-0.0003144989289434842,0.0019999999999988916,0.004999999999999893,CI,2
0.7463357563438852,0.0026510189782361394,0.0,0.0,0.7006734074990816,0.003540572244704926,0.0019999999999988916,0.004999999999999893,CI,2
0.8463169960411656,0.006783672174903158,0.0,0.0,0.8005569311598879,0.008250838592885432,0.0019999999999988916,0.009999999999999787,CI,2
0.9463567680830071,0.011821418924035897,0.0,0.0,0.9006181039391777,0.013661988574018265,0.0019999999999988916,0.009999999999999787,CI,2
1.0454829259243308,0.01473259583484116,0.0,0.0,0.999409980447284,0.01591646952216335,0.0,0.016000000000000014,CI,2
1.1456151601493478,0.020697412905141536,0.0,0.0,1.0999103699729114,0.022981703853103736,0.0,0.016000000000000014,CI,2
1.2460958778189468,0.028190281280688834,0.0,0.0,1.2005187042103593,0.03109615852465569,-0.0019999999999988916,0.02799999999999958,CI,2
1.3467244545287282,0.03685247783968886,0.0,0.0,1.3012016153421062,0.040282951023824586,-0.0019999999999988916,0.02799999999999958,CI,2
1.4459040606069973,0.04462083286324438,0.0,0.0,1.3998515877356508,0.047888197743320336,-0.0019999999999988916,0.02799999999999958,CI,2
1.546170979665947,0.0553457665646866,0.0,0.0,1.5005167246033173,0.059764527684111494,-0.0019999999999988916,0.02799999999999958,CI,2
1.6467622051817894,0.06808565821861626,0.0,0.0,1.601227512680524,0.07338206561453813,-0.0030000000000001137,0.041999999999999815,CI,2
1.7475503803033774,0.08254419824815769,0.0,0.0,1.702089299922142,0.08865383477377833,-0.004999999999999005,0.06099999999999994,CI,2
1.844372763033787,0.09460211065189253,0.0,0.0,1.7974639873508258,0.10014542077964837,-0.0070000000000014495,0.08499999999999996,CI,2
1.9444956396055324,0.11161059556128083,0.0,0.0,1.8987960821131682,0.11907733803547899,-0.0070000000000014495,0.08499999999999996,CI,2
2.045696177623766,0.1313269807879116,0.001374236644963684,0.09869006331062989,2.0003949815703392,0.14003360301370582,-0.0070000000000014495,0.08499999999999996,CI,2
2.147255795058353,0.15321094542577712,-0.0014334200166096316,0.14622944591233938,2.102092119892138,0.16302521677725523,-0.012000000000000455,0.11899999999999977,CI,2
2.2511415263603656,0.1727177855462526,-0.005025785447107255,0.18424316084757952,2.2068410037386053,0.18212419749601272,-0.013000000000001677,0.1589999999999998,CI,2
2.353457220094259,0.197675750856366,-0.007797120914553764,0.21940224928999197,2.3085887584746567,0.20933604908832046,-0.013000000000001677,0.1589999999999998,CI,2
2.4554544268065155,0.22566838560566757,-0.009860426702721803,0.2549310184951138,2.4104826459733966,0.23885027368180242,-0.019999999999999574,0.20699999999999985,CI,2
2.557517427893482,0.25619470109693787,-0.011334387804560357,0.2915350178876578,2.5125880747577165,0.2707883886607416,-0.019999999999999574,0.20699999999999985,CI,2
2.6572649059700333,0.29116359770101224,-0.012119007976172817,0.3299945532472064,2.611509476957972,0.30788243517493824,-0.030000000000001137,0.26400000000000023,CI,2
2.7586579811874925,0.327196176885979,-0.012689207598610912,0.3704853541697057,2.7135387652669483,0.3449626828988614,-0.030000000000001137,0.26400000000000023,CI,2
2.860515007135117,0.36550156097690095,-0.012935828302170663,0.4139073787497005,2.815604969248896,0.38476779670362155,-0.04100000000000037,0.3309999999999995,CI,2
2.9623797453872505,0.40636685849850634,-0.013014378727356807,0.45956309083725594,2.9175208046284045,0.4272871287643081,-0.04100000000000037,0.3309999999999995,CI,2
3.062941783764426,0.44848490325969415,-0.012888100131143318,0.5082944977326311,3.017668615718445,0.4706744996658358,-0.05600000000000094,0.40700000000000003,CI,2
3.1645051014459233,0.4943954613642378,-0.012449050144668166,0.5594391172880591,3.119665815437426,0.5187581461230184,-0.05600000000000094,0.40700000000000003,CI,2
3.266527617649044,0.5435603478737776,-0.012099936266898384,0.614223131987063,3.221941559484771,0.5699964526716852,-0.07199999999999918,0.4950000000000001,CI,2
3.368628095807135,0.5958166126864894,-0.011950728307943519,0.6719060494111015,3.324174556252232,0.6243473269314639,-0.07199999999999918,0.4950000000000001,CI,2
3.4694038112426453,0.6446693988288034,-0.01234589275557485,0.7331202467363601,3.4246122861494697,0.673145616199553,-0.07199999999999918,0.4950000000000001,CI,2
3.5700985167936756,0.7017354845220563,-0.013298294025765614,0.7971340051613734,3.5253935004135646,0.7341019520129709,-0.09199999999999875,0.593,CI,2
3.670206080847807,0.7632820960206362,-0.015014921088303233,0.864638039427166,3.625451429930179,0.7984163937211214,-0.09199999999999875,0.593,CI,2
3.7697182135928156,0.8282072840126062,-0.017503995244510732,0.9348663008404015,3.7249479813498523,0.8658287281558289,-0.09199999999999875,0.593,CI,2
3.8687021367108043,0.8925460341502324,-0.021283398240351317,1.0086818449707013,3.823993901211571,0.9313718749995465,-0.14700000000000202,0.827,CI,2
3.9669669845306865,0.9632132610587879,-0.02601221028810962,1.0854753998228215,3.922243956046973,1.0056330773698248,-0.14700000000000202,0.827,CI,2
4.064197380380902,1.0376065671977972,-0.03203660711938768,1.165519033903921,4.019407900016675,1.0828517308980368,-0.14700000000000202,0.827,CI,2
4.16046045269887,1.1155733879863259,-0.038551159173123066,1.2476345479053315,4.115677371643638,1.1636721346576966,-0.18599999999999994,0.9629999999999992,CI,2
4.254939441927252,1.1916514674080532,-0.04685122661071268,1.3345977338090134,4.209951890577383,1.2408055037160202,-0.2289999999999992,1.1099999999999994,CI,2
4.349239290484943,1.2748215793152569,-0.055551403419081054,1.4238516472456755,4.304605770676094,1.3280963590805663,-0.2289999999999992,1.1099999999999994,CI,2
4.44250099156063,1.3617288890238792,-0.06551846824119945,1.5159045287319173,4.398006037332209,1.4181031929337955,-0.2289999999999992,1.1099999999999994,CI,2
4.534159119349317,1.4519778076114567,-0.07720683599191688,1.611330938233659,4.489665983509228,1.5113905201510367,-0.2789999999999999,1.2699999999999996,CI,2
4.621697293016758,1.542727928124778,-0.09071953416584477,1.7093695325885814,4.576383971070639,1.6042757293308507,-0.3360000000000021,1.440999999999999,CI,2
4.709444509554263,1.6383367253637628,-0.10616682191530255,1.8101825399080311,4.664896327807501,1.7034857277494535,-0.3360000000000021,1.440999999999999,CI,2
4.79583043310966,1.7365425204436788,-0.12404259308441551,1.9122551734266227,4.751583010440428,1.8046018401112682,-0.4039999999999999,1.6210000000000004,CI,2
4.880092040762257,1.837507731890117,-0.14472864630956953,2.0169162018123896,4.835941902321652,1.9085723599010496,-0.4039999999999999,1.6210000000000004,CI,2
4.958541900078163,1.9343170812559278,-0.16872885567829268,2.122125790893385,4.913300879190631,2.006043468802104,-0.4039999999999999,1.6210000000000004,CI,2
5.0365977513176485,2.0379763254857304,-0.1953536190521418,2.2282390815430175,4.992128746115094,2.114030895153038,-0.48100000000000165,1.811,CI,2
5.113212924680866,2.1443189867812724,-0.22603877880825995,2.3357678560049644,5.069285287545842,2.223338375199911,-0.5710000000000015,2.01,CI,2
5.188177090877234,2.2531003385356807,-0.2582267314215163,2.444042574616097,5.1447936467998945,2.3350086478342718,-0.5710000000000015,2.01,CI,2
5.25607059033299,2.359226640613122,-0.29351848772901923,2.5512591709831947,5.211416985823476,2.44229721598302,-0.5710000000000015,2.01,CI,2
5.325623595523063,2.4704823313742286,-0.33188331028669155,2.6600555300979933,5.28274709114866,2.5572246176648328,-0.6700000000000017,2.2089999999999996,CI,2
5.393817193043995,2.583947647464002,-0.3727678710528024,2.7671120607297857,5.3517718520584,2.67341252852631,-0.6700000000000017,2.2089999999999996,CI,2
5.459971007312665,2.698985296729427,-0.41596697053192905,2.874666747741273,5.418586522502964,2.790933489397901,-0.7789999999999999,2.414999999999999,CI,2
5.523140042491623,2.8087425008615092,-0.4615231022638343,2.979087403094621,5.482213312856482,2.9007281128772515,-0.8919999999999995,2.6270000000000007,CI,2
5.584603335599377,2.9239388297855036,-0.5093029340478645,3.082597240778469,5.544446139942627,3.0195963075758194,-0.8919999999999995,2.6270000000000007,CI,2
5.6436766137093315,3.040924898120181,-0.5587032547851754,3.1796277631444525,5.6041643891049135,3.138966617858301,-0.8919999999999995,2.6270000000000007,CI,2
5.700288397304031,3.158706536533,-0.6086641350531772,3.271112596094625,5.661444416839837,3.2587267193629676,-1.0150000000000006,2.8409999999999993,CI,2
5.751487933172025,3.2770165665044075,-0.6562002551297879,3.352081827884846,5.7122940691675055,3.3788862279238874,-1.1460000000000008,3.055999999999999,CI,2
5.802401174195708,3.3957829680715985,-0.5499250804779362,3.5070536396842216,5.7646553217608645,3.4993161152836905,-1.1460000000000008,3.055999999999999,CI,2
5.851590773277812,3.515002897341238,-0.5104982537809369,3.662964447047032,5.814808860573901,3.6201588680363757,-1.2860000000000014,3.2680000000000007,CI,2
5.898421412767165,3.634504618355601,-0.5136212143293579,3.815758718930056,5.86238835053755,3.741160748641309,-1.2860000000000014,3.2680000000000007,CI,2
5.945616698705842,3.7500986462721437,-0.5527583612107146,3.9690539423748294,5.911330158163835,3.856651139862966,-1.434000000000001,3.4830000000000005,CI,2
5.987290393149184,3.8679076608531058,-0.6105511534022817,4.1162105295009335,5.952596153898627,3.9765307574776005,-1.434000000000001,3.4830000000000005,CI,2
6.025712289533239,3.986078233354702,-0.6855290425503124,4.25812046076853,5.991392896589401,4.09599640807918,-1.5919999999999987,3.6980000000000004,CI,2
6.061815794965599,4.104434907230821,-0.7661751610642358,4.39391321610203,6.028167335665934,4.215496753405766,-1.5919999999999987,3.6980000000000004,CI,2
6.088596156858717,4.219839059295285,-0.854031691131899,4.524401773178258,6.053179469520166,4.330923383397822,-1.5919999999999987,3.6980000000000004,CI,2
6.1188744962788455,4.337911460534758,-0.9429304347157345,4.650320903170897,6.08595910940514,4.450762111749476,-1.7579999999999991,3.9079999999999995,CI,2
6.148352874082327,4.456515859009347,-1.0358672615762479,4.772624688742396,6.116515936729322,4.570408011377476,-1.9299999999999997,4.119,CI,2
6.175885683399942,4.5753217243481,-1.129030561494221,4.8915375277106,6.144717733698489,4.690103324404044,-1.9299999999999997,4.119,CI,2
6.197041571461826,4.689711271267062,-1.226087709478796,5.006509083049853,6.165013774946361,4.803705460693965,-1.9299999999999997,4.119,CI,2
6.219507237529201,4.807414679770188,-1.3242010939816127,5.11976843390831,6.1890815327548765,4.923231186760379,-2.1050000000000004,4.333,CI,2
6.240952968639809,4.9258391725042685,-1.4269614100491226,5.227594476610609,6.211371021957936,5.042552665662827,-2.2860000000000014,4.545,CI,2
6.260425744956536,5.044504680785431,-1.5315263864416815,5.332510249320953,6.231338438237874,5.16191356094906,-2.2860000000000014,4.545,CI,2
6.274259814497206,5.156800728612202,-1.6417941357399142,5.427092110707839,6.244414827201642,5.272500623145132,-2.469999999999999,4.76,CI,2
6.288408179766283,5.273631839796999,-1.7520603381713575,5.515680320504463,6.25962716418835,5.391429554512494,-2.469999999999999,4.76,CI,2
6.3012506794921315,5.391722187530904,-1.8609761911563376,5.585923832050318,6.2730174759178485,5.510436165640033,-2.469999999999999,4.76,CI,2
6.312669852811484,5.510341903467249,-1.9613805296923867,5.648188022585233,6.2849226399303575,5.6296804391550825,-2.6640000000000015,4.974,CI,2
6.320416482230228,5.628391511935724,-1.8947904009961059,5.805330068119296,6.292352066295043,5.74794395897526,-2.8580000000000005,5.1899999999999995,CI,2
6.328029382307943,5.747138975181182,-1.8973367520730033,5.960808124821168,6.300782555124944,5.867291986297831,-2.8580000000000005,5.1899999999999995,CI,2
6.3343044698818005,5.866141658109409,-1.9540738447140034,6.118714822284739,6.3074464972185655,5.986725922201573,-2.8580000000000005,5.1899999999999995,CI,2
6.339092528242771,5.985354303424537,-2.037469240603976,6.270367196249974,6.312535956669073,6.106329811405235,-2.8580000000000005,5.1899999999999995,CI,2
6.342782344960577,6.103687331446395,-2.1415358080628897,6.415372539422847,6.316629985613681,6.224630854797412,-3.2600000000000016,5.632,CI,2
6.344760087868301,6.223036618593978,-2.251730551278967,6.553002548066947,6.318747310383279,6.344619013284904,-3.2600000000000016,5.632,CI,2
6.345419962308585,6.342867364062819,-2.367526977850862,6.685703051406012,6.31964840613662,6.464870333740303,-3.468,5.8580000000000005,CI,2
6.344888957335803,6.463295422443077,-2.4833974510163017,6.813531226452863,6.319366952065367,6.5857416490295195,-3.468,5.8580000000000005,CI,2
6.339965184347428,6.577531397420775,-2.598974142381647,6.9394531273757565,6.31360392110405,6.697954391695133,-3.468,5.8580000000000005,CI,2
6.336332904645395,6.6967983656045655,-2.7153834581295198,7.0631054087184015,6.3108971544847,6.819203465432345,-3.6769999999999996,6.086,CI,2
6.332110988370539,6.817494480906995,-2.831318991304854,7.185960970532297,6.307007658769238,6.940588276559849,-3.8889999999999993,6.317,CI,2
6.326889162695547,6.938923510209612,-2.9485528663406213,7.308287960660033,6.3019669954642605,7.06244664798933,-3.8889999999999993,6.317,CI,2
6.320598740823962,7.055321549812836,-3.068702210388572,7.432466948431433,6.295844183649036,7.177163301289182,-3.8889999999999993,6.317,CI,2
6.313160736860255,7.176043079128372,-3.187170706717227,7.550694065453565,6.288435867471252,7.299593432197943,-4.106999999999999,6.549999999999999,CI,2
6.304469778165837,7.298179931940019,-3.3070031705172895,7.671908679572097,6.279744827658448,7.4223738912051145,-4.327999999999999,6.784000000000001,CI,2
6.295177618934633,7.421180246049191,-3.429355160473266,7.793153677047027,6.270654462132295,7.545803329167383,-4.327999999999999,6.784000000000001,CI,2
6.2831450603214085,7.5371730097535,-3.55222313436256,7.913931599187521,6.258116181900943,7.65936100410792,-4.553000000000001,7.02,CI,2
6.271561130624517,7.6596793067395526,-3.6799724340599975,8.036062955185587,6.246959383176396,7.7843192365454446,-4.553000000000001,7.02,CI,2
6.259409326015243,7.784175611250267,-3.8054853889428815,8.153080118318874,6.23493581079139,7.909628880217889,-4.553000000000001,7.02,CI,2
6.246352788785711,7.909665069115086,-3.9346993737735008,8.27076348747123,6.2218881943991775,8.035566248315737,-4.780999999999999,7.260999999999999,CI,2
6.227119783883102,8.029150928123377,-4.0644417874708925,8.388860882090361,6.20087125709294,8.15297004999427,-5.007999999999999,7.504,CI,2
6.21108488532132,8.154347553694436,-4.195687115111577,8.505090122680436,6.186073171546504,8.28027315817267,-5.007999999999999,7.504,CI,2
6.1952302396635375,8.281641260720162,-4.3291678378124745,8.624694148746737,6.170505519392511,8.408386936054466,-5.240000000000002,7.753,CI,2
6.178788241409421,8.410399488571517,-4.4582253441535125,8.739133167665852,6.154096954530268,8.537739396236773,-5.240000000000002,7.753,CI,2
6.159068003500446,8.536101935815973,-4.588542884038063,8.856949284337988,6.1334994555567315,8.662397562573583,-5.471,8.007,CI,2
6.141138378956245,8.666088233325217,-4.719670384703764,8.975100155641975,6.116321901699034,8.793974065499134,-5.471,8.007,CI,2
6.122640091426925,8.797490048085674,-4.850344056857267,9.094389903981774,6.097820132299468,8.925940191590701,-5.705000000000002,8.266,CI,2
6.103132739003366,8.92962369405774,-4.98389244094096,9.21602945428173,6.0781528461143575,9.058388402365633,-5.705000000000002,8.266,CI,2
6.0802431231934975,9.054655963635478,-5.111072431121939,9.33586575777638,6.0543075787580705,9.180883372175416,-5.705000000000002,8.266,CI,2
6.058905727287825,9.186627548653961,-5.24136817191998,9.458051909403286,6.033549804123636,9.315397539870967,-5.939,8.53,CI,2
6.037548437448024,9.321291663157009,-5.371257946975169,9.58197362559388,6.012299905017827,9.451072109259314,-6.177,8.796999999999999,CI,2
6.015714180158659,9.45741300571516,-5.500902085631787,9.705948077277876,5.990429258657124,9.587756616444334,-6.177,8.796999999999999,CI,2
5.993984477855632,9.592794397006202,-5.633815167813037,9.833628581484714,5.968867344372164,9.722894866290464,-6.177,8.796999999999999,CI,2
5.971320675842888,9.730853303976762,-5.75975869319226,9.959183324856365,5.945993752592509,9.861961834084886,-6.4190000000000005,9.068,CI,2
5.948087088288477,9.870605485586408,-5.8925379249108145,10.089679624472152,5.9226702115580165,10.00235876794444,-6.66,9.344,CI,2
5.92440910387136,10.011740178480684,-6.018217723195643,10.220765841503194,5.898939445094375,10.144022467776923,-6.66,9.344,CI,2
5.897946974106067,10.149599081838835,-6.150673023010518,10.356393543643161,5.871637239162655,10.280719391744702,-6.904,9.629,CI,2
5.872950800814859,10.291758036528483,-6.279783846511502,10.493119991493192,5.847161440328019,10.424448978417876,-6.904,9.629,CI,2
5.8480551883543725,10.43596807286388,-6.408895693743387,10.631108424190842,5.822364913548059,10.56942258880043,-6.904,9.629,CI,2
5.823152392961218,10.581770932814448,-6.534903524476285,10.767786499704844,5.797534000271533,10.715823739124929,-7.148,9.915000000000001,CI,2
5.792360653507884,10.725638087616042,-6.664758438920103,10.905771214506533,5.764815468413992,10.859028799755325,-7.393000000000001,10.203999999999999,CI,2
5.765207192510953,10.872852296147284,-6.797835313873339,11.045514785421473,5.738869941654852,11.007443067816522,-7.393000000000001,10.203999999999999,CI,2
5.73875341974974,11.021769528226683,-6.927113800543363,11.185375201226575,5.712693964166748,11.156988063262196,-7.393000000000001,10.203999999999999,CI,2
5.712426426415091,11.17223384896919,-7.056143000725828,11.324733239106486,5.686467279128627,11.308029575630966,-7.393000000000001,10.203999999999999,CI,2
5.68263675742823,11.316804115513847,-7.184728629243956,11.464394126260313,5.655586989167987,11.45047799421664,-7.890000000000001,10.802000000000001,CI,2
5.65540385104206,11.467821234784715,-7.313261307810773,11.603923858367489,5.629190832886001,11.603834972819659,-7.890000000000001,10.802000000000001,CI,2
5.6282778403767795,11.620910289972395,-7.441971754767904,11.744595085026615,5.6021444787664745,11.757690551900204,-8.136,11.110000000000001,CI,2
5.60092133441398,11.775132517276123,-7.570708622488193,11.886530186893234,5.574765321832007,11.912339903126405,-8.136,11.110000000000001,CI,2
5.571650211691833,11.927608794649132,-7.700006602219429,12.03056515625301,5.544905477383997,12.064199418189254,-8.136,11.110000000000001,CI,2
5.543930448408578,12.083512687971131,-7.8249112471919595,12.174901283418874,5.51772200067008,12.221351666052719,-8.387,11.421000000000001,CI,2
5.516501862953302,12.24132232160433,-7.9566154248102885,12.320293275903694,5.490440483611403,12.37986689475361,-8.635000000000002,11.732000000000001,CI,2
5.489265440350873,12.40031348500026,-8.083910477170914,12.466957810336513,5.463331271176407,12.53930178883362,-8.635000000000002,11.732000000000001,CI,2
5.461033699802251,12.550617281672167,-8.210632627682688,12.614279554410082,5.434869404191338,12.686452153426714,-8.635000000000002,11.732000000000001,CI,2
5.4337948434358,12.70914801859122,-8.33528049676825,12.761815998217044,5.407958111055358,12.847987165899443,-8.884,12.052000000000001,CI,2
5.4069331916607375,12.870865175008236,-8.459016162835475,12.910134178630726,5.381277789944896,13.010879126931401,-9.132000000000001,12.377,CI,2
5.380254080297955,13.033935098865603,-8.581276062422956,13.05698162171633,5.354737832833322,13.17445832674659,-9.132000000000001,12.377,CI,2
5.34789099436945,13.19379715675474,-8.702947990523416,13.20433436046011,5.320527185787704,13.333191234192231,-9.379999999999999,12.705,CI,2
5.319993152375215,13.357561220322447,-8.822509250220422,13.35150028579819,5.29412076520974,13.498355993202408,-9.379999999999999,12.705,CI,2
5.293574890921529,13.523214491773961,-8.940336625946752,13.499797657358481,5.268265181608486,13.664704879262336,-9.379999999999999,12.705,CI,2
5.268035764176868,13.690190133733262,-9.05304206830765,13.648535383979988,5.2431175885536625,13.832178015122906,-9.626000000000001,13.037,CI,2
5.241468774000247,13.849789498772427,-9.169315765700802,13.79575703413329,5.21634408362919,13.989109888115962,-9.870000000000001,13.374999999999998,CI,2
5.21640430874299,14.016446452303818,-9.278147690336727,13.945289828632633,5.1918334462699445,14.158350916803002,-9.870000000000001,13.374999999999998,CI,2
5.191808883649473,14.185370484315182,-9.38385174304689,14.095265164493874,5.167503593434295,14.328122576747157,-10.112000000000002,13.717,CI,2
5.167801986976688,14.355290323618638,-9.482908734406198,14.245243681741579,5.14382190212935,14.498427600573518,-10.112000000000002,13.717,CI,2
5.143033117847159,14.51981216076084,-9.57813276591056,14.396784764773784,5.118952003708939,14.661006742681103,-10.352,14.065,CI,2
5.120453876791162,14.689599616529444,-9.666659092948082,14.550466586048811,5.09720416376871,14.83272721751244,-10.352,14.065,CI,2
5.099193323858204,14.861448623615107,-9.75137317383044,14.707649247329433,5.076540023221709,15.00535181195452,-10.59,14.412,CI,2
5.079011676206134,15.034446877317974,-9.829099138511905,14.869971298763161,5.056902357975979,15.178797972131868,-10.59,14.412,CI,2
5.057995196889648,15.202941942787374,-9.902961137053909,15.037117727106327,5.035814203223827,15.34568678484278,-10.59,14.412,CI,2
5.038961152176583,15.375822802632225,-9.96962196757145,15.213979162758823,5.017604016604199,15.520190595589373,-10.818999999999999,14.761000000000001,CI,2
5.021038458763195,15.55031530847017,-10.030488109038378,15.396742580940858,5.000259052371513,15.695303188464983,-11.044,15.116000000000001,CI,2
5.004151259338136,15.725828312814512,-10.087775747746841,15.597536114290754,4.983944536776416,15.871223457254498,-11.044,15.116000000000001,CI,2
4.983006778882063,15.88987145587616,-10.142738238679378,15.809154076065537,4.961620552630626,16.031132579843604,-11.044,15.116000000000001,CI,2
4.966965218100631,16.063374604976595,-10.20374269223904,16.040170710668487,4.947412153989946,16.20809287978256,-11.044,15.116000000000001,CI,2
4.953059580874553,16.240169770881405,-10.535510029398294,16.343103737426706,4.9344545380744265,16.386120928007543,-11.482000000000003,15.837000000000002,CI,2
4.940913398150717,16.41833101084165,-10.784686903987298,16.61387126057556,4.923177003669988,16.56481929306731,-11.482000000000003,15.837000000000002,CI,2
4.926005253610177,16.587008789591074,-10.976200540810671,16.86843545190999,4.907654534721811,16.730089368732646,-11.687999999999999,16.200000000000003,CI,2
4.914636780082742,16.763246712570684,-11.128488204532806,17.109317826843387,4.897686280163342,16.909111373358215,-11.687999999999999,16.200000000000003,CI,2
4.904751553250617,16.941803075564444,-11.25344139325291,17.342929773966077,4.888587747342623,17.08855434142061,-11.687999999999999,16.200000000000003,CI,2
4.896175418585701,17.12152022657697,-11.35718406124888,17.564097387310063,4.880767133383015,17.268738518107746,-11.892999999999997,16.567999999999998,CI,2
4.883050171016937,17.294074244205877,-11.450211157143286,17.78620665657123,4.866433829144832,17.438737719417524,-12.093,16.933999999999997,CI,2
4.876163246839787,17.473368331444856,-11.529623107377514,17.99879423978678,4.8618801923613315,17.620506676858497,-12.093,16.933999999999997,CI,2
4.871975756968899,17.65521701503907,-11.602232517859665,18.206073647791886,4.858942182405153,17.803327835011224,-12.093,16.933999999999997,CI,2
4.869618856173614,17.838293951212126,-11.670474372359395,18.40740623034548,4.857587136730469,17.986900489141245,-12.282,17.302,CI,2
4.861262638093146,18.014521148210164,-11.736385613593582,18.604491611015998,4.847598432290425,18.160694918631688,-12.468,17.677,CI,2
4.860329880162483,18.197353186203745,-11.8007146886857,18.797436842457994,4.849456773969148,18.34595491692895,-12.468,17.677,CI,2
4.862145874642476,18.382519529441836,-11.864385816439963,18.98846425063905,4.852606584232506,18.532017376417233,-12.648,18.057000000000002,CI,2
4.865609628109204,18.56883103508112,-11.927092921983581,19.17502482923125,4.857073985721794,18.718797051741543,-12.648,18.057000000000002,CI,2
4.867569811522473,18.74864389178771,-11.98894562636712,19.360659550816546,4.858996123715585,18.896290596655906,-12.823000000000004,18.436999999999998,CI,2
4.873520017744818,18.934763777821903,-12.050338675113668,19.540736744794607,4.866701666603118,19.084752497967777,-12.823000000000004,18.436999999999998,CI,2
4.880571637640164,19.12307643294458,-12.110638492730084,19.724305475662057,4.8745963080475825,19.273914852667307,-12.991000000000003,18.820999999999998,CI,2
4.888454503758527,19.312256220042148,-12.174387095315334,19.903145390013705,4.883241219976824,19.463458506824217,-12.991000000000003,18.820999999999998,CI,2
4.894943221146193,19.49920977566163,-12.238876780298623,20.08126689006441,4.88973539786749,19.649646202036376,-12.991000000000003,18.820999999999998,CI,2
4.904620890936524,19.689104029387423,-12.30407129080128,20.25798922424831,4.9009305095636115,19.840648840528186,-12.991000000000003,18.820999999999998,CI,2
4.916215954947222,19.880421761618123,-12.369005186587932,20.434425633326175,4.91365411011367,20.03252418337978,-13.320000000000004,19.598,CI,2
4.929383870898399,20.072635957068794,-12.434427521983787,20.609907550644504,4.9278532215372515,20.225103034587676,-13.320000000000004,19.598,CI,2
4.939875792501061,20.261313468940198,-12.499933521337747,20.785057430258522,4.937940120392177,20.41252789988213,-13.474999999999998,19.990000000000002,CI,2
4.954833940396793,20.454002873472298,-12.565800719628413,20.958670048507656,4.954855253105897,20.606708372383558,-13.474999999999998,19.990000000000002,CI,2
4.97192183415586,20.648190810156823,-12.631172977965955,21.131405965113235,4.973169529757655,20.80147331541578,-13.474999999999998,19.990000000000002,CI,2
4.990620713163102,20.843335201569744,-12.698594591472872,21.301434465354806,4.992940535935535,20.996995768351383,-13.626000000000001,20.384999999999998,CI,2
5.008806189885155,21.035283453283295,-12.762227225357092,21.473885882105417,5.01148604961303,21.18780217620492,-13.766000000000002,20.781,CI,2
5.030210363167041,21.230915247363157,-12.829929382045577,21.643810921886416,5.034488544922771,21.384801851532607,-13.766000000000002,20.781,CI,2
5.0533165502606066,21.427882711305248,-12.897228456423084,21.813120899533722,5.058716256254794,21.582278256494643,-13.904999999999998,21.18,CI,2
5.077626527234945,21.625709625395746,-12.96635994636009,21.980029909528866,5.083989115696884,21.780437456120037,-13.904999999999998,21.18,CI,2
5.102776405353883,21.816611579399826,-13.03646518378786,22.145904014775876,5.109981534301296,21.968819350490836,-14.037000000000003,21.585,CI,2
5.129853369846685,22.013832427544987,-13.108381204249804,22.30991195232658,5.138257949718096,22.16836373465466,-14.037000000000003,21.585,CI,2
5.158736503330965,22.21330513468611,-13.181989191690633,22.473287962327998,5.1683160073476415,22.368668536733036,-14.163,21.990000000000002,CI,2
5.1889512579434935,22.41377401537183,-13.259007956289762,22.63698395596206,5.199554648621225,22.56950673729133,-14.163,21.990000000000002,CI,2
5.219737235997595,22.6130256644994,-13.337207775515882,22.80156697176696,5.231105375246093,22.768313929965906,-14.284000000000002,22.397,CI,2
5.252063740012406,22.814254336936177,-13.420510020806988,22.968241176546016,5.264516045347994,22.970264029962884,-14.284000000000002,22.397,CI,2
5.285638659976823,23.016351846836656,-13.503381593054304,23.13468438061502,5.299079005535443,23.172673833534066,-14.401999999999997,22.805999999999997,CI,2
5.320556356905839,23.21906784660922,-13.591936249186888,23.304775941730778,5.335015967086733,23.375607152940542,-14.401999999999997,22.805999999999997,CI,2
5.3514626920625865,23.418752756405873,-13.68407763421246,23.47653533249904,5.365106652684524,23.57416600804435,-14.401999999999997,22.805999999999997,CI,2
5.388023507378926,23.621601561297755,-13.779939568826327,23.65166947161335,5.404070553442146,23.77816353389532,-14.514,23.217,CI,2
5.427228573821055,23.82571329662027,-13.879024961198931,23.830144252403418,5.444723683144575,23.982720683994227,-14.619000000000003,23.630000000000003,CI,2
5.468369588773557,24.03060514052185,-13.981831099111357,24.013747193507506,5.487096359118933,24.18787642239497,-14.619000000000003,23.630000000000003,CI,2
5.5086740181441805,24.23259861340528,-14.088170818915195,24.20264245092868,5.5276902164879615,24.38877994679703,-14.720000000000002,24.046,CI,2
5.552184870246481,24.43759824840396,-14.197560208197865,24.399079685483418,5.572846475773906,24.594854425385574,-14.720000000000002,24.046,CI,2
5.597672581088579,24.643765257559,-14.309328099878979,24.603848732206295,5.619586370362029,24.801416610033094,-14.720000000000002,24.046,CI,2
5.6449998996971065,24.85044619534031,-14.42041719464053,24.8195574448385,5.668128425037748,25.008249222707395,-14.812999999999999,24.463,CI,2
5.687879405456659,25.050964927309234,-14.533731468328938,25.043533542133822,5.710064288615207,25.20646040646891,-14.898,24.883000000000003,CI,2
5.736348680237648,25.256441074729235,-14.642655770230373,25.282063058177243,5.760952644044988,25.413721491071907,-14.898,24.883000000000003,CI,2
5.786948002171973,25.46366260842718,-14.745748501310592,25.532213017020993,5.812847737490873,25.62153708925106,-14.898,24.883000000000003,CI,2
5.8391016304180505,25.671669754450548,-14.839880494680592,25.793790209981175,5.866110893636886,25.829781320990726,-14.977999999999998,25.302,CI,2
5.89003691912583,25.873703770813712,-14.91964885135873,26.06338639969208,5.91719081444009,26.029569499548668,-15.055000000000003,25.724000000000004,CI,2
5.945003428623643,26.08091355299012,-14.99031161614199,26.341540189936257,5.9740933687628885,26.238624984923277,-15.055000000000003,25.724000000000004,CI,2
6.0023801171369255,26.28993201264171,-15.042586866160603,26.624286992753838,6.032879144429208,26.44824607664301,-15.123999999999999,26.148000000000003,CI,2
6.061264184781283,26.499748932780232,-15.07909743146286,26.906586151312307,6.092875190029785,26.65828820698495,-15.123999999999999,26.148000000000003,CI,2
6.113348699976111,26.71268035530108,-15.100948681911484,27.18707378704898,6.143231969388095,26.872261198921294,-15.123999999999999,26.148000000000003,CI,2
6.172950817828852,26.923760149660534,-15.107539070518907,27.45724839429478,6.205841265777686,27.08263012770999,-15.186000000000003,26.572000000000003,CI,2
6.235445309618291,27.134512640598572,-15.106949896797559,27.724257555317628,6.269874300722586,27.29319635651102,-15.245000000000001,26.998000000000005,CI,2
6.299867744828906,27.345240681073246,-15.096310253385376,27.97799619626437,6.335536539832852,27.50383794883628,-15.245000000000001,26.998000000000005,CI,2
6.358237906135653,27.552530562029244,-15.08060203583842,28.2229322136437,6.392407584238779,27.70975886288622,-15.245000000000001,26.998000000000005,CI,2
6.42390206681948,27.762559825003194,-15.062256605046557,28.45800064853473,6.461048173594477,27.92074295854599,-15.297,27.424,CI,2
6.492507870011763,27.97343912224617,-15.043006353596265,28.68427352086514,6.53122579264341,28.131852084495577,-15.340999999999998,27.849000000000004,CI,2
6.563134932682213,28.18477065311127,-15.023560469586517,28.904432003058446,6.603134376022492,28.343256522457672,-15.340999999999998,27.849000000000004,CI,2
6.630758938498271,28.395759112496528,-15.005363804558218,29.117522869171122,6.67032188909195,28.554000337772138,-15.379999999999999,28.276000000000003,CI,2
6.703943581879363,28.607405683345306,-14.98819253662236,29.325896121855376,6.745933814469279,28.765815924592136,-15.379999999999999,28.276000000000003,CI,2
6.779720421992715,28.81927013722478,-14.972049750962706,29.529843444254936,6.823185600113494,28.977659594350598,-15.379999999999999,28.276000000000003,CI,2
6.857141033056251,29.03130614469874,-14.95861289830507,29.728146338696433,6.901775088393531,29.189645896431507,-15.413,28.703000000000003,CI,2
6.9301709396395195,29.24175986842857,-14.944960592472453,29.92842676904842,6.973894587162524,29.399375829000395,-15.437000000000001,29.132000000000005,CI,2
7.008644942113172,29.453216965536168,-14.934536464933256,30.124529340142722,7.05474849359358,29.611118319452277,-15.437000000000001,29.132000000000005,CI,2
7.089496679584778,29.665204394864002,-14.925886589399266,30.318390136071148,7.136987643352622,29.82318651594089,-15.455000000000002,29.559000000000005,CI,2
7.172173771899071,29.877283435265884,-14.91801691145307,30.51248574720965,7.220874286397999,30.035176618796747,-15.455000000000002,29.559000000000005,CI,2
7.255997479167629,30.088097596696038,-14.912600247443072,30.70443367775033,7.305671385585297,30.245398548044946,-15.470000000000002,29.986000000000004,CI,2
7.341763490607562,30.299913881021915,-14.907507237071679,30.895949012151338,7.392693946579573,30.457450376455604,-15.470000000000002,29.986000000000004,CI,2
7.429315684859542,30.51192652752582,-14.903319692214971,31.087493923315435,7.481445769457332,30.669399640336422,-15.479000000000003,30.414,CI,2
7.518732534728017,30.723970192645087,-14.899998978208812,31.27855816067733,7.572089856664203,30.88131574070944,-15.479000000000003,30.414,CI,2
7.602209633319207,30.93553771748033,-14.899819277884754,31.46928957832879,7.654110519579952,31.092518797759947,-15.479000000000003,30.414,CI,2
7.692990088110669,31.14706844395091,-14.89603196685946,31.662414975684012,7.7478644983927705,31.30395594656601,-15.48,30.842,CI,2
7.786647544553704,31.358492719243113,-14.89208580473238,31.859182221945236,7.843068439182037,31.51520526683631,-15.476000000000003,31.268,CI,2
7.882071772359427,31.569659135514176,-14.890039620354331,32.05521816726036,7.939681312428455,31.726123976851277,-15.476000000000003,31.268,CI,2
7.9724111233558554,31.778414929794266,-14.888657683731747,32.25196939323426,8.028840920086477,31.933798099180677,-15.476000000000003,31.268,CI,2
8.069092314583084,31.988577402247355,-14.88570779397378,32.448695001829,8.128199754624298,32.14437000485981,-15.476000000000003,31.268,CI,2
8.168444486382915,32.19910224413193,-14.882877164316003,32.648723997097335,8.229029709944136,32.35487538197122,-15.440999999999999,32.117000000000004,CI,2
8.269615035761012,32.40964968228293,-14.878412366913055,32.850792288493054,8.331399716335092,32.565264792592146,-15.440999999999999,32.117000000000004,CI,2
8.367293183224993,32.612796059182116,-14.873766462252664,33.05805889432631,8.428397754489838,32.76551072177141,-15.418000000000003,32.538000000000004,CI,2
8.470671218086732,32.82084467499767,-14.867427698344393,33.265834983820184,8.534304702147066,32.97520958698105,-15.418000000000003,32.538000000000004,CI,2
8.576720943923334,33.029812178177565,-14.860465986518104,33.477354425099115,8.641850875229371,33.184340549029116,-15.385000000000002,32.961,CI,2
8.684672706592833,33.23872517102607,-14.853392033277736,33.68710300238692,8.751038504972176,33.39304953220182,-15.385000000000002,32.961,CI,2
8.794391447451574,33.450597685370774,-14.842416810893475,33.89910954504088,8.8619725553119,33.60580669358148,-15.343999999999998,33.38,CI,2
8.905597235695957,33.65964222797854,-14.830560461283692,34.10951054527853,8.974235628176709,33.81363324630154,-15.343999999999998,33.38,CI,2
9.018700127292249,33.86749714572951,-14.817720334335448,34.31927496786286,9.088560600830569,34.020860510573016,-15.343999999999998,33.38,CI,2
9.133881085789612,34.07481449355392,-14.804011276604745,34.525665236732884,9.20503982290646,34.22778101866284,-15.343999999999998,33.38,CI,2
9.243912541089847,34.2790146264817,-14.7859691958762,34.73269692370356,9.313859318228264,34.43058274959524,-15.236999999999998,34.21,CI,2
9.361132170147659,34.484382804071174,-14.766758842271983,34.93827719956719,9.434071561425284,34.63623884385982,-15.236999999999998,34.21,CI,2
9.48142670242385,34.68959330496029,-14.745517158217925,35.14320981623068,9.556004099763324,34.84118901723326,-15.169,34.623000000000005,CI,2
9.603773816069074,34.89418679750547,-14.72406258518815,35.34531317001455,9.679654806502356,35.04533374948043,-15.169,34.623000000000005,CI,2
9.727229892203995,35.09925393804868,-14.700532197449915,35.544624701925095,9.804104471933858,35.250331732199975,-15.169,34.623000000000005,CI,2
9.85315284412463,35.30285723398229,-14.676299093700493,35.74087136041205,9.931457813109922,35.453177456501855,-15.093999999999998,35.033,CI,2
9.981114320532049,35.505628628219284,-14.64647003118505,35.937115913800845,10.060723577080742,35.65540474842171,-15.013000000000002,35.438,CI,2
10.111210126360776,35.70765141722014,-14.61613312301332,36.13316822596913,10.192163706099084,35.8569068438263,-15.013000000000002,35.438,CI,2
10.230659743803841,35.908778215283256,-14.584537711780504,36.328509701748,10.308535194293983,36.057336164092405,-15.013000000000002,35.438,CI,2
10.361274445684995,36.1091301181455,-14.55115746351023,36.52301974770867,10.44344269675586,36.25731205559877,-14.925,35.84,CI,2
10.495627845096726,36.30894175499705,-14.516580004206034,36.71641401707464,10.579660882395755,36.456696208596405,-14.828,36.239000000000004,CI,2
10.632182367466799,36.50797751965763,-14.47968690609934,36.908900685249634,10.717579934189263,36.655184297210035,-14.828,36.239000000000004,CI,2
10.76079570981799,36.71075376009149,-14.441721255060658,37.10025498939305,10.844090988637745,36.858939301558934,-14.726000000000003,36.635000000000005,CI,2
10.899339389817767,36.9090376867512,-14.401595546414706,37.290245052210054,10.986479915721379,37.055477516373884,-14.726000000000003,36.635000000000005,CI,2
11.041806694549528,37.10534400353402,-14.360441512641103,37.47926034449442,11.130879143201463,37.25081362604708,-14.726000000000003,36.635000000000005,CI,2
11.186339806645902,37.30041648828251,-14.318526841637919,37.666833675723765,11.276752208957404,37.44513862395877,-14.616000000000003,37.027,CI,2
11.331006147295811,37.49550229901747,-14.271983507189121,37.854276332478065,11.422107955434416,37.639897534605716,-14.498999999999999,37.413000000000004,CI,2
11.477926258129308,37.68907255687926,-14.225675924719758,38.04159148161069,11.57040801811044,37.83262050885582,-14.498999999999999,37.413000000000004,CI,2
11.626756783889586,37.8815888998414,-14.179052923375275,38.22798329855807,11.720513425213179,38.02444171468625,-14.375000000000004,37.796,CI,2
11.77745105828735,38.07313119133268,-14.1294539382582,38.4136783469833,11.872469171261411,38.21531012709972,-14.375000000000004,37.796,CI,2
11.923178806114732,38.26234976272281,-14.078402502128682,38.60090548197944,12.01706693843265,38.40329234449907,-14.247000000000003,38.173,CI,2
12.075143219715802,38.451737732313255,-14.024814318709971,38.788720116503065,12.171743903809137,38.592498474755494,-14.247000000000003,38.173,CI,2
12.230157110059082,38.64058174025424,-13.968343628245146,38.97889991599462,12.328405218630998,38.78083614136006,-14.113000000000003,38.548,CI,2
12.387557868173262,38.82899648828528,-13.909403687446696,39.16965930763418,12.487239693172453,38.968763967676026,-14.113000000000003,38.548,CI,2
12.541246115486501,39.01990091535701,-13.848559102897823,39.36338895077592,12.640269437583337,39.16015749800105,-14.113000000000003,38.548,CI,2
12.700985702276535,39.20816559697019,-13.786742106075286,39.557082655032474,12.802599627883687,39.34722756809974,-13.970000000000002,38.92,CI,2
12.86338121091301,39.39548875231638,-13.71985998276015,39.7524248218273,12.966488761118056,39.53388272247591,-13.820000000000004,39.286,CI,2
13.027654829059074,39.582304185922375,-13.652862314793168,39.94703435517032,13.132002595017104,39.72016347290344,-13.820000000000004,39.286,CI,2
13.191527462086416,39.77117278275562,-13.58454472087777,40.14029781711207,13.296344424463532,39.909386958473625,-13.820000000000004,39.286,CI,2
13.359875526798174,39.95759226703046,-13.513642221309428,40.332255973219794,13.46676232285307,40.09462876704008,-13.66,39.652,CI,2
13.530824162119458,40.14297930528151,-13.44089129284636,40.5233610442006,13.639186625253489,40.27929046768439,-13.492,40.015,CI,2
13.70382487628066,40.32801257696388,-13.365610791368438,40.71396614453804,13.813489725095872,40.4638221573335,-13.492,40.015,CI,2
13.87367216527564,40.51432652898968,-13.288889435150463,40.904235490066505,13.982831678099071,40.65015748830746,-13.315999999999999,40.375,CI,2
14.049876566728738,40.69877345643456,-13.210413498840783,41.0941697491181,14.161743171208673,40.83365649746339,-13.315999999999999,40.375,CI,2
14.229215710726413,40.882240373322624,-13.129323073584654,41.28478760544059,14.34273268673686,41.01640832637245,-13.129000000000001,40.735,CI,2
14.410685886152207,41.06508874089422,-13.047633681209096,41.47473397658366,14.525522208971116,41.1986415937363,-13.129000000000001,40.735,CI,2
14.588284917146526,41.253157896520364,-12.961456631150233,41.666103220414676,14.702400556057531,41.388108416480875,-12.934999999999999,41.091,CI,2
14.77170451280683,41.436341202803504,-12.875117180532406,41.856957781745685,14.888260050701792,41.56927399742574,-12.934999999999999,41.091,CI,2
14.958103582585421,41.617683008145534,-12.7880951902329,42.04692439133113,15.076215966688535,41.74958958378107,-12.934999999999999,41.091,CI,2
15.146803501917491,41.797671251459306,-12.698428914671037,42.235542875875915,15.266262682221887,41.928695158368946,-12.735000000000003,41.443000000000005,CI,2
15.33087929996206,41.98148094112232,-12.607088717585237,42.42260327051821,15.449318831891755,42.113375716307395,-12.526999999999997,41.791000000000004,CI,2
15.522692286767938,42.16014994357427,-12.513107137330813,42.60800966298756,15.644235786513,42.28994926557904,-12.526999999999997,41.791000000000004,CI,2
15.717936690346347,42.336623777290825,-12.417968622948703,42.79204362298088,15.841205649439644,42.465242781370776,-12.309999999999999,42.134,CI,2
15.915411230652735,42.51167906290169,-12.32059641365336,42.975119158527455,16.04002146692342,42.63935037696059,-12.309999999999999,42.134,CI,2
16.111804320181655,42.68424772307886,-12.222851965114117,43.157852303126006,16.236582211746992,42.810540532185364,-12.081,42.469,CI,2
16.312343928144404,42.85642836326587,-12.124132285161606,43.33952700954258,16.439132987555556,42.98216280108744,-12.081,42.469,CI,2
16.515438906097604,43.02750731293242,-12.021951917219596,43.522675783381466,16.643683867144247,43.15239164657765,-11.846,42.798,CI,2
16.720826099063082,43.19729561069704,-11.919729147328004,43.704666812003076,16.850435104808703,43.321249115878395,-11.846,42.798,CI,2
16.921481761750673,43.375210315449955,-11.816854314488141,43.88676051033628,17.050087795341582,43.50148609343485,-11.846,42.798,CI,2
17.12864171651966,43.544566549881274,-11.712718681131866,44.0673490587803,17.259857823547435,43.66750465557062,-11.605,43.122,CI,2
17.338648102882456,43.71052484873238,-11.607603911028333,44.247473512394336,17.471354288493743,43.83180914047332,-11.355,43.438,CI,2
17.550760535340856,43.87435189932927,-11.501304749541061,44.4250521599444,17.684741346919367,43.994387502188246,-11.355,43.438,CI,2
17.755876044427254,44.047299159437415,-11.395051238001372,44.601393352674116,17.8880530460642,44.16995045076748,-11.097000000000001,43.747,CI,2
17.96932054665317,44.21024839454696,-11.28742973698468,44.77547722055746,18.10470536110253,44.329089869295316,-11.097000000000001,43.747,CI,2
18.186058209160038,44.36934274934299,-11.180369992915189,44.9478006692144,18.323080314002254,44.48635276959222,-10.831,44.045,CI,2
18.40496653854678,44.52589929172696,-11.072931916865166,45.11710550575723,18.543283385698537,44.641485172897426,-10.831,44.045,CI,2
18.619669807446343,44.682643500613246,-10.962546708651919,45.28544080172204,18.757065034403816,44.79767316614612,-10.559000000000001,44.336,CI,2
18.841080593481948,44.834939734000265,-10.850399198979314,45.448848739581116,18.981295242813,44.94796939501066,-10.559000000000001,44.336,CI,2
19.06550792447697,44.98430647513335,-10.738481085196518,45.60714160668665,19.207317543393614,45.09575273554175,-10.276,44.617000000000004,CI,2
19.29184418670104,45.13132724541692,-10.62179744786361,45.764902353454346,19.434883135319772,45.241351864972614,-10.276,44.617000000000004,CI,2
19.516205085600593,45.28014372847141,-10.50532344185626,45.91893111861834,19.659144446651077,45.39014873359476,-9.984000000000002,44.883,CI,2
19.744402362756503,45.42410657928463,-10.387199900226756,46.069316224339474,19.889160014453086,45.53187972692642,-9.984000000000002,44.883,CI,2
19.97514769058425,45.56495783209783,-10.268003277728385,46.21862522730276,20.121326312947488,45.671044633758555,-9.690999999999999,45.143,CI,2
20.20783671312101,45.70290531819607,-10.147916779192505,46.364308383768396,20.355238639088615,45.80734452834427,-9.690999999999999,45.143,CI,2
20.436340540813717,45.84329662145232,-10.029865713553798,46.50774587991044,20.582850948435578,45.94788014126756,-9.39,45.39,CI,2
20.670541058095047,45.97782972864581,-9.911526036735587,46.64846684891278,20.819493854892265,46.07984634480246,-9.39,45.39,CI,2
20.90706462637684,46.10925662783571,-9.795849172127763,46.787650585890525,21.057350264871474,46.20955287071909,-9.082,45.626000000000005,CI,2
21.145299385457974,46.2379805249807,-9.67997713633961,46.92330077380289,21.29671639863801,46.33666471043439,-9.082,45.626000000000005,CI,2
21.381613335509133,46.36856193368523,-9.56855650937256,47.05502356020146,21.532918416791944,46.467179094324365,-9.082,45.626000000000005,CI,2
21.621941177338066,46.49294519208794,-9.457124357437202,47.18250604913713,21.775096041106284,46.58880679177093,-9.082,45.626000000000005,CI,2
21.864346419752682,46.613723855842,-9.350354984080312,47.3037421961234,22.01873649668113,46.70764532175656,-8.45,46.063,CI,2
22.108236342443437,46.731508220833376,-9.242267991980134,47.419544525777305,22.263668750230682,46.823667758588044,-8.45,46.063,CI,2
22.351756830489325,46.85238258046101,-9.136066852806238,47.52643237384849,22.50763652300367,46.94487516387557,-8.129000000000001,46.262,CI,2
22.598526497807683,46.96569029278912,-9.026167049453898,47.627710532483775,22.755964793023164,47.054900961744806,-8.129000000000001,46.262,CI,2
22.84725589222031,47.07483028098592,-8.914858803557438,47.71998595454236,23.00587934697131,47.16185116037998,-8.129000000000001,46.262,CI,2
23.097560773425744,47.18060263408996,-8.798187370059656,47.80715579112068,23.25725417068442,47.2656747071927,-7.798000000000002,46.445,CI,2
23.35051749058542,47.28896028852361,-8.678185532838912,47.888510854312976,23.511733836176614,47.37415516782009,-7.460000000000001,46.611000000000004,CI,2
23.604384825311687,47.39005004546262,-8.552158529606281,47.964809125206045,23.766348406742576,47.47195670546927,-7.460000000000001,46.611000000000004,CI,2
23.85956692108358,47.48696556021933,-8.42169184855221,48.03530325579559,24.022485467918045,47.56660774674012,-7.460000000000001,46.611000000000004,CI,2
24.116142662125966,47.5806667444053,-8.28607980051183,48.10188349219084,24.28006049059341,47.65835290392132,-7.118000000000002,46.764,CI,2
24.378335544878635,47.675406086353505,-8.14615988763138,48.16339424906072,24.544813396779176,47.752647613717535,-6.772000000000002,46.904,CI,2
24.638880784643387,47.7644605428736,-8.002442748141892,48.22033422941437,24.805215407971374,47.838850692220625,-6.772000000000002,46.904,CI,2
24.8999606470085,47.849710929671225,-7.85355022624075,48.270786485964976,25.06695709009348,47.92190705052088,-6.423000000000002,47.03,CI,2
25.162283953835207,47.93146248991637,-7.699011805950798,48.31462960160051,25.33019634936143,48.00156446802099,-6.423000000000002,47.03,CI,2
25.425347912717605,48.01804088878165,-7.539128274519316,48.349976767300035,25.594072538437796,48.08892175930813,-6.423000000000002,47.03,CI,2
25.690169748934995,48.095234275609485,-7.372249407742769,48.379725222527156,25.859864199402523,48.16207495739513,-6.07,47.143,CI,2
25.956035944563453,48.1676933314595,-7.198177253900953,48.40363197422317,26.126531558843773,48.23200098027927,-5.714000000000002,47.242000000000004,CI,2
26.223065888972044,48.23630290291693,-7.014408956437863,48.422620765528265,26.394420269729682,48.29835133935143,-5.714000000000002,47.242000000000004,CI,2
26.489722440608613,48.31217120216642,-6.8223199304573745,48.44074690189451,26.661479098865172,48.37577618888115,-5.714000000000002,47.242000000000004,CI,2
26.758493554009593,48.37634273410423,-6.623039520276747,48.45920569323187,26.931290433993965,48.43511672023605,-5.353999999999999,47.327,CI,2
27.028332950534423,48.43519143063495,-6.4168988293242695,48.479789024727246,27.201906555849288,48.491192413819704,-4.995000000000001,47.398,CI,2
27.299053693153663,48.490399695384404,-6.2040774965979715,48.50283119276442,27.473359963451735,48.54416337162643,-4.995000000000001,47.398,CI,2
27.570785416581412,48.5440491322832,-5.985146207204754,48.52887420751574,27.745882369851024,48.59628168404957,-4.635000000000002,47.453,CI,2
27.84326147334735,48.592369345463496,-5.761946058518658,48.561053056313696,28.018999319545085,48.641784315607566,-4.635000000000002,47.453,CI,2
28.11636946865251,48.63659728515108,-5.535968311068996,48.59726829622074,28.29272012875915,48.683584812191135,-4.635000000000002,47.453,CI,2
28.389868156976988,48.67764684509682,-5.310894608758036,48.64058059726562,28.566744820073172,48.72250307217646,-4.274000000000001,47.494,CI,2
28.665510508480946,48.71884906940873,-5.08577049605459,48.687390932259646,28.84356152259363,48.76273584894815,-3.911999999999999,47.522,CI,2
28.940511852402995,48.754143005273235,-4.865425934689137,48.739207062516215,29.11865009223066,48.79499227804113,-3.911999999999999,47.522,CI,2
29.215690036975058,48.785096110128706,-4.64965480264237,48.79356046281215,29.394225353448448,48.82341727049757,-3.5500000000000007,47.535000000000004,CI,2
29.491259551383905,48.81225896315604,-4.4397249856293,48.84726871460036,29.67026741013295,48.84822411188596,-3.5500000000000007,47.535000000000004,CI,2
29.768654292807188,48.8441308267906,-4.235806304656081,48.901460084028834,29.948703161319536,48.88066486822747,-3.1900000000000013,47.537,CI,2
30.045223966747713,48.86661077908792,-4.037231650782092,48.953262860501205,30.225203632985718,48.89896677557532,-3.1900000000000013,47.537,CI,2
30.321775308821536,48.88437740846007,-3.843699478222778,49.003644861765714,30.50202846490216,48.91407437506375,-2.8279999999999994,47.521,CI,2
30.598403102343678,48.8982882190505,-3.6559976368934066,49.05021152544723,30.77896522263507,48.92559389654585,-2.8279999999999994,47.521,CI,2
30.877352974902735,48.91779833229012,-3.4731428905398025,49.09172636772892,31.059086361212664,48.94596349005123,-2.469000000000001,47.496,CI,2
31.154766814949213,48.926514367479804,-3.2940684674290965,49.12406839540386,31.336122644624698,48.950026241917286,-2.469000000000001,47.496,CI,2
31.431901467710308,48.930225409542636,-3.115596481639555,49.14864551507676,31.61339027137198,48.95095874764913,-2.1090000000000018,47.454,CI,2
31.70913313041037,48.93040867512059,-2.939168904570821,49.161442631960455,31.89089530936878,48.94883932128278,-2.1090000000000018,47.454,CI,2
31.98516439296862,48.9310261708664,-2.7631672925051967,49.16805398620696,32.16673262349471,48.94850170466347,-2.1090000000000018,47.454,CI,2
32.26192894304228,48.92508745497221,-2.587983128079274,49.16552077169781,32.44394924845108,48.93928844302595,-1.7510000000000012,47.401,CI,2
32.538668816501264,48.91499543739819,-2.4136413556729197,49.16017369136477,32.72087515909292,48.926683659272605,-1.3949999999999996,47.333,CI,2
32.81530324421912,48.9016382228741,-2.2391851872235264,49.14970998180127,32.99765991771384,48.91110098128889,-1.3949999999999996,47.333,CI,2
33.090975858157066,48.892859399477366,-2.064371549989496,49.13712787862671,33.27318387614503,48.90278300143887,-1.0420000000000016,47.255,CI,2
33.367010909358314,48.87528953838106,-1.8908391617779439,49.12027694918144,33.54947201419065,48.88124084556978,-1.0420000000000016,47.255,CI,2
33.64293913300341,48.853180646537545,-1.717519324698949,49.101650449042516,33.82550063739958,48.85651647742536,-1.0420000000000016,47.255,CI,2
33.91859120698508,48.827576457686135,-1.5458286719653418,49.079997250678375,34.10118613522036,48.82862701007842,-0.6900000000000013,47.165,CI,2
34.19956253186247,48.806279445706764,-1.3731650200580388,49.056541907925656,34.384244467707475,48.8077254032218,-0.34199999999999875,47.065000000000005,CI,2
34.47631410628396,48.775983198509444,-1.2023691212416248,49.03026484819343,34.6595360660532,48.77337166303669,-0.34199999999999875,47.065000000000005,CI,2
34.75162618858281,48.741711303745426,-1.0317715437717816,49.002016557185726,34.93441579187033,48.73667427785079,-0.34199999999999875,47.065000000000005,CI,2
35.0265204882094,48.70459315428678,-0.8616365821800452,48.97094676787011,35.20924306829816,48.69750479482764,0.004000000000001336,46.953,CI,2
35.305317401172765,48.66864282895099,-0.6918885836731897,48.937593363062206,35.48954642129753,48.66088965143617,0.3470000000000013,46.83,CI,2
35.5809868204324,48.62716202755186,-0.5219900212877915,48.9017954891526,35.764124360915424,48.616518644947355,0.3470000000000013,46.83,CI,2
35.85530647949816,48.58214751928402,-0.35242795848198155,48.86257210468252,36.037996883376756,48.56926178079991,0.6900000000000013,46.698,CI,2
36.12883207071037,48.533486141406186,-0.1846405624868389,48.81896877408195,36.31126795214082,48.51831308809923,0.6900000000000013,46.698,CI,2
36.408425636594075,48.48847061827618,-0.016684761798490755,48.770792731791474,36.59310926516803,48.47349892272624,1.0279999999999987,46.558,CI,2
36.681654352266634,48.43332888480564,0.14954479352786582,48.717786256054325,36.86402025550287,48.413966973394054,1.0279999999999987,46.558,CI,2
36.95290321500449,48.37370075556986,0.3166790118968921,48.661203810125066,37.1345484669173,48.3517537600588,1.3589999999999982,46.4,CI,2
37.223169005686735,48.31149614458793,0.484161971639682,48.59949419556964,37.404446260616545,48.28758943368925,1.3589999999999982,46.4,CI,2
37.496933563158436,48.25285837592201,0.6509723780619252,48.53364270358572,37.67946553440553,48.22910152157249,1.3589999999999982,46.4,CI,2
37.76706351737844,48.18625311678075,0.8173739613736882,48.46353952205251,37.94824269867306,48.158832650917496,1.6849999999999987,46.225,CI,2
38.036129249236936,48.11568789928028,0.983946457591553,48.390977136362245,38.21687914001331,48.08588468535206,2.0060000000000002,46.042,CI,2
38.30461028225964,48.04277636081844,1.1491439424473082,48.316345702290576,38.48509199045546,48.011124142840366,2.0060000000000002,46.042,CI,2
38.577421840990525,47.97404099220121,1.314791144995985,48.24032372897045,38.75940997765735,47.94277795939507,2.3260000000000005,45.853,CI,2
38.846097190011136,47.897811959221656,1.4780514885750133,48.16148695084771,39.02651763318763,47.863101066957036,2.3260000000000005,45.853,CI,2
39.112938924417854,47.817159808745515,1.6414025126264653,48.07977042583753,39.29261201644766,47.77996390329286,2.3260000000000005,45.853,CI,2
39.37821074792525,47.732719399670266,1.8021597849910767,47.99368837095394,39.55721885361381,47.69322530712887,2.6439999999999984,45.660000000000004,CI,2
39.646363077199865,47.64854138631218,1.9633737273785,47.903810396823545,39.826309230244156,47.60810773159638,2.9549999999999983,45.452,CI,2
39.90996902732583,47.55758585676947,2.1232374139154295,47.80860456224086,40.08815698614331,47.513891818775285,2.9549999999999983,45.452,CI,2
40.17166856258125,47.46283844903046,2.283614832250541,47.70963145657197,40.34903470881171,47.41682473833236,3.257999999999999,45.226,CI,2
40.432296802255976,47.36507868379818,2.4430669395882005,47.60583947315572,40.60913011016119,47.316992923242815,3.257999999999999,45.226,CI,2
40.69617327287923,47.26912688079572,2.6025639701510883,47.49866737009593,40.87402082732709,47.22060670283627,3.5539999999999985,44.986000000000004,CI,2
40.95590461829835,47.16654014162339,2.7612728655121637,47.38722456175851,41.13210590127152,47.11482241772534,3.5539999999999985,44.986000000000004,CI,2
41.21343338421368,47.06007748023886,2.9178823805639476,47.27274129239406,41.388664172654174,47.0060298207546,3.846,44.739000000000004,CI,2
41.469470251732666,46.9503104605253,3.0734725215609484,47.15456137584859,41.6439728357674,46.894106387673425,3.846,44.739000000000004,CI,2
41.73073154383947,46.84834394661953,3.227234157156143,47.033234232873845,41.90688803539963,46.793757770022296,4.134999999999998,44.482,CI,2
41.985627466486754,46.73511398510387,3.379293958542088,46.90763308770656,42.159341753696715,46.67587516639726,4.134999999999998,44.482,CI,2
42.237764366667655,46.6172739330117,3.5303591351778048,46.779023861451925,42.41027349543537,46.55548630284229,4.416999999999998,44.212,CI,2
42.48832639159731,46.49607479984639,3.6809008599859947,46.64580207815151,42.66003558860854,46.43212201204936,4.416999999999998,44.212,CI,2
42.74497422931007,46.375856101962285,3.830127036505848,46.50916200560111,42.91863552866584,46.31117628162005,4.416999999999998,44.212,CI,2
42.994747614716445,46.250102337662334,3.977788814224122,46.36762824935433,43.16569326006809,46.182636824355356,4.416999999999998,44.212,CI,2
43.242007020651876,46.12133577754438,4.1240243414787985,46.221961496584434,43.41178214130912,46.05185969686514,4.959,43.642,CI,2
43.48735847776061,45.989673723143554,4.268334275702166,46.0692181169604,43.656169866583426,45.918217030142465,4.959,43.642,CI,2
43.73410501537262,45.859069484399704,4.410671218252201,45.910886630022944,43.903115490411196,45.78697123946367,5.224,43.342,CI,2
43.975811618626246,45.72217612991307,4.548971268825137,45.744089187300986,44.142746175565556,45.64703439031698,5.224,43.342,CI,2
44.214533781152575,45.581394557388535,4.68331332339558,45.57223232163418,44.380089856427844,45.5039493956783,5.224,43.342,CI,2
44.45051863943177,45.43752155643026,4.811792280528279,45.39302830927285,44.61476058760241,45.3580213648641,5.481,43.037,CI,2
44.69191453228074,45.29203876823434,4.936241400554526,45.211658711276286,44.85777485816832,45.210923957490344,5.727,42.718,CI,2
44.926646999484156,45.14362684575385,5.056083580542927,45.028169313153825,45.08976273713871,45.060601928136464,5.727,42.718,CI,2
45.159205335211446,44.99268400658555,5.172511006309399,44.84458052435298,45.321181582488435,44.90782493794305,5.727,42.718,CI,2
45.39018690383553,44.839994171364,5.28384142415371,44.65972022573748,45.551223210290246,44.75357144078345,5.727,42.718,CI,2
45.630075744113874,44.68828234152014,5.392527408642104,44.47502608790165,45.79394376609637,44.60116986117007,6.202,42.066,CI,2
45.86094607178334,44.53193669714036,5.497558983034886,44.28963682103312,46.02124225874678,44.44247926873839,6.202,42.066,CI,2
46.08839081328017,44.3725502217838,5.600497087802878,44.10459490574664,46.24708660884957,44.28117639561891,6.434999999999999,41.729,CI,2
46.313392769843816,44.210781334245716,5.6998078403825785,43.91940264237124,46.4708196495358,44.11769261743294,6.434999999999999,41.729,CI,2
46.546079267235164,44.0474881624451,5.797506007127039,43.73401988502447,46.705880377398394,43.952889206321636,6.663,41.386,CI,2
46.77004778036488,43.881711750172975,5.890301416770465,43.54821535513783,46.9263307642686,43.785508838513145,6.663,41.386,CI,2
46.99059778835326,43.71383457306729,5.980209308756983,43.36173899536139,47.14524392151217,43.616067199372544,6.882,41.036,CI,2
47.20880508771377,43.54395883524243,6.063597521896035,43.17443166526503,47.36218926970952,43.4446483080296,6.882,41.036,CI,2
47.43094139630134,43.37326474295637,6.144969969454502,42.98323566693948,47.58530672479864,43.272765668431056,6.882,41.036,CI,2
47.64641802999249,43.199174011931746,6.219842210349824,42.80165794322478,47.797996625180716,43.09676594879461,7.094999999999999,40.678000000000004,CI,2
47.859690061047324,43.023343068754286,6.295388636904934,42.6154975507712,48.01003724210119,42.91951107516618,7.301,40.313,CI,2
48.07171294944674,42.84609035404868,6.369865551848779,42.43176619239777,48.221163341198405,42.740944032056944,7.301,40.313,CI,2
48.28344139426437,42.66890552043472,6.445423063876976,42.24738224763934,48.43232410832939,42.56297547270284,7.501999999999999,39.938,CI,2
48.49331480308452,42.488923208051645,6.520641619347365,42.05942832714069,48.64111601098307,42.38127685476574,7.501999999999999,39.938,CI,2
48.70148490356133,42.30696976135972,6.597007092952184,41.88058861721487,48.848238814374966,42.19788990412342,7.702,39.564,CI,2
48.90800223363121,42.12333245611617,6.668390256403355,41.69886046549811,49.05371848568897,42.01292586995189,7.702,39.564,CI,2
49.12112814233808,41.93802364069208,6.739774907336035,41.51713447481664,49.26877008140267,41.82621642907092,7.897,39.185,CI,2
49.32649778067664,41.75085846486829,6.8094094895607125,41.33581148778621,49.47095114487504,41.63782129856164,7.897,39.185,CI,2
49.528776198316976,41.561924570574476,6.878085630019723,41.15137499905262,49.67167896950513,41.4475944919896,8.083,38.800000000000004,CI,2
49.72905613744779,41.37149288154931,6.9501905169215386,40.97341144929609,49.87078443434458,41.25594664366568,8.083,38.800000000000004,CI,2
49.93541786409033,41.180819977898274,7.020739840180495,40.79026398078135,50.07884825556186,41.064415078509164,8.261,38.404,CI,2
50.134878595009866,40.98758555938086,7.092769679887535,40.606115694654314,50.27544170874481,40.869747914241046,8.261,38.404,CI,2
50.331865459978616,40.7927105401463,7.163326963542569,40.417370467108135,50.47109550936858,40.67366518254601,8.436,38.007000000000005,CI,2
50.52740706836372,40.59645002166025,7.237889487674601,40.235902991933486,50.66565961878703,40.47627305549955,8.436,38.007000000000005,CI,2
50.72894758382481,40.40253505011958,7.307412616859193,40.05201163303027,50.8688404318018,40.28246205386235,8.607,37.604,CI,2
50.92291339861393,40.20408942210528,7.375298326918932,39.87137458258528,51.059756417864406,40.081984296866295,8.607,37.604,CI,2
51.11337246557608,40.00319279337787,7.43906828725218,39.68802435212821,51.24852872433442,39.879658053547296,8.772,37.193000000000005,CI,2
51.30126103862986,39.80057059181139,7.506387244690887,39.51126293313373,51.435030515562744,39.67582601037523,8.772,37.193000000000005,CI,2
51.492900692139415,39.59493933183865,7.572752787847214,39.335665168551486,51.627540762257325,39.468455237062635,8.772,37.193000000000005,CI,2
51.678991858445265,39.38884304747423,7.641958594293689,39.168743627181875,51.811179139495664,39.261661261204026,8.93,36.778,CI,2
51.8630321157156,39.18174469660256,7.707889545495832,39.00586615586851,51.99399941742279,39.05362054919406,9.075999999999999,36.356,CI,2
52.045450553485445,38.97330982297929,7.786584404059604,38.85264550911191,52.17535340607923,38.84412941926989,9.075999999999999,36.356,CI,2
52.233298660988396,38.7705216162163,7.867577446601319,38.70130400615819,52.36456319430275,38.642672657114105,9.219999999999999,35.931000000000004,CI,2
52.413753125403595,38.56080929166971,7.959510591135086,38.54994777975661,52.54208341976927,38.430158490494115,9.219999999999999,35.931000000000004,CI,2
52.59158147187251,38.34870385278778,8.055336078596003,38.39209118159916,52.71852396253139,38.216688015150524,9.359,35.499,CI,2
52.76801680802785,38.13513521307461,8.161486097165305,38.22485800442557,52.8939758376478,38.002050125583004,9.359,35.499,CI,2
52.943028274099845,37.92019623459517,8.272478557893425,38.05464533045863,53.06798952850048,37.78608159904586,9.496,35.062000000000005,CI,2
53.116415887020544,37.70404280861096,8.473275034591135,37.59291962246454,53.24030633172686,37.56896484067843,9.496,35.062000000000005,CI,2
53.28809954591005,37.48670237657096,8.63812789474732,37.22447621656759,53.410890351478706,37.35068039805775,9.496,35.062000000000005,CI,2
53.45803574059022,37.267986816736865,8.77030115599728,36.911510496568305,53.579713158619775,37.13096272409054,9.496,35.062000000000005,CI,2
53.6344442832804,37.053089163675715,8.884065784646447,36.63188058276381,53.75785566532201,36.91680903729173,9.75,34.181000000000004,CI,2
53.80267188357798,36.83293127441084,8.978813322462988,36.373887795948136,53.9228537716419,36.69448435928204,9.75,34.181000000000004,CI,2
53.96800819001293,36.610778820983406,9.065437657866688,36.12900032764533,54.086698821431,36.47116652427285,9.866,33.730000000000004,CI,2
54.13205297763398,36.38727740256266,9.144588003618413,35.892346989029384,54.249786901745985,36.24669266532125,9.866,33.730000000000004,CI,2
54.299362116282694,36.164087361398,9.22019941139788,35.661152947812724,54.4177293980124,36.02307193583012,9.866,33.730000000000004,CI,2
54.462069762608216,35.938792381325534,9.290618970149826,35.43782235778021,54.57837821499018,35.79664711033573,9.979,33.272,CI,2
54.62285745824853,35.712390845518435,9.361750459691784,35.20923886845095,54.738005647968706,35.56940887249011,10.09,32.814,CI,2
54.78234738448104,35.48491191541801,9.427292092138083,34.982873480694494,54.896549684564306,35.34109818863507,10.09,32.814,CI,2
54.94752236811491,35.256765384897726,9.49172389053185,34.75814518046272,55.06323972399949,35.11219174568294,10.09,32.814,CI,2
55.10611608965359,35.02710038444048,9.552261977997265,34.5326750073378,55.219108380842286,34.881685157203655,10.197,32.356,CI,2
55.262061843793795,34.796447318908484,9.611362541227855,34.30690910814038,55.37365545404684,34.65028850873986,10.299999999999999,31.891,CI,2
55.416483252663376,34.564820402017126,9.668095031024265,34.07936395176032,55.5270605507395,34.41790352126792,10.299999999999999,31.891,CI,2
55.574576712982086,34.33297821953719,9.723519440792375,33.85121662936931,55.68595813353842,34.18551789198891,10.399,31.424,CI,2
55.72771864582869,34.09964848805017,9.776909849193443,33.622207684489474,55.836945063155724,33.95135157226114,10.399,31.424,CI,2
55.87913608572725,33.86530644038449,9.829451924064367,33.393600191863776,55.98729729684693,33.71627468894054,10.49,30.955,CI,2
56.02979710321281,33.63032068283166,9.87903073345774,33.16725192609404,56.137224727000586,33.48067554034551,10.49,30.955,CI,2
56.182401439093,33.39665444186794,9.932784315398917,32.93620938289006,56.29003189738491,33.24707865018856,10.581999999999999,30.481,CI,2
56.33176113619971,33.16028362796631,9.980014531714046,32.70892328032443,56.43787610486457,33.00945357668975,10.581999999999999,30.481,CI,2
56.479637805782524,32.922861389833415,10.030938251398343,32.477476223063825,56.58480134904119,32.77132180698712,10.671,30.006,CI,2
56.6264423915305,32.68437045019833,10.077831354890666,32.247163637905224,56.73079521293401,32.53211165721283,10.671,30.006,CI,2
56.77577398323882,32.450819847479806,10.123040604759924,32.016777460796064,56.88051183524001,32.2999533172161,10.754999999999999,29.525,CI,2
56.9210492242442,32.21205286996364,10.16727120336632,31.78558303173632,57.02407532482084,32.05910270416568,10.754999999999999,29.525,CI,2
57.06449395206253,31.97146191134185,10.209666316375248,31.55374815205391,57.166480679547064,31.817564837111966,10.834999999999999,29.044000000000004,CI,2
57.20695274531709,31.72962327139272,10.251282369902228,31.320921018062542,57.30817201710193,31.57496598599324,10.834999999999999,29.044000000000004,CI,2
57.349310409618774,31.489825710500146,10.291358580194995,31.087635981041036,57.45003434429064,31.33557836670269,10.91,28.557000000000002,CI,2
57.49019856094326,31.24697890048472,10.327574405750672,30.854851075984012,57.590045029921725,31.091368080256885,10.91,28.557000000000002,CI,2
57.629814781763415,31.00273777917188,10.367594247071276,30.61841228589748,57.72881335686024,30.846341613364824,10.979,28.068000000000005,CI,2
57.76829428250971,30.75748089202342,10.402728732759602,30.381554313734398,57.866482464898766,30.60043281788357,10.979,28.068000000000005,CI,2
57.91627010418766,30.513353126282666,10.436495518613958,30.143822745510384,58.017344382181804,30.35630704042675,10.979,28.068000000000005,CI,2
58.05509608627645,30.266536099689823,10.468893510716374,29.906005964746985,58.152725933157555,30.10843838562306,11.049999999999999,27.576,CI,2
58.19126890198151,30.018712568550548,10.499293824095774,29.66778290207896,58.28759446293462,29.860017435412285,11.11,27.079,CI,2
58.32594752474212,29.76998496319356,10.528810338982662,29.428836629362113,58.42134828551926,29.610702157231945,11.11,27.079,CI,2
58.46931325466943,29.52053132115653,10.557413541608215,29.18897216392532,58.56733897308581,29.360612359482353,11.171,26.578000000000003,CI,2
58.603962101934904,29.270020810330443,10.584276823943611,28.94893073710649,58.698662132775155,29.109624417532064,11.171,26.578000000000003,CI,2
58.735946511009374,29.018930804494985,10.606670321709204,28.70968801221379,58.82933266750012,28.858099641707653,11.225,26.073999999999998,CI,2
58.866318519628294,28.767109571419603,10.63138794884373,28.469622745943635,58.958738683264684,28.605766494635045,11.225,26.073999999999998,CI,2
59.00148656557271,28.517602933246646,10.655487310743668,28.228058321879537,59.09513845405273,28.356772309772882,11.273,25.569000000000003,CI,2
59.13026477883454,28.26516332831766,10.672326704128293,27.986691435369508,59.22140561773823,28.103149051419933,11.273,25.569000000000003,CI,2
59.25688772568627,28.011565747795927,10.693142203726044,27.745307842019187,59.346890503418166,27.848908110158,11.273,25.569000000000003,CI,2
59.38257320664163,27.757435585468684,10.708945773123567,27.503851876007616,59.471836762559796,27.59433710990159,11.273,25.569000000000003,CI,2
59.50086378035184,27.508948449049427,10.722403003178233,27.26469620478423,59.58707680957197,27.34770410418693,11.359,24.548000000000002,CI,2
59.62308163240171,27.25571705499727,10.734266756832135,27.026503196995403,59.7102690634719,27.092456012884938,11.359,24.548000000000002,CI,2
59.745274266120724,27.000949096591327,10.741201461617237,26.791064674836104,59.83206163530928,26.836892027212855,11.392999999999999,24.04,CI,2
59.866420431281405,26.745587595404476,10.746559937720445,26.55627623379984,59.95245346480517,26.58109401057187,11.392999999999999,24.04,CI,2
59.99186712037739,26.491619510701273,10.747873404050507,26.32134810729438,60.07899078088292,26.327355026179507,11.424,23.527,CI,2
60.11192540787577,26.23586896784105,10.74573479020111,26.085993395364763,60.19689233125615,26.070845108447934,11.424,23.527,CI,2
60.22954758849525,25.97957056071757,10.74291634737269,25.851068372430653,60.31330590711781,25.81416498428288,11.452,23.012,CI,2
60.34541503665724,25.723049749593166,10.735721903436785,25.614297434948764,60.428178511953924,25.55736348173334,11.452,23.012,CI,2
60.46592331929558,25.46568671962218,10.724954926802253,25.37712268319393,60.54991598618372,25.29943093892153,11.452,23.012,CI,2
60.58076193734177,25.20877600061796,10.710184112979357,25.14053371026942,60.6624656956888,25.042567367644896,11.472,22.499000000000002,CI,2
60.69345781522913,24.952176173891843,10.69050430364891,24.903501186531372,60.7740455730329,24.785900016187252,11.484,21.982,CI,2
60.80427716485143,24.695724762045106,10.666060515274554,24.666020566760082,60.88383375215864,24.529316787019948,11.484,21.982,CI,2
60.92086245809021,24.442355667876278,10.635929708696812,24.42742742139122,61.00200857345742,24.27679908034442,11.494,21.464999999999996,CI,2
61.029954349101175,24.186753964522005,10.600879709448469,24.187921712875454,61.108263370124405,24.020329550509825,11.494,21.464999999999996,CI,2
61.136564447633525,23.9307691218652,10.561043801846223,23.94595023515864,61.21365501670518,23.764041993674358,11.496,20.951999999999998,CI,2
61.24212257570031,23.67469718067719,10.51697285474563,23.700524122255214,61.318465531110604,23.507750439048884,11.496,20.951999999999998,CI,2
61.341206520591605,23.423842024052156,10.468254734224255,23.454824087847225,61.414872576919684,23.258647097315748,11.493,20.439999999999998,CI,2
61.44347749348757,23.169549255434294,10.41414156752639,23.201992246648686,61.51786652347222,23.00287211168474,11.493,20.439999999999998,CI,2
61.545472825513485,22.914441012278612,10.355169782308256,22.943389798182825,61.6194001045493,22.74728531738433,11.49,19.926000000000002,CI,2
61.64618202194494,22.659322522763972,10.291677967991472,22.67838665237356,61.71930161609135,22.491996893678486,11.49,19.926000000000002,CI,2
61.75235861740686,22.406357097800626,10.225380891153444,22.405326958891084,61.826993633427406,22.239583964167327,11.481,19.415,CI,2
61.851369300122336,22.151967261642746,10.155760539257503,22.12432453942397,61.92329045810948,21.98462822386767,11.481,19.415,CI,2
61.94765911987362,21.897445068598007,10.086239989163653,21.83237525506838,62.01829772333606,21.72992041706602,11.464,18.906,CI,2
62.042162268318734,21.643011604294838,10.017310508956596,21.530413402692748,62.111813389462355,21.475361633511948,11.464,18.906,CI,2
62.13931193968069,21.383676573119146,9.9538570752869,21.2176835732955,62.20954777219208,21.214053274565913,11.44,18.393,CI,2
62.232201641681975,21.128274950204226,9.899030589922347,20.896545051616982,62.30057568016634,20.959951523222603,11.44,18.393,CI,2
62.32369954197163,20.874209527999135,9.849502612958988,20.5660429987692,62.391211858070946,20.706214459280638,11.411999999999999,17.881999999999998,CI,2
62.41407385850463,20.62061419931999,9.815048375001957,20.228821277178458,62.48083250199999,20.452636845351513,11.411999999999999,17.881999999999998,CI,2
62.51190339646871,20.36680150075545,9.795822187350307,19.89012095838248,62.580889086660996,20.198522389017832,11.411999999999999,17.881999999999998,CI,2
62.60167331009633,20.113678952874388,9.789107521099508,19.55265624655208,62.66764192273746,19.94562228460247,11.379,17.375,CI,2
62.68835083669771,19.86111477696217,9.796555361058047,19.221031451036655,62.752922108147004,19.69314641170395,11.344,16.869999999999997,CI,2
62.7732245142209,19.60917250292129,9.814348124870946,18.89793713977202,62.83681364913383,19.441292638248353,11.344,16.869999999999997,CI,2
62.85531464070733,19.35943537803872,9.841192638852503,18.586327434489355,62.917562299243635,19.1922247517929,11.299999999999999,16.363999999999997,CI,2
62.936626559566285,19.109079134894014,9.872016806804561,18.28614377957835,62.99823972891056,18.941494363969273,11.299999999999999,16.363999999999997,CI,2
63.01706629861557,18.859174797289857,9.90398926637908,18.000249489913585,63.07800610373573,18.69160795427372,11.251999999999999,15.862,CI,2
63.096347086018135,18.609850216655634,9.933280525585621,17.728261102990786,63.156522087879026,18.442355511388524,11.251999999999999,15.862,CI,2
63.17784663056954,18.36170752990892,9.958278182675967,17.461448591654587,63.238423910027144,18.194479555064696,11.195,15.363000000000001,CI,2
63.25571667661811,18.113327735731914,9.978099513502052,17.203126076320903,63.31474890408436,17.94592585092451,11.195,15.363000000000001,CI,2
63.33197223681421,17.86520899883377,9.992864224009795,16.952054366543436,63.39011128287295,17.697782720520763,11.195,15.363000000000001,CI,2
63.4069548810974,17.617636874331193,10.003453730660915,16.70449450554652,63.46430871105686,17.45028547998083,11.135,14.866000000000001,CI,2
63.485720761906364,17.371423060930805,10.010531269667666,16.46349437710651,63.54402898398574,17.2044029314683,11.071,14.371999999999998,CI,2
63.55934652864641,17.12506885960874,10.014385579794205,16.22562146598158,63.61562679932062,16.957940877643313,11.071,14.371999999999998,CI,2
63.630588763498295,16.87924429406062,10.015747304629766,15.99363683748021,63.68572208552614,16.712206052789345,11.001999999999999,13.877999999999998,CI,2
63.700187806098256,16.63417792556709,10.01314145953045,15.764387246142048,63.75440733966477,16.46730017251303,11.001999999999999,13.877999999999998,CI,2
63.76464391980099,16.3919097536869,10.007041945759928,15.540486993315788,63.816720911621616,16.225959525080555,10.927,13.388,CI,2
63.8302543885481,16.149152021032613,9.995357590852898,15.321384569253073,63.88233729441506,15.982870635255212,10.927,13.388,CI,2
63.895326005697235,15.906990292080549,9.983043554847928,15.10478633518131,63.946855708569345,15.740798990818089,10.844,12.901000000000002,CI,2
63.959585008027744,15.665662297838704,9.9653080514903,14.891839056007242,64.01047954519107,15.499656343399096,10.844,12.901000000000002,CI,2
64.02570897321233,15.426159207018435,9.942931349888454,14.68577757416718,64.07689444870987,15.260684563057307,10.844,12.901000000000002,CI,2
64.08899357927083,15.187067006335347,9.916532308140859,14.482059610647582,64.1389172374626,15.021665721961167,10.753,12.418000000000001,CI,2
64.15076429536776,14.949009006436187,9.884547475647526,14.280728558120007,64.19985168861692,14.783889897090642,10.663,11.94,CI,2
64.21079323648407,14.712287268430545,9.846646784324358,14.080914877269542,64.2589595251467,14.547561537227708,10.663,11.94,CI,2
64.28096615170759,14.477059439368773,9.802034674051553,13.884473824110593,64.33229949590783,14.312700120713496,10.565999999999999,11.469,CI,2
64.34087191088382,14.243367107277313,9.752367752415255,13.690254654720114,64.38853044619903,14.07959650627903,10.565999999999999,11.469,CI,2
64.3973746460927,14.011319302499603,9.694799809375093,13.500522779916398,64.44357719639052,13.848081684408783,10.463,11.002,CI,2
64.4519759197292,13.780948602247161,9.628176726621462,13.314021457859367,64.49720075376118,13.61823361926632,10.463,11.002,CI,2
64.5056093705853,13.559064815586941,9.551852301098362,13.135953597558391,64.55012153086172,13.399342017429996,10.350999999999999,10.543999999999999,CI,2
64.5579056248213,13.333971859732912,9.463094322525587,12.957552426392171,64.60170005986885,13.173002273950488,10.350999999999999,10.543999999999999,CI,2
64.60963934500505,13.109265070662179,9.35816647818915,12.780737366602732,64.65293440573541,12.948345417453904,10.234,10.092,CI,2
64.66095743253317,12.885910451712842,9.240742844474536,12.599383914651614,64.70380346871875,12.725394477952879,10.234,10.092,CI,2
64.7118010742373,12.672616279019762,9.078930166029128,12.120758995861936,64.75413524162632,12.515680364361597,10.126999999999999,9.648000000000001,CI,2
64.76191993090337,12.454870958504456,8.937552286127799,11.73863046748866,64.80380703865465,12.296251210846002,10.126999999999999,9.648000000000001,CI,2
64.81066359642894,12.237376968822167,8.815073572330794,11.421129028641296,64.85182807367205,12.078784096552711,10.009,9.209999999999999,CI,2
64.85736244867618,12.021666379716976,8.702448764529326,11.144890574389265,64.89755341149838,11.863660118336192,10.009,9.209999999999999,CI,2
64.9069485383323,11.810652382128659,8.599956686171552,10.895932859695996,64.94783034501607,11.654259505594762,9.884,8.781,CI,2
64.95110208257833,11.599850304934325,8.504341651348998,10.667760590985264,64.98992341410887,11.443513965310792,9.884,8.781,CI,2
64.99358809368948,11.390463731233382,8.413586515748106,10.445500921657747,65.0315586242803,11.234577102585277,9.747,8.361,CI,2
65.03517497628572,11.182911364267657,8.326648667079,10.233551129032383,65.0725442805404,11.027619675772181,9.747,8.361,CI,2
65.07682809772471,10.978284333838928,8.244840228475612,10.026688563678375,65.1139262283365,10.823981618804291,9.747,8.361,CI,2
65.11670066054988,10.77505662950994,8.163089509825198,9.824728734110847,65.15292844287602,10.621206182015976,9.605,7.949999999999999,CI,2
65.1556983906854,10.573578404547579,8.084012611855774,9.625572828289151,65.19135351291075,10.42030003846302,9.462,7.545,CI,2
65.19383208706243,10.374068133566302,8.003512827158119,9.429802363764303,65.22892108010451,10.221443354084398,9.462,7.545,CI,2
65.23242293062681,10.178326094697281,7.924082648751342,9.237877556794313,65.26739483433758,10.027005749982031,9.312,7.154,CI,2
65.26802078232262,9.98348689844249,7.842966391965471,9.049244380392919,65.30174156444205,9.832456282545811,9.312,7.154,CI,2
65.30241184170565,9.790552152157664,7.7642049699381435,8.864423401053559,65.33545356725632,9.640157404589798,9.158,6.769,CI,2
65.33607237755739,9.599553783845261,7.68274974227442,8.679758388051889,65.36859551180537,9.449803851423981,9.158,6.769,CI,2
65.36720428366469,9.413108039590256,7.60121450745172,8.49389083628082,65.39858241325534,9.264969208386532,8.998,6.395,CI,2
65.39834067165411,9.226724734298541,7.521208111291699,8.310673050021174,65.42945552466178,9.07854302280039,8.998,6.395,CI,2
65.42873415826566,9.042017514660225,7.4422957867055235,8.127780652069584,65.45933021410195,8.894388828050436,8.998,6.395,CI,2
65.45790601558471,8.859222567200264,7.3614456330428775,7.946468069287873,65.48782211773118,8.712237511092637,8.998,6.395,CI,2
65.48860995242654,8.675817601888834,7.281917760834473,7.766350195142301,65.51880223723987,8.528541553295282,8.671,5.670999999999999,CI,2
65.51591105306497,8.496192595002457,7.200537331968531,7.5868426746505895,65.54469482267086,8.35026157032263,8.671,5.670999999999999,CI,2
65.54173909661593,8.318834362081143,7.120518220170456,7.407449675374939,65.56975198449088,8.173679083437115,8.496,5.32,CI,2
65.56625075261177,8.143275135049231,7.039076114622919,7.228460616581788,65.59354119778094,7.998723052195395,8.496,5.32,CI,2
65.58987616820941,7.970037843919928,6.958951268484561,7.04929571233921,65.61658284932328,7.826276938349013,8.315999999999999,4.978999999999999,CI,2
65.61240381595474,7.797723038737289,6.8785035748992955,6.8720178125451445,65.638464262414,7.654245215704232,8.315999999999999,4.978999999999999,CI,2
65.63396173107205,7.6265800399174655,6.795902427344766,6.6919787031895055,65.65941291323969,7.48347519726051,8.131,4.645999999999999,CI,2
65.65452231832057,7.456753984164793,6.71284914210445,6.513446088074875,65.67935126255959,7.314075468680042,8.131,4.645999999999999,CI,2
65.67246725770669,7.289154362340864,6.630620530414638,6.33573066628377,65.69611147268337,7.147242131399613,8.131,4.645999999999999,CI,2
65.69013427679904,7.122621336400439,6.547060184660952,6.159218354652352,65.71337431605531,6.9810360763768164,7.943999999999999,4.315999999999999,CI,2
65.70689959757614,6.957154801017395,6.464069952959322,5.9859667130345215,65.72952975942171,6.815902186380507,7.748999999999999,3.9939999999999998,CI,2
65.72274510695377,6.7930992714134835,6.37809017947727,5.810043350655414,65.74475608184007,6.652305883475895,7.748999999999999,3.9939999999999998,CI,2
65.73809094776253,6.628144445120097,6.291524351749983,5.6378667562819755,65.75963629448775,6.486965635610418,7.549999999999999,3.6790000000000003,CI,2
65.75101873618178,6.466846628317292,6.203830724731867,5.468332552728611,65.77141861460586,6.3269553823895155,7.549999999999999,3.6790000000000003,CI,2
65.76218245039435,6.308028141392181,6.11299836815285,5.301725161369326,65.78164708985902,6.1689887824195795,7.344999999999999,3.369999999999999,CI,2
65.77184582947615,6.151477176342036,6.022739895515551,5.13958413325583,65.79045415245596,6.013209988010102,7.344999999999999,3.369999999999999,CI,2
65.78504544334567,5.998076036493728,5.927572105432942,4.975721024208051,65.8045128578193,5.86088234978558,7.132,3.0760000000000005,CI,2
65.79376727866186,5.845462565915465,5.833177220469703,4.816373716832673,65.81143673173544,5.708528238572537,7.132,3.0760000000000005,CI,2
65.80098754366001,5.694496988729743,5.7365179035278295,4.659336177177062,65.81781238783881,5.558113706083018,6.911999999999999,2.7889999999999997,CI,2
65.8070299378044,5.545931420036483,5.638986693139536,4.506202199907699,65.82310557060038,5.410371652121994,6.911999999999999,2.7889999999999997,CI,2
65.81793103222165,5.394989684591906,5.539500288945518,4.355262043028125,65.83534141379464,5.258486070931907,6.690999999999999,2.5060000000000002,CI,2
65.82287402239609,5.2506845060527505,5.441930105056399,4.208435499095277,65.83796484897537,5.116586798826572,6.690999999999999,2.5060000000000002,CI,2
65.82607681018126,5.109853418843447,5.342405039078399,4.06014145736914,65.84023239704611,4.976979143271892,6.468,2.24,CI,2
65.82888900677989,4.9714995210334045,5.246421128670794,3.913735193291805,65.84256264788722,4.8394786538694845,6.468,2.24,CI,2
65.83188980060643,4.838403471363384,5.151485676289667,3.7695608823352713,65.84527933387328,4.708253154897364,6.238999999999999,1.9830000000000005,CI,2
65.83456071636715,4.705793705820321,5.061360682021028,3.62897866167067,65.84753151485077,4.575776948812406,6.238999999999999,1.9830000000000005,CI,2
65.83742285196396,4.5751486177287415,4.9702980942240265,3.487073017876505,65.85015347661118,4.445805993249077,6.01,1.7360000000000007,CI,2
65.84062861529985,4.446796281807536,4.884672965202457,3.34871791899059,65.85318721673842,4.318250801265131,6.01,1.7360000000000007,CI,2
65.84587034361867,4.322825720298424,4.799834610117869,3.2130687682207064,65.85885041089647,4.195839709524057,6.01,1.7360000000000007,CI,2
65.84954253701878,4.200692058342748,4.7211003527857445,3.0816113924931248,65.86177063141024,4.074354430873036,5.7829999999999995,1.5009999999999994,CI,2
65.85261745749607,4.081564642792671,4.6439079234073,2.9546305599978475,65.86440772323756,3.9562984588865007,5.558,1.2769999999999992,CI,2
65.85547605176573,3.9654270930708164,4.57469810873735,2.834612002776515,65.8669612681237,3.8412261236493292,5.558,1.2769999999999992,CI,2
65.8598540845206,3.853042174998117,4.5076314384,2.721824050135786,65.87163535305568,3.7301820595406556,5.327999999999999,1.0700000000000003,CI,2
65.86341855657733,3.7431106824667073,4.4487102437661585,2.621742629108555,65.87474074771049,3.6211286135449985,5.327999999999999,1.0700000000000003,CI,2
65.86718675171994,3.636092906892057,4.388543741028249,2.5312222537077265,65.87839381886695,3.515154341812528,5.327999999999999,1.0700000000000003,CI,2
65.8715071442835,3.5317602978554947,4.329832520097148,2.4605906925610386,65.88273320285623,3.41178280449698,5.097999999999999,0.875,CI,2
65.88425367568958,3.4345970191540705,4.0846559061253105,2.4487221060604134,65.89820345259456,3.3172020394193558,4.869999999999999,0.6970000000000001,CI,2
65.89126814700305,3.3373829936270876,3.8910994886485484,2.38918386811767,65.9032770168894,3.2199874029865367,4.869999999999999,0.6970000000000001,CI,2
65.89676370201589,3.242843300723147,3.7313115689563148,2.307175431309854,65.90817277227971,3.126421522178644,4.869999999999999,0.6970000000000001,CI,2
65.90211184339684,3.1510313740425615,3.5959183963910366,2.2069687339073796,65.91336922969558,3.035596881429011,4.869999999999999,0.6970000000000001,CI,2
65.90986546033704,3.065549789854222,3.476554753427979,2.1049335390803594,65.92183978069883,2.9524139930844866,4.422000000000001,0.3799999999999999,CI,2
65.91672927587,2.979572712327599,3.3662869315466395,1.9982001843664796,65.92836567128052,2.8662541705880966,4.422000000000001,0.3799999999999999,CI,2
65.9237605498348,2.895253999004931,3.2634664199844736,1.8956152403554922,65.93540154306805,2.782536165537309,4.195999999999998,0.24099999999999966,CI,2
65.93100485472684,2.813332065350038,3.166001520520116,1.7934588477643614,65.94267114990367,2.701485700497492,4.195999999999998,0.24099999999999966,CI,2
65.93686634871976,2.732031809360141,3.0709990611273073,1.6959857688041466,65.94802520436075,2.620412833478069,3.974,0.11399999999999988,CI,2
65.94379830808585,2.6544916251357176,2.980470792004765,1.6011043164682057,65.95526000149476,2.544239203664067,3.974,0.11399999999999988,CI,2
65.95092723209375,2.579553098843831,2.8878594503505566,1.5090782033992522,65.96242168469273,2.470248672487212,3.754999999999999,-0.001000000000000334,CI,2
65.95795462715492,2.506876210622123,2.7979470728071933,1.4206902946539346,65.969390011249,2.3983972265491325,3.754999999999999,-0.001000000000000334,CI,2
65.96292092544135,2.4353130148639917,2.706809402326156,1.3360122272102226,65.97363224067402,2.327244940060608,3.754999999999999,-0.001000000000000334,CI,2
65.96895044394616,2.366651413998139,2.616622622673861,1.2540495228930357,65.97996997480112,2.2596366646391086,3.5330000000000013,-0.10200000000000031,CI,2
65.97514288807822,2.3000745409912944,2.525101190278488,1.175489276493463,65.98618802620256,2.193819200452601,3.311,-0.1930000000000005,CI,2
65.98117944816448,2.235366022619761,2.4330720094069602,1.099619692194589,65.99214916119683,2.1297925798199446,3.311,-0.1930000000000005,CI,2
65.98598800385957,2.169070776239134,2.3393462726137635,1.0278570573587673,65.99652511717657,2.062918345429061,3.0889999999999986,-0.27200000000000024,CI,2
65.99101823335774,2.108000761552143,2.244637382147686,0.959845995349994,66.00157828082148,2.003754691932583,3.0889999999999986,-0.27200000000000024,CI,2
65.99588522373543,2.0501064891692735,2.1476042845789634,0.8949130717410246,66.00635489377024,1.947019567321515,3.0889999999999986,-0.27200000000000024,CI,2
66.00062876719035,1.9945979161922816,2.0502228441650163,0.8346557191054823,66.01102728536,1.8923814706307542,2.8709999999999987,-0.3440000000000003,CI,2
66.00751473051733,1.9493744989777233,1.9507288475240887,0.7757576061431719,66.0186013273527,1.8509125564390374,2.649000000000001,-0.4039999999999999,CI,2
66.01256825871936,1.8998181322222218,1.849919509261559,0.7186246603687872,66.02307405794919,1.7997796930681715,2.649000000000001,-0.4039999999999999,CI,2
66.01705126870456,1.8503466740101444,1.7491120076112527,0.6643886677921392,66.02735918400143,1.7503404688707147,2.4319999999999986,-0.45500000000000007,CI,2
66.02126034107776,1.8022053957460027,1.6490649728149447,0.6133753496004497,66.03145840536789,1.7026850569621717,2.4319999999999986,-0.45500000000000007,CI,2
66.02421758044123,1.7582312403949645,1.5473476144631375,0.5624055459315305,66.0339611611405,1.6602365621384712,2.218,-0.4930000000000003,CI,2
66.02792264728888,1.714450775601012,1.4459272561291183,0.514582588980325,66.03789237679092,1.6165219826061932,2.218,-0.4930000000000003,CI,2
66.0317780484762,1.6725139252075754,1.3448772660867248,0.46980510485018795,66.04177833769569,1.57525737305263,2.004999999999999,-0.5350000000000001,CI,2
66.03555238898647,1.6330628159862612,1.2428465973901568,0.42649365940187306,66.04550879615165,1.5367146191886276,2.004999999999999,-0.5350000000000001,CI,2
66.03833207686687,1.5935632172715408,1.140974357793548,0.38579202592561074,66.04794137662341,1.4971990442619862,1.7910000000000004,-0.5680000000000005,CI,2
66.04208573048244,1.5580850113463591,1.0407758086594987,0.3487151022481352,66.05199510377264,1.4631868763928069,1.7910000000000004,-0.5680000000000005,CI,2
66.04661690863949,1.5248962138287312,0.9387413077682063,0.3116234314389398,66.05678719746653,1.430833592342772,1.5799999999999983,-0.5840000000000005,CI,2
66.05188335783751,1.4935825932481401,0.8381672816668374,0.27877646097689623,66.06231924774261,1.4002059609219617,1.5799999999999983,-0.5840000000000005,CI,2
66.0568508335687,1.4651793498738306,0.7363251397687652,0.2473241110155655,66.06721213450933,1.3728716192977546,1.5799999999999983,-0.5840000000000005,CI,2
66.06342506378569,1.4387216773145706,0.6362462480363956,0.22076877884452203,66.07436732697347,1.3471253006338453,1.373000000000001,-0.5970000000000004,CI,2
66.07178908709348,1.414421598678446,0.5369798326440691,0.19628057072597993,66.08340565980059,1.3236169137769638,1.373000000000001,-0.5970000000000004,CI,2
66.08205430066029,1.391768204312162,0.4396772241818329,0.17546086471925096,66.0944198977275,1.3015717557075996,1.373000000000001,-0.5970000000000004,CI,2
66.09374413349339,1.3711184310838995,0.34385623314060004,0.15609817209314092,66.10673100025392,1.2816658628110293,0.9759999999999991,-0.601,CI,2
66.10842082440737,1.3516753344449906,0.251418996240334,0.1404205000616676,66.12259489014149,1.2626743254230943,0.9759999999999991,-0.601,CI,2
66.1259166000168,1.334212644069465,0.16127609652696856,0.1259194276575526,66.14127232340184,1.2459525850551962,0.7899999999999991,-0.5970000000000004,CI,2
66.14631083413803,1.3187032766843518,0.07600701059162894,0.1147747799390296,66.16292836292907,1.2311801949794532,0.7899999999999991,-0.5970000000000004,CI,2
66.16870478822582,1.3006712355133947,-0.007466991718610344,0.10384808679775875,66.18634297916387,1.2122575218149154,0.6159999999999997,-0.5920000000000005,CI,2
66.19492007809245,1.2868097771783287,-0.08659282950803643,0.09595879449046245,66.2142138155451,1.1999522114786565,0.6159999999999997,-0.5920000000000005,CI,2
66.22442241376082,1.275217094162656,-0.16283997160574534,0.08918918560012729,66.24526769045397,1.1892316889650802,0.6159999999999997,-0.5920000000000005,CI,2
66.25706365444515,1.265466425930478,-0.23473952836797876,0.085136531227708,66.2794725043362,1.1802069281785026,0.45700000000000074,-0.5830000000000002,CI,2
66.28961268250534,1.256591377784352,-0.30360391544987686,0.08140405740912132,66.31253883371585,1.1717250288212637,0.31400000000000006,-0.5700000000000003,CI,2
66.32747957148872,1.2491628941734179,-0.3681508483880746,0.07881913980919077,66.3527756729849,1.1648833515050154,0.31400000000000006,-0.5700000000000003,CI,2
66.36873577677969,1.2423947276592315,-0.42997641873727777,0.07557885475619565,66.39583628743878,1.158437502417058,0.18299999999999983,-0.5540000000000003,CI,2
66.41289323922682,1.2359928834991871,-0.48775427336263816,0.07313303986758926,66.44169155495025,1.1522655542294862,0.18299999999999983,-0.5540000000000003,CI,2
66.46012008247862,1.2312168850428546,-0.5433773161737151,0.07083025436929825,66.49071860908849,1.1481920847609492,0.06299999999999883,-0.54,CI,2
66.50952235767622,1.226152423229658,-0.5944426229478229,0.0705891452555662,66.5416776148343,1.143150016939467,0.06299999999999883,-0.54,CI,2
66.56130345212873,1.2215584434440951,-0.6438872386658288,0.07080649064907425,66.59511650024757,1.138868276348874,-0.045000000000001705,-0.5289999999999999,CI,2
66.61551398485979,1.217649153000973,-0.6888092359127327,0.07277307223369761,66.65104026602388,1.1353646450694161,-0.045000000000001705,-0.5289999999999999,CI,2
66.66587968854992,1.2151836536121352,-0.7309639725922262,0.07499595315212469,66.70100140106386,1.1336297654630223,-0.045000000000001705,-0.5289999999999999,CI,2
66.72314146467149,1.2125638110732662,-0.7672072649170835,0.07876676103483746,66.76149205582179,1.1311004472455077,-0.14300000000000068,-0.5150000000000006,CI,2
66.78392680346361,1.210149027153261,-0.7997830042792449,0.08207138963541885,66.82445529059333,1.1289571377086605,-0.23300000000000054,-0.5019999999999998,CI,2
66.84746235403317,1.208077738505494,-0.8059173934019017,0.034099039524061514,66.889958780294,1.1272360015995058,-0.23300000000000054,-0.5019999999999998,CI,2
66.90957249645392,1.2015551134617046,-0.8266109448466883,0.001206041423610641,66.95267232761073,1.119363978129486,-0.3099999999999987,-0.4889999999999999,CI,2
66.977266633666,1.1986436563882525,-0.8565621198678675,-0.020715667246329485,67.02328468069467,1.1180003891008647,-0.3099999999999987,-0.4889999999999999,CI,2
67.04816475215527,1.1966911650644376,-0.8889651291530285,-0.035695245328752234,67.0963966354828,1.116683484247988,-0.3769999999999989,-0.48099999999999987,CI,2
67.12168195363117,1.1950264096155487,-0.9212565726241856,-0.04529323423456752,67.17198074716894,1.1154434176561174,-0.3769999999999989,-0.48099999999999987,CI,2
67.19658199200636,1.192604046625734,-0.9518331655688425,-0.05227061872778069,67.24856485604454,1.113102261557034,-0.4349999999999987,-0.47500000000000053,CI,2
67.27442376423467,1.1909126239876417,-0.9815522128523104,-0.05649306598788295,67.32862633392155,1.1120438443967613,-0.4349999999999987,-0.47500000000000053,CI,2
67.35398031438608,1.189417105671968,-1.0099349691815274,-0.059925325503892575,67.41002238276623,1.1110284542239197,-0.48499999999999943,-0.4560000000000004,CI,2
67.43465272644072,1.1880321987028373,-1.0376356075029516,-0.06187491089454536,67.49234415518183,1.1101243144322275,-0.48499999999999943,-0.4560000000000004,CI,2
67.51627548480815,1.1874336612443297,-1.063969890114395,-0.06355713102853494,67.57555788625045,1.1102771405033345,-0.5250000000000021,-0.4500000000000002,CI,2
67.59832676820815,1.186489438185066,-1.0894948132400804,-0.06420436895198008,67.659033316558,1.1097030124416103,-0.5250000000000021,-0.4500000000000002,CI,2
67.68069553860686,1.1856076928149317,-1.1140553808623241,-0.06494386954550127,67.74277295136571,1.109359728948711,-0.5620000000000012,-0.44399999999999995,CI,2
67.76328581992259,1.1846970371893317,-1.1380862446791251,-0.06478449255572136,67.82668982551726,1.108974502521512,-0.5620000000000012,-0.44399999999999995,CI,2
67.84353974849262,1.1882530334252228,-1.1615504398755916,-0.06443503146934107,67.907327321023,1.11472300448328,-0.597999999999999,-0.4400000000000004,CI,2
67.92579274278881,1.1885775632188318,-1.1835063591290036,-0.06105457196611881,67.99151684826063,1.1144306155733916,-0.597999999999999,-0.4400000000000004,CI,2
68.0086382542156,1.188199247916448,-1.2028313522961005,-0.05552568001709426,68.0757763495395,1.114381256001432,-0.6359999999999992,-0.4320000000000004,CI,2
68.09198831771761,1.1877479093364474,-1.2126254320834056,-0.07249298598246988,68.16048861940956,1.1145034437491939,-0.6359999999999992,-0.4320000000000004,CI,2
68.17647442208946,1.186315582319491,-1.2295182781601486,-0.08380444886707625,68.24655310652088,1.1133283041557476,-0.6359999999999992,-0.4320000000000004,CI,2
68.26312867863123,1.1856759546109268,-1.2479089744930618,-0.08996284434336958,68.33511592930681,1.1135917391911645,-0.6720000000000006,-0.4270000000000005,CI,2
68.35272831392048,1.1849121665482274,-1.2641103209931575,-0.09446885701895621,68.42691963868184,1.1134246619911268,-0.7029999999999994,-0.42600000000000016,CI,2
68.44574069188306,1.183758085257723,-1.2641103209931575,-0.09446885701895621,68.52231990883587,1.1128013589572925,-0.7029999999999994,-0.42600000000000016,CI,2
68.53826488293035,1.1846269506226843,-1.2641103209931575,-0.09446885701895621,68.61586310610632,1.115147302643598,-0.7240000000000002,-0.4240000000000004,CI,2
