-0.001000000000000334,0.9988911638119041
0.0,0.9988911638118182
0.0,0.34322475842034883
0.0,0.8039406051630905
-0.001000000000000334,0.8295532511750286
0.0,0.8300911608093542
0.0,0.8093504174028491
0.0,0.8298544511573394
0.0,0.8300272462272624
0.0009999999999994458,0.8300539104217008
0.0,0.8033083450202771
-0.001000000000000334,0.8297731101790631
-0.001000000000000334,0.8296914475308215
-0.001000000000000334,0.8299098838346965
0.0,0.7908056866256385
0.0,0.8296243134895227
0.0009999999999994458,0.82958094742607
0.0019999999999997797,0.8295405768253866
0.0030000000000001137,0.7967717901769993
0.004999999999999893,0.829433743132131
0.004999999999999893,0.8292255787473515
0.01100000000000012,0.8295148932147294
0.01100000000000012,0.20181913096116838
0.019999999999999574,0.29853921490620094
0.03000000000000025,0.8177396417127691
0.03000000000000025,0.2026489042293142
0.041999999999999815,0.3427259317381611
0.05600000000000005,0.8041626676718593
0.05600000000000005,0.20208100038277457
0.07299999999999951,0.3410908590081361
0.07299999999999951,0.7840538777671284
0.09399999999999942,0.8251735776527911
0.11599999999999966,0.20287040942538706
0.14100000000000001,0.3399097018045277
0.16699999999999982,0.20195126947572833
0.16699999999999982,0.40344223424512565
0.2029999999999994,0.7293982733349581
0.2029999999999994,0.19782771191239937
0.2029999999999994,0.30703767997707293
0.23499999999999943,0.16657847743888904
0.2709999999999999,0.16657847743888904
0.31099999999999994,0.10559197575217656
0.35599999999999987,0.043134697479173645
0.41000000000000014,0.2138471097811045
0.41000000000000014,0.5245568637032377
0.47799999999999976,0.5245568637032377
0.5619999999999994,0.5245568637032377
0.6559999999999997,0.17235945361487678
0.6559999999999997,0.29570308232118414
0.7720000000000002,0.29570308232118414
0.907,0.16703743759261006
0.907,0.07042431219931064
1.056,0.03373044784575394
1.2199999999999998,0.04130686028465686
1.2199999999999998,0.03641332182391843
1.3919999999999995,0.03641332182391843
1.3919999999999995,0.015195440142966747
1.5750000000000002,0.05864556942706465
1.7649999999999997,0.20604525516747776
1.7649999999999997,0.42851153110275214
1.7649999999999997,0.6188108686345766
1.9589999999999996,0.773189371939648
2.16,0.7533057669279039
2.369999999999999,0.19942311809698343
2.583,0.6890974949706303
2.583,0.6890974949706303
2.583,0.749571709957853
2.802999999999999,0.7544808101340872
2.802999999999999,0.7544808101340872
2.802999999999999,0.7518035554736436
3.0280000000000005,0.7518035554736436
3.2569999999999997,0.7518035554736436
3.4909999999999997,0.7518035554736436
3.731,2.2054533105103265e-06
3.731,5.411893047612467e-09
3.978999999999999,0.0008371817382000811
3.978999999999999,0.0034879395091729063
4.234,0.011798545831665536
4.491999999999999,0.00980651534896435
4.756,0.0027606798133583727
5.029999999999999,0.0009159758194515695
5.311999999999999,0.00045084920065809747
5.311999999999999,0.001160154333028579
5.606,0.005223526750711768
5.911,0.030336986339794203
5.911,0.09510923778123183
6.228,0.06490405935020051
6.557,0.021618260101787537
6.898,0.006087898296004906
6.898,0.0017740493228675686
6.898,0.0006646478254747247
7.247999999999999,0.00038595699167985023
7.609999999999999,0.00031454345155436896
7.978,0.00030388807389455984
8.352,0.0002959476032130136
8.733,0.0011510004435363408
8.733,0.0012465307620606338
9.121,0.0005180160989913206
9.514,0.0005180160989913206
9.514,3.851610642903662e-09
9.913,2.4299631743780304e-09
10.315,0.0008605537796679753
10.315,0.003941337121843697
10.720999999999998,0.0037043759075685986
10.720999999999998,0.0011339493381266469
11.130999999999998,0.0019673383807718957
11.543000000000001,0.0018131837868429757
11.961,0.0006161051804047799
12.380999999999998,0.00032657776361407956
12.380999999999998,0.00027070526344196404
12.804,0.00023454115385329103
13.232999999999999,0.00023465317233815273
13.664,0.0002492686378907917
13.664,0.0002586710184568224
14.098999999999998,0.00024096096557108215
14.537999999999998,0.00024359838576718562
14.981,0.0002087121761329459
14.981,0.0002707879184611206
15.427000000000001,0.00020802189745104175
15.877,0.00020213440350977345
16.33,0.00021248137848310354
16.786,0.00020068251324567286
16.786,0.00020770852925744033
17.247999999999998,0.00014666223855933273
17.247999999999998,0.00026545394976755835
17.714,0.00020942001975753354
18.183,0.00018116514425482337
18.656,0.00018745807344061768
19.130000000000003,0.0001113834797595416
19.609,0.0002692745693524444
19.609,0.00014418999068623674
20.092,0.0001232803096231913
20.576999999999998,0.0001319626488332927
21.063000000000002,7.771925781922988e-05
21.554000000000002,5.2743719937347056e-05
22.049,3.796208512418332e-05
22.049,6.973902945386539e-05
22.546999999999997,0.0011146355385655282
22.546999999999997,0.000507146850531621
23.043,8.495917979767211e-05
23.546,7.56681174012906e-05
24.051000000000002,8.352831211492393e-05
24.051000000000002,0.0009731738263107457
24.558,0.0003123035953361923
24.558,7.881140950368869e-05
25.061999999999998,5.955765032140428e-05
25.569000000000003,6.664056967871541e-05
26.076999999999998,0.0009656317615308547
26.583,0.0001960571051713545
26.583,4.154351984643486e-05
27.090000000000003,0.0009383697586857567
27.090000000000003,0.00025166685089866267
27.090000000000003,5.5309069554179936e-05
27.597,2.8055265037757127e-05
28.105000000000004,1.2429406265675541e-05
28.61,0.0009175781599147538
29.114000000000004,0.00015700797699613845
29.615000000000002,2.1309813894031203e-05
29.615000000000002,1.9579122330427943e-05
30.115000000000002,2.7323939632460665e-05
30.616,0.0009939303762351503
30.616,0.0002967965249239141
31.114000000000004,3.7579687812288035e-05
31.614000000000004,0.001024356395295888
32.113,0.00026305816170517447
32.113,3.9166433108252256e-05
32.613,2.622619762534674e-05
33.107,2.5431010026058506e-05
33.602000000000004,4.207456289844504e-05
33.602000000000004,4.047366547141551e-05
34.097,3.930520921772327e-05
34.592,3.0169720203727197e-05
34.592,3.398934914795476e-05
35.083,4.010918574210768e-05
35.577,0.0009901507195949938
35.577,0.00033691357504278486
36.071000000000005,5.358836919758901e-05
36.566,4.406589264678345e-05
37.062000000000005,4.2898746333535034e-05
37.062000000000005,5.267496404174092e-05
37.062000000000005,5.30213648094748e-05
37.556000000000004,0.0009618945018684131
38.051,0.00024396026239384343
38.545,5.11567958461613e-05
39.038000000000004,4.260786734775261e-05
39.533,3.162295828190603e-05
39.533,3.209471168196881e-05
40.028,4.203268825678211e-05
40.524,4.839167296621657e-05
41.019,0.0002334164222673902
41.512,5.4501119850492194e-05
41.512,0.0009505240084562197
42.004000000000005,0.00023890630357770542
42.495000000000005,4.955683197555177e-05
42.495000000000005,0.0009522801715456294
42.984,0.00024778001809379585
43.47,6.563453280786374e-05
43.47,0.000961540941289398
43.955,0.00027668523376385765
44.438,3.466540485555972e-05
44.438,3.331482250241077e-05
44.923,4.7089692331249394e-05
45.403,0.000978174889878093
45.403,0.0003881732076148865
45.881,6.947065524935476e-05
46.356,6.0247506500797414e-05
46.831,5.5876881279947955e-05
46.831,0.0009558565964993335
46.831,0.0003482482636595755
47.304,7.272780718342269e-05
47.775,6.997177785539245e-05
48.241,6.173014497928223e-05
48.705,0.0009643724575801451
49.17,0.000527835445151385
49.17,0.00012298139964768062
49.631,9.438590157837313e-05
50.089,0.00010835498652381712
50.089,0.0001256489039612557
50.546,9.584184937205987e-05
51.002,9.832878870447927e-05
51.454,9.200712886674982e-05
51.454,0.005502711305425627
51.899,0.027449573744376534
52.341,0.11732885632668606
52.341,0.05383631018955648
52.777,0.01161335438431564
53.207,0.012767409196855768
53.627,0.007531674703804799
53.627,0.0009578998867459111
54.041000000000004,0.000291145214097925
54.041000000000004,0.00016635688579384985
54.440000000000005,0.00019228013364925325
54.824,0.0001793496815341059
55.195,0.00019879170570355053
55.550000000000004,0.00017579481630903966
55.550000000000004,0.00024000915186792352
55.89,0.0002494202913488125
56.215,0.00027689512089945563
56.524,0.000294071071252555
56.822,0.00027695068598306916
57.109,0.0002872060880937547
57.109,0.0002877441672810989
57.383,0.00029146408886580427
57.648,0.0002919547794390372
57.9,0.00029282728987101777
57.9,0.00029297594779259783
58.139,0.00029314676322304183
58.364000000000004,0.00029317414555985
58.574,0.00029323637291568336
58.574,0.0002932214440204194
58.768,0.0002933404675130612
58.95,0.0002933099455239087
59.114000000000004,0.00029464665863720226
59.114000000000004,0.0002937959657379823
59.265,0.0002983090073093279
59.265,0.0003041106517180662
59.397999999999996,0.00030055874746339796
59.518,0.0012679126056564143
59.622,0.002071211723775318
59.709,0.000786106197651626
59.783,0.00043553205774967806
59.783,0.00034427609173923505
59.845,0.00043513396845292087
59.894000000000005,0.0003566044009390366
59.931,0.0004574047397835842
59.956,0.0003667313077541681
59.956,0.00031802256132752076
59.97200000000001,0.00037405628225089057
59.97200000000001,0.0014013432586491587
59.97500000000001,0.002506808271832752
59.97200000000001,0.0011321886753481545
59.96600000000001,0.0005588464895725982
59.967,0.0028417567125593097
59.967,0.021625020625635656
59.96900000000001,0.033932846532982675
59.96900000000001,0.02938341189992163
59.968,0.015116534978919833
59.968,0.014590881670269533
59.968,0.009805374720684384
59.968,0.009805374720684384
59.968,0.009815254321471708
59.968,0.053681907596694944
59.968,0.053681907596694944
59.968,0.6895127831462223
59.968,0.6895127831462223
59.968,0.7550120864546571
59.968,0.8699198322916236
59.968,0.8781039559649146
59.968,0.8781039559649146
59.968,0.8781039559649146
59.968,0.8781039559649146
59.968,0.8781039559649146
59.968,0.8781039559649146
59.968,0.8781039559649146
59.968,0.8781039559649146
59.968,0.8781039559649146
59.968,0.8781039559649146
59.968,0.8781039559649146
59.968,0.8781039559649146
59.968,0.8781039559649146
59.968,0.8781039559649146
59.968,0.8781039559649146
59.968,0.8781039559649146
59.968,0.8781039559649146
59.968,0.8781039559649146
59.968,0.8781039559649146
59.968,0.8781039559649146
59.968,0.8781039559649146
59.968,0.8781039559649146
59.968,0.8781039559649146
