-0.001000000000000334,0.9988911735210192
0.0,0.9988911638119041
0.0,0.9988911638118182
0.0,0.9988911146475401
-0.001000000000000334,0.9988907300618576
0.0,0.9988911115240796
0.0,0.9988911148031884
0.0,0.9988908043524211
0.0,0.9988911122288068
0.0009999999999994458,0.9988911124716481
0.0,0.9988901172539835
-0.001000000000000334,0.9988901172539835
-0.001000000000000334,0.998891112851277
0.0,0.9988911116456876
0.0,0.9988911151786651
0.0,0.9988905141516988
0.0009999999999994458,0.9988911133374878
0.0019999999999997797,0.9988911120195771
0.0030000000000001137,0.998891113482295
0.004999999999999893,0.9988906180699487
0.01100000000000012,0.9988909658234343
0.01100000000000012,0.9988911167408926
0.019999999999999574,0.9988911233300501
0.03000000000000025,0.9988911233300501
0.03000000000000025,0.9988898243521254
0.041999999999999815,0.9988910184584741
0.041999999999999815,0.9988909236143099
0.05600000000000005,0.9988910669515811
0.07299999999999951,0.9988910409383307
0.07299999999999951,0.9988901806011875
0.07299999999999951,0.9988907898793833
0.09399999999999942,0.998889504186623
0.11599999999999966,0.9988905610778784
0.14100000000000001,0.9988875109885142
0.16699999999999982,0.9988883619524443
0.2029999999999994,0.9988845009711619
0.2029999999999994,0.998889492580059
0.2029999999999994,0.9988892597562522
0.23499999999999943,0.9988766923698227
0.2709999999999999,0.9988883567101626
0.31099999999999994,0.9988884816624771
0.35599999999999987,0.9988646628661969
0.35599999999999987,0.9988865839249298
0.41000000000000014,0.998769897559554
0.41000000000000014,0.9988846998914749
0.47799999999999976,0.9986205138804201
0.5619999999999994,0.9988809536828128
0.6559999999999997,0.998878864995666
0.7720000000000002,0.997282778779116
0.7720000000000002,0.9988550678872514
0.907,0.9884518072424141
1.056,0.9987485549108714
1.056,0.9983141508825991
1.2199999999999998,0.6072178322496352
1.3919999999999995,0.9959829790518664
1.5750000000000002,0.20313724849614143
1.5750000000000002,0.9823327388994421
1.7649999999999997,0.9486770527084387
1.7649999999999997,0.9486827439534423
1.9589999999999996,0.9255142250491473
2.16,0.9254859118692399
2.369999999999999,0.8355771001165335
2.369999999999999,0.7988889835269835
2.583,0.7988090460217337
2.802999999999999,0.675076662646018
2.802999999999999,0.6748470491833555
2.802999999999999,0.5314259642661514
3.0280000000000005,0.5043055793961074
3.2569999999999997,0.503784546218781
3.4909999999999997,0.503276364601278
3.731,0.35259897501472676
3.978999999999999,0.3569060862077665
3.978999999999999,0.3533578011661935
3.978999999999999,0.25762342612233485
4.234,0.1990098908817519
4.491999999999999,0.15901652022005863
4.756,0.09272548490091265
5.029999999999999,0.03642981818932887
5.311999999999999,0.01146242678908107
5.311999999999999,0.0032988693369269757
5.606,0.0010741162845809954
5.911,0.0004917106491632744
5.911,0.00034356564708895414
6.228,0.0003063694995158911
6.557,0.00029704853436218016
6.898,0.00029471320499706316
6.898,0.00029412812340146656
6.898,0.0002939815416239314
7.247999999999999,0.0002939448182698015
7.609999999999999,0.0002939356179187387
7.978,0.00029393331294286907
8.352,0.00029393273547430353
8.733,0.0002939325908003636
8.733,0.0002939325545550161
8.733,0.00029393254547442274
9.121,0.00029393254319945005
9.514,0.00029393254319945005
9.913,0.00029393254319945005
10.315,0.00029393254319945005
10.720999999999998,0.00029393254319945005
10.720999999999998,0.00029393254319945005
10.720999999999998,0.00029393254319945005
11.130999999999998,0.00029393254319945005
11.543000000000001,0.00029393254319945005
11.961,0.00029393254319945005
12.380999999999998,0.00029393254319945005
12.380999999999998,0.00029393254319945005
12.804,0.00029393254319945005
13.232999999999999,0.00029393254319945005
13.232999999999999,0.00029393254319945005
13.664,0.00029393254319945005
14.098999999999998,0.00029393254319945005
14.537999999999998,0.00029393254319945005
14.537999999999998,0.00029393254319945005
14.981,0.00029393254319945005
14.981,0.00029393254319945005
15.427000000000001,0.00029393254319945005
15.877,0.00029393254319945005
16.33,0.00029393254319945005
16.786,0.00029393254319945005
16.786,0.00029393254319945005
17.247999999999998,0.00029393254319945005
17.247999999999998,0.00029393254319945005
17.714,0.00029393254319945005
18.183,0.00029393254319945005
18.656,0.00029393254319945005
19.130000000000003,0.00029393254319945005
19.130000000000003,0.00029393254319945005
19.609,0.00029393254319945005
19.609,0.00029393254319945005
20.092,0.00029393254319945005
20.576999999999998,0.00029393254319945005
21.063000000000002,0.00029393254319945005
21.063000000000002,0.00029393254319945005
21.554000000000002,0.00029393254319945005
22.049,0.00029393254319945005
22.546999999999997,0.00029393254319945005
22.546999999999997,0.00029393254319945005
23.043,0.00029393254319945005
23.546,0.00029393254319945005
23.546,0.00029393254319945005
24.051000000000002,0.00029393254319945005
24.558,0.00029393254319945005
24.558,0.00029393254319945005
25.061999999999998,0.00029393254319945005
25.569000000000003,0.00029393254319945005
26.076999999999998,0.00029393254319945005
26.076999999999998,0.00029393254319945005
26.583,0.00029393254319945005
27.090000000000003,0.00029393254319945005
27.090000000000003,0.00029393254319945005
27.090000000000003,0.00029393254319945005
27.090000000000003,0.00029393254319945005
27.597,0.00029393254319945005
28.105000000000004,0.00029393254319945005
28.61,0.00029393254319945005
29.114000000000004,0.00029393254319945005
29.615000000000002,0.00029393254319945005
29.615000000000002,0.00029393254319945005
30.115000000000002,0.00029393254319945005
30.616,0.00029393254319945005
31.114000000000004,0.00029393254319945005
31.114000000000004,0.00029393254319945005
31.614000000000004,0.00029393254319945005
32.113,0.00029393254319945005
32.613,0.00029393254319945005
32.613,0.00029393254319945005
33.107,0.00029393254319945005
33.602000000000004,0.00029393254319945005
34.097,0.00029393254319945005
34.097,0.00029393254319945005
34.592,0.00029393254319945005
34.592,0.00029393254319945005
35.083,0.00029393254319945005
35.577,0.00029393254319945005
36.071000000000005,0.00029393254319945005
36.566,0.00029393254319945005
37.062000000000005,0.00029393254319945005
37.062000000000005,0.00029393254319945005
37.062000000000005,0.00029393254319945005
37.556000000000004,0.00029393254319945005
38.051,0.00029393254319945005
38.545,0.00029393254319945005
39.038000000000004,0.00029393254319945005
39.533,0.00029393254319945005
39.533,0.00029393254319945005
40.028,0.00029393254319945005
40.524,0.00029393254319945005
41.019,0.00029393254319945005
41.512,0.00029393254319945005
42.004000000000005,0.00029393254319945005
42.004000000000005,0.00029393254319945005
42.495000000000005,0.00029393254319945005
42.984,0.00029393254319945005
43.47,0.00029393254319945005
43.47,0.00029393254319945005
43.955,0.00029393254319945005
44.438,0.00029393254319945005
44.438,0.00029393254319945005
44.923,0.00029393254319945005
45.403,0.00029393254319945005
45.881,0.00029393254319945005
46.356,0.00029393254319945005
46.356,0.00029393254319945005
46.831,0.00029393254319945005
46.831,0.00029393254319945005
47.304,0.00029393254319945005
47.775,0.00029393254319945005
48.241,0.00029393254319945005
48.705,0.00029393254319945005
49.17,0.00029393254319945005
49.17,0.00029393254319945005
49.17,0.00029393254319945005
49.631,0.00029393254319945005
50.089,0.00029393254319945005
50.546,0.00029393254319945005
51.002,0.00029393254319945005
51.454,0.00029393254319945005
51.899,0.00029393254319945005
52.341,0.00029393254319945005
52.341,0.00029393254319945005
52.777,0.00029393254319945005
53.207,0.00029393254319945005
53.627,0.00029393254319945005
53.627,0.00029393254319945005
54.041000000000004,0.00029393254319945005
54.041000000000004,0.00029393254319945005
54.440000000000005,0.00029393254319945005
54.824,0.00029393254319945005
55.195,0.00029393254319945005
55.550000000000004,0.00029393254319945005
55.550000000000004,0.00029393254319945005
55.89,0.00029393254319945005
56.215,0.00029393254319945005
56.524,0.00029393254319945005
56.822,0.00029393254319945005
57.109,0.00029393254319945005
57.109,0.00029393254319945005
57.383,0.00029393254319945005
57.648,0.00029393254319945005
57.9,0.00029393254319945005
57.9,0.00029393254319945005
58.139,0.00029393254319945005
58.364000000000004,0.00029393254319945005
58.574,0.00029393254319945005
58.768,0.00029393254319945005
58.768,0.00029393254319945005
58.95,0.00029393254319945005
59.114000000000004,0.00029393254319945005
59.265,0.00029393254319945005
59.265,0.00029393254319945005
59.397999999999996,0.00029393254319945005
59.518,0.00029393254319945005
59.622,0.00029393254319945005
59.709,0.00029393254319945005
59.709,0.00029393254319945005
59.783,0.00029393254319945005
59.783,0.00029393254319945005
59.845,0.00029393254319945005
59.894000000000005,0.00029393254319945005
59.931,0.00029393254319945005
59.956,0.00029393254319945005
59.97200000000001,0.00029393254319945005
59.97200000000001,0.00029393254319945005
59.97500000000001,0.00029393254319945005
59.97200000000001,0.00029393254319945005
59.96600000000001,0.00029393254319945005
59.96600000000001,0.00029393254319945005
59.967,0.00029393254319945005
59.96900000000001,0.00029393254319945005
59.96900000000001,0.00029393254319945005
59.968,0.00029393254319945005
59.968,0.00029393254319945005
59.968,0.00029393254319945005
59.968,0.00029393254319945005
59.968,0.00029393254319945005
59.968,0.00029393254319945005
59.968,0.00029393254319945005
59.968,0.00029393254319945005
59.968,0.00029393254319945005
59.968,0.00029393254319945005
59.968,0.00029393254319945005
59.968,0.00029393254319945005
59.968,0.00029393254319945005
59.968,0.00029393254319945005
59.968,0.00029393254319945005
59.968,0.00029393254319945005
59.968,0.00029393254319945005
59.968,0.00029393254319945005
59.968,0.00029393254319945005
59.968,0.00029393254319945005
