0.016000000000000014,0.9988911735210192
0.02799999999999958,0.9988911638119041
0.02799999999999958,0.9988911638118182
0.041999999999999815,0.9988910497215725
0.06099999999999994,0.9988911186601124
0.08499999999999996,0.9988892865290896
0.08499999999999996,0.9988910518983618
0.11899999999999977,0.9988863745400298
0.1589999999999998,0.9988896284290468
0.20699999999999985,0.9988901109189825
0.26400000000000023,0.9988707970667206
0.26400000000000023,0.9988862937273801
0.3309999999999995,0.9988518847569511
0.40700000000000003,0.9986484483447712
0.4950000000000001,0.9988815978033099
0.4950000000000001,0.9972691963141133
0.593,0.9988422250732091
0.593,0.9987985215039344
0.7039999999999997,0.9653091182338595
0.827,0.8921460667763385
0.9629999999999992,0.9983189663485689
1.1099999999999994,0.44742641702466296
1.1099999999999994,0.3531344029095899
1.2699999999999996,0.9893284871458503
1.440999999999999,0.20022246005529254
1.6210000000000004,0.9716627834326454
1.811,0.9759098760859523
2.01,0.9635996792509248
2.01,0.9635876537267876
2.2089999999999996,0.7581759485342129
2.414999999999999,0.7579329056986422
2.6270000000000007,0.5450146131196613
2.6270000000000007,0.46072919759508285
2.8409999999999993,0.46004147709495097
3.055999999999999,0.3160864687907293
3.2680000000000007,0.3137236875974221
3.2680000000000007,0.228187990114697
3.4830000000000005,0.21412498979747427
3.6980000000000004,0.1979442354522282
3.6980000000000004,0.13725771074361576
3.9079999999999995,0.057426369103695044
4.119,0.018761603722229913
4.119,0.0052950614843996465
4.333,0.0015774679748854035
4.545,0.0006174635373607661
4.76,0.00037495436031535464
4.76,0.0003141153411065559
4.974,0.0002985730423557891
5.1899999999999995,0.0002946658136953372
5.1899999999999995,0.0002936885817955597
5.4079999999999995,0.0002934441720704865
5.632,0.0002933830444713055
5.8580000000000005,0.00029336775629446824
6.086,0.00029336393268145024
6.317,0.00029336297638590114
6.317,0.00029336273721390426
6.549999999999999,0.0002933626773963678
6.784000000000001,0.00029336266243584693
7.02,0.00029336265869418185
7.02,0.0002933626577583817
7.260999999999999,0.0002933626575243357
7.504,0.00029336265746580015
7.753,0.0002933626574511603
7.753,0.0002933626574511603
8.007,0.0002933626574511603
8.266,0.0002933626574511603
8.53,0.0002933626574511603
8.796999999999999,0.0002933626574511603
8.796999999999999,0.0002933626574511603
8.796999999999999,0.0002933626574511603
9.068,0.0002933626574511603
9.344,0.0002933626574511603
9.629,0.0002933626574511603
9.915000000000001,0.0002933626574511603
10.203999999999999,0.0002933626574511603
10.203999999999999,0.0002933626574511603
10.203999999999999,0.0002933626574511603
10.499999999999998,0.0002933626574511603
10.802000000000001,0.0002933626574511603
11.110000000000001,0.0002933626574511603
11.421000000000001,0.0002933626574511603
11.732000000000001,0.0002933626574511603
11.732000000000001,0.0002933626574511603
12.052000000000001,0.0002933626574511603
12.377,0.0002933626574511603
12.705,0.0002933626574511603
12.705,0.0002933626574511603
13.037,0.0002933626574511603
13.374999999999998,0.0002933626574511603
13.717,0.0002933626574511603
13.717,0.0002933626574511603
14.065,0.0002933626574511603
14.412,0.0002933626574511603
14.761000000000001,0.0002933626574511603
15.116000000000001,0.0002933626574511603
15.116000000000001,0.0002933626574511603
15.475,0.0002933626574511603
15.837000000000002,0.0002933626574511603
16.200000000000003,0.0002933626574511603
16.567999999999998,0.0002933626574511603
16.933999999999997,0.0002933626574511603
16.933999999999997,0.0002933626574511603
17.302,0.0002933626574511603
17.677,0.0002933626574511603
18.057000000000002,0.0002933626574511603
18.057000000000002,0.0002933626574511603
18.436999999999998,0.0002933626574511603
18.820999999999998,0.0002933626574511603
18.820999999999998,0.0002933626574511603
19.209000000000003,0.0002933626574511603
19.598,0.0002933626574511603
19.990000000000002,0.0002933626574511603
19.990000000000002,0.0002933626574511603
20.384999999999998,0.0002933626574511603
20.781,0.0002933626574511603
21.18,0.0002933626574511603
21.585,0.0002933626574511603
21.585,0.0002933626574511603
21.990000000000002,0.0002933626574511603
22.397,0.0002933626574511603
22.805999999999997,0.0002933626574511603
22.805999999999997,0.0002933626574511603
23.217,0.0002933626574511603
23.630000000000003,0.0002933626574511603
23.630000000000003,0.0002933626574511603
24.046,0.0002933626574511603
24.463,0.0002933626574511603
24.883000000000003,0.0002933626574511603
24.883000000000003,0.0002933626574511603
24.883000000000003,0.0002933626574511603
25.302,0.0002933626574511603
25.724000000000004,0.0002933626574511603
26.148000000000003,0.0002933626574511603
26.148000000000003,0.0002933626574511603
26.572000000000003,0.0002933626574511603
26.998000000000005,0.0002933626574511603
26.998000000000005,0.0002933626574511603
27.424,0.0002933626574511603
27.849000000000004,0.0002933626574511603
28.276000000000003,0.0002933626574511603
28.276000000000003,0.0002933626574511603
28.703000000000003,0.0002933626574511603
29.132000000000005,0.0002933626574511603
29.559000000000005,0.0002933626574511603
29.559000000000005,0.0002933626574511603
29.986000000000004,0.0002933626574511603
30.414,0.0002933626574511603
30.414,0.0002933626574511603
30.842,0.0002933626574511603
31.268,0.0002933626574511603
31.268,0.0002933626574511603
31.268,0.0002933626574511603
31.693000000000005,0.0002933626574511603
32.117000000000004,0.0002933626574511603
32.538000000000004,0.0002933626574511603
32.961,0.0002933626574511603
33.38,0.0002933626574511603
33.38,0.0002933626574511603
33.38,0.0002933626574511603
33.795,0.0002933626574511603
34.21,0.0002933626574511603
34.623000000000005,0.0002933626574511603
35.033,0.0002933626574511603
35.033,0.0002933626574511603
35.438,0.0002933626574511603
35.84,0.0002933626574511603
36.239000000000004,0.0002933626574511603
36.239000000000004,0.0002933626574511603
36.635000000000005,0.0002933626574511603
37.027,0.0002933626574511603
37.413000000000004,0.0002933626574511603
37.413000000000004,0.0002933626574511603
37.796,0.0002933626574511603
38.173,0.0002933626574511603
38.548,0.0002933626574511603
38.548,0.0002933626574511603
38.92,0.0002933626574511603
39.286,0.0002933626574511603
39.286,0.0002933626574511603
39.652,0.0002933626574511603
40.015,0.0002933626574511603
40.375,0.0002933626574511603
40.375,0.0002933626574511603
40.735,0.0002933626574511603
41.091,0.0002933626574511603
41.091,0.0002933626574511603
41.443000000000005,0.0002933626574511603
41.791000000000004,0.0002933626574511603
42.134,0.0002933626574511603
42.134,0.0002933626574511603
42.469,0.0002933626574511603
42.798,0.0002933626574511603
42.798,0.0002933626574511603
43.122,0.0002933626574511603
43.438,0.0002933626574511603
43.747,0.0002933626574511603
44.045,0.0002933626574511603
44.336,0.0002933626574511603
44.617000000000004,0.0002933626574511603
44.617000000000004,0.0002933626574511603
44.883,0.0002933626574511603
45.143,0.0002933626574511603
45.143,0.0002933626574511603
45.39,0.0002933626574511603
45.626000000000005,0.0002933626574511603
45.626000000000005,0.0002933626574511603
45.852000000000004,0.0002933626574511603
46.063,0.0002933626574511603
46.262,0.0002933626574511603
46.445,0.0002933626574511603
46.611000000000004,0.0002933626574511603
46.611000000000004,0.0002933626574511603
46.764,0.0002933626574511603
46.904,0.0002933626574511603
47.03,0.0002933626574511603
47.03,0.0002933626574511603
47.143,0.0002933626574511603
47.242000000000004,0.0002933626574511603
47.242000000000004,0.0002933626574511603
47.327,0.0002933626574511603
47.398,0.0002933626574511603
47.453,0.0002933626574511603
47.494,0.0002933626574511603
47.522,0.0002933626574511603
47.535000000000004,0.0002933626574511603
47.537,0.0002933626574511603
47.537,0.0002933626574511603
47.521,0.0002933626574511603
47.496,0.0002933626574511603
47.454,0.0002933626574511603
47.454,0.0002933626574511603
47.454,0.0002933626574511603
47.401,0.0002933626574511603
47.333,0.0002933626574511603
47.255,0.0002933626574511603
47.165,0.0002933626574511603
47.065000000000005,0.0002933626574511603
47.065000000000005,0.0002933626574511603
46.953,0.0002933626574511603
46.83,0.0002933626574511603
46.698,0.0002933626574511603
46.698,0.0002933626574511603
46.558,0.0002933626574511603
46.4,0.0002933626574511603
46.4,0.0002933626574511603
46.225,0.0002933626574511603
46.042,0.0002933626574511603
45.853,0.0002933626574511603
45.660000000000004,0.0002933626574511603
45.452,0.0002933626574511603
45.452,0.0002933626574511603
45.226,0.0002933626574511603
44.986000000000004,0.0002933626574511603
44.739000000000004,0.0002933626574511603
44.739000000000004,0.0002933626574511603
44.482,0.0002933626574511603
44.212,0.0002933626574511603
44.212,0.0002933626574511603
44.212,0.0002933626574511603
43.93,0.0002933626574511603
43.642,0.0002933626574511603
43.342,0.0002933626574511603
43.037,0.0002933626574511603
42.718,0.0002933626574511603
42.718,0.0002933626574511603
42.396,0.0002933626574511603
42.066,0.0002933626574511603
41.729,0.0002933626574511603
41.386,0.0002933626574511603
41.386,0.0002933626574511603
41.036,0.0002933626574511603
40.678000000000004,0.0002933626574511603
40.313,0.0002933626574511603
39.938,0.0002933626574511603
39.938,0.0002933626574511603
39.564,0.0002933626574511603
39.185,0.0002933626574511603
38.800000000000004,0.0002933626574511603
38.800000000000004,0.0002933626574511603
38.404,0.0002933626574511603
38.007000000000005,0.0002933626574511603
38.007000000000005,0.0002933626574511603
37.604,0.0002933626574511603
37.193000000000005,0.0002933626574511603
37.193000000000005,0.0002933626574511603
36.778,0.0002933626574511603
36.356,0.0002933626574511603
35.931000000000004,0.0002933626574511603
35.499,0.0002933626574511603
35.062000000000005,0.0002933626574511603
35.062000000000005,0.0002933626574511603
35.062000000000005,0.0002933626574511603
34.624,0.0002933626574511603
34.181000000000004,0.0002933626574511603
33.730000000000004,0.0002933626574511603
33.272,0.0002933626574511603
32.814,0.0002933626574511603
32.814,0.0002933626574511603
32.356,0.0002933626574511603
31.891,0.0002933626574511603
31.424,0.0002933626574511603
30.955,0.0002933626574511603
30.955,0.0002933626574511603
30.481,0.0002933626574511603
30.006,0.0002933626574511603
29.525,0.0002933626574511603
29.525,0.0002933626574511603
29.044000000000004,0.0002933626574511603
28.557000000000002,0.0002933626574511603
28.068000000000005,0.0002933626574511603
28.068000000000005,0.0002933626574511603
27.576,0.0002933626574511603
27.079,0.0002933626574511603
26.578000000000003,0.0002933626574511603
26.578000000000003,0.0002933626574511603
26.073999999999998,0.0002933626574511603
25.569000000000003,0.0002933626574511603
25.569000000000003,0.0002933626574511603
25.060000000000002,0.0002933626574511603
24.548000000000002,0.0002933626574511603
24.04,0.0002933626574511603
23.527,0.0002933626574511603
23.012,0.0002933626574511603
23.012,0.0002933626574511603
22.499000000000002,0.0002933626574511603
21.982,0.0002933626574511603
21.464999999999996,0.0002933626574511603
21.464999999999996,0.0002933626574511603
20.951999999999998,0.0002933626574511603
20.439999999999998,0.0002933626574511603
20.439999999999998,0.0002933626574511603
19.926000000000002,0.0002933626574511603
19.415,0.0002933626574511603
18.906,0.0002933626574511603
18.906,0.0002933626574511603
18.393,0.0002933626574511603
17.881999999999998,0.0002933626574511603
17.881999999999998,0.0002933626574511603
17.375,0.0002933626574511603
16.869999999999997,0.0002933626574511603
16.363999999999997,0.0002933626574511603
15.862,0.0002933626574511603
15.363000000000001,0.0002933626574511603
15.363000000000001,0.0002933626574511603
14.866000000000001,0.0002933626574511603
14.371999999999998,0.0002933626574511603
13.877999999999998,0.0002933626574511603
13.877999999999998,0.0002933626574511603
13.388,0.0002933626574511603
12.901000000000002,0.0002933626574511603
12.901000000000002,0.0002933626574511603
12.418000000000001,0.0002933626574511603
11.94,0.0002933626574511603
11.469,0.0002933626574511603
11.002,0.0002933626574511603
10.543999999999999,0.0002933626574511603
10.092,0.0002933626574511603
9.648000000000001,0.0002933626574511603
9.648000000000001,0.0002933626574511603
9.209999999999999,0.0002933626574511603
8.781,0.0002933626574511603
8.361,0.0002933626574511603
8.361,0.0002933626574511603
7.949999999999999,0.0002933626574511603
7.545,0.0002933626574511603
7.154,0.0002933626574511603
7.154,0.0002933626574511603
6.769,0.0002933626574511603
6.395,0.0002933626574511603
6.029,0.0002933626574511603
5.670999999999999,0.0002933626574511603
5.32,0.0002933626574511603
4.978999999999999,0.0002933626574511603
4.645999999999999,0.0002933626574511603
4.645999999999999,0.0002933626574511603
4.315999999999999,0.0002933626574511603
3.9939999999999998,0.0002933626574511603
3.6790000000000003,0.0002933626574511603
3.369999999999999,0.0002933626574511603
3.369999999999999,0.0002933626574511603
3.0760000000000005,0.0002933626574511603
2.7889999999999997,0.0002933626574511603
2.5060000000000002,0.0002933626574511603
2.24,0.0002933626574511603
1.9830000000000005,0.0002933626574511603
1.7360000000000007,0.0002933626574511603
1.7360000000000007,0.0002933626574511603
1.5009999999999994,0.0002933626574511603
1.2769999999999992,0.0002933626574511603
1.0700000000000003,0.0002933626574511603
1.0700000000000003,0.0002933626574511603
0.875,0.0002933626574511603
0.6970000000000001,0.0002933626574511603
0.6970000000000001,0.0002933626574511603
0.6970000000000001,0.0002933626574511603
0.5300000000000002,0.0002933626574511603
0.3799999999999999,0.0002933626574511603
0.24099999999999966,0.0002933626574511603
0.11399999999999988,0.0002933626574511603
-0.001000000000000334,0.0002933626574511603
-0.10200000000000031,0.0002933626574511603
-0.1930000000000005,0.0002933626574511603
-0.27200000000000024,0.0002933626574511603
-0.27200000000000024,0.0002933626574511603
-0.3440000000000003,0.0002933626574511603
-0.4039999999999999,0.0002933626574511603
-0.4039999999999999,0.0002933626574511603
-0.45500000000000007,0.0002933626574511603
-0.4930000000000003,0.0002933626574511603
-0.5350000000000001,0.0002933626574511603
-0.5680000000000005,0.0002933626574511603
-0.5840000000000005,0.0002933626574511603
-0.5840000000000005,0.0002933626574511603
-0.5970000000000004,0.0002933626574511603
-0.6040000000000001,0.0002933626574511603
-0.601,0.0002933626574511603
-0.5970000000000004,0.0002933626574511603
-0.5920000000000005,0.0002933626574511603
-0.5920000000000005,0.0002933626574511603
-0.5830000000000002,0.0002933626574511603
-0.5700000000000003,0.0002933626574511603
-0.5540000000000003,0.0002933626574511603
-0.54,0.0002933626574511603
-0.5289999999999999,0.0002933626574511603
-0.5289999999999999,0.0002933626574511603
-0.5150000000000006,0.0002933626574511603
-0.5019999999999998,0.0002933626574511603
-0.4889999999999999,0.0002933626574511603
-0.48099999999999987,0.0002933626574511603
-0.47500000000000053,0.0002933626574511603
-0.4560000000000004,0.0002933626574511603
-0.4560000000000004,0.0002933626574511603
-0.4500000000000002,0.0002933626574511603
-0.44399999999999995,0.0002933626574511603
-0.4400000000000004,0.0002933626574511603
-0.4320000000000004,0.0002933626574511603
-0.4320000000000004,0.0002933626574511603
-0.4270000000000005,0.0002933626574511603
-0.42600000000000016,0.0002933626574511603
-0.4240000000000004,0.0002933626574511603
-0.4240000000000004,0.0002933626574511603
-0.4249999999999998,0.0002933626574511603
-0.4240000000000004,0.0002933626574511603
-0.4240000000000004,0.0002933626574511603
-0.4249999999999998,0.0002933626574511603
-0.4249999999999998,0.0002933626574511603
-0.4240000000000004,0.0002933626574511603
-0.4240000000000004,0.0002933626574511603
-0.42600000000000016,0.0002933626574511603
-0.42600000000000016,0.0002933626574511603
-0.4240000000000004,0.0002933626574511603
-0.42300000000000004,0.0002933626574511603
-0.4240000000000004,0.0002933626574511603
-0.4249999999999998,0.0002933626574511603
-0.4249999999999998,0.0002933626574511603
-0.4240000000000004,0.0002933626574511603
-0.4249999999999998,0.0002933626574511603
-0.42300000000000004,0.0002933626574511603
-0.4249999999999998,0.0002933626574511603
