0.016000000000000014,0.9988911735210192
0.02799999999999958,0.9988911638119041
0.02799999999999958,0.9988911638118182
0.02799999999999958,0.9988711170226002
0.041999999999999815,0.9988703044088969
0.06099999999999994,0.9982439641163495
0.08499999999999996,0.998869798237035
0.11899999999999977,0.9983011658575645
0.1589999999999998,0.9988663029009054
0.1589999999999998,0.9988655944563833
0.20699999999999985,0.9979850470989702
0.26400000000000023,0.9988578540615101
0.26400000000000023,0.9979284734786397
0.3309999999999995,0.9988402702000944
0.40700000000000003,0.9988309927697644
0.4950000000000001,0.9859475758242985
0.4950000000000001,0.9987700832697022
0.593,0.9347632904700861
0.593,0.9985707945263554
0.7039999999999997,0.99857604210854
0.827,0.6409643553581504
0.827,0.9976896380998012
0.9629999999999992,0.2929262830766158
1.1099999999999994,0.9932758183276095
1.1099999999999994,0.21878937559922124
1.2699999999999996,0.984479732728033
1.440999999999999,0.9883272061718038
1.6210000000000004,0.9612458097037997
1.811,0.9612157476905733
2.01,0.9514850012386017
2.01,0.9514733818890616
2.2089999999999996,0.7330619536910596
2.414999999999999,0.7327966231465396
2.6270000000000007,0.5503931067060155
2.6270000000000007,0.4801780918906575
2.8409999999999993,0.47956061278681417
3.055999999999999,0.3611049234003469
3.055999999999999,0.35932695309881496
3.2680000000000007,0.2636992064465173
3.4830000000000005,0.24084485912412
3.6980000000000004,0.21938635164692524
3.6980000000000004,0.1559585015673297
3.9079999999999995,0.08900788912511227
4.119,0.03410214868851158
4.119,0.010674883696059427
4.333,0.003164344409277177
4.545,0.001208630378128833
4.76,0.0006313308036899043
4.76,0.0004530916272439888
4.974,0.0003445922587131103
5.1899999999999995,0.0003111284744858103
5.1899999999999995,0.0003025339747627274
5.1899999999999995,0.00029791642461923616
5.4079999999999995,0.00029624499230127216
5.632,0.0002958018620068534
5.8580000000000005,0.0002945986318851317
6.086,0.00029403878904203786
6.317,0.00029388672725830033
6.317,0.00029355421858672155
6.317,0.0002934527299631167
6.549999999999999,0.000293366663176554
6.784000000000001,0.0002932879119459444
7.02,0.0002932649039256316
7.260999999999999,0.0002933015000630985
7.260999999999999,0.00029331328001053116
7.504,0.0002933162258028148
7.753,0.00029331696245233794
8.007,0.0002933171466650981
8.007,0.00029331719273088667
8.266,0.0002933172042504841
8.53,0.00029331720713117145
8.796999999999999,0.0002933172078515403
8.796999999999999,0.0002933172080316817
9.068,0.00029331720807672943
9.344,0.0002933172080879944
9.629,0.0002933172080908114
9.629,0.00029331720809151594
9.915000000000001,0.00029331720809169207
10.203999999999999,0.0002933172080917362
10.203999999999999,0.00029331720809174725
10.203999999999999,0.00029331720809175
10.499999999999998,0.00029331720809175067
10.802000000000001,0.0002933172080917508
11.110000000000001,0.0002933172080917509
11.110000000000001,0.0002933172080917509
11.421000000000001,0.0002933172080917509
11.732000000000001,0.0002933172080917509
11.732000000000001,0.0002933172080917509
12.052000000000001,0.0002933172080917509
12.377,0.0002933172080917509
12.705,0.0002933172080917509
12.705,0.0002933172080917509
13.037,0.0002933172080917509
13.374999999999998,0.0002933172080917509
13.717,0.0002933172080917509
13.717,0.0002933172080917509
14.065,0.0002933172080917509
14.412,0.0002933172080917509
14.761000000000001,0.0002933172080917509
15.116000000000001,0.0002933172080917509
15.116000000000001,0.0002933172080917509
15.116000000000001,0.0002933172080917509
15.475,0.0002933172080917509
15.837000000000002,0.0002933172080917509
16.200000000000003,0.0002933172080917509
16.567999999999998,0.0002933172080917509
16.933999999999997,0.0002933172080917509
16.933999999999997,0.0002933172080917509
16.933999999999997,0.0002933172080917509
17.302,0.0002933172080917509
17.677,0.0002933172080917509
18.057000000000002,0.0002933172080917509
18.436999999999998,0.0002933172080917509
18.820999999999998,0.0002933172080917509
18.820999999999998,0.0002933172080917509
18.820999999999998,0.0002933172080917509
19.209000000000003,0.0002933172080917509
19.598,0.0002933172080917509
19.990000000000002,0.0002933172080917509
20.384999999999998,0.0002933172080917509
20.781,0.0002933172080917509
21.18,0.0002933172080917509
21.585,0.0002933172080917509
21.585,0.0002933172080917509
21.990000000000002,0.0002933172080917509
22.397,0.0002933172080917509
22.805999999999997,0.0002933172080917509
22.805999999999997,0.0002933172080917509
23.217,0.0002933172080917509
23.630000000000003,0.0002933172080917509
23.630000000000003,0.0002933172080917509
24.046,0.0002933172080917509
24.463,0.0002933172080917509
24.883000000000003,0.0002933172080917509
24.883000000000003,0.0002933172080917509
24.883000000000003,0.0002933172080917509
25.302,0.0002933172080917509
25.724000000000004,0.0002933172080917509
26.148000000000003,0.0002933172080917509
26.572000000000003,0.0002933172080917509
26.998000000000005,0.0002933172080917509
26.998000000000005,0.0002933172080917509
27.424,0.0002933172080917509
27.849000000000004,0.0002933172080917509
28.276000000000003,0.0002933172080917509
28.276000000000003,0.0002933172080917509
28.703000000000003,0.0002933172080917509
29.132000000000005,0.0002933172080917509
29.559000000000005,0.0002933172080917509
29.559000000000005,0.0002933172080917509
29.986000000000004,0.0002933172080917509
30.414,0.0002933172080917509
30.414,0.0002933172080917509
30.842,0.0002933172080917509
31.268,0.0002933172080917509
31.268,0.0002933172080917509
31.693000000000005,0.0002933172080917509
32.117000000000004,0.0002933172080917509
32.538000000000004,0.0002933172080917509
32.961,0.0002933172080917509
33.38,0.0002933172080917509
33.38,0.0002933172080917509
33.38,0.0002933172080917509
33.795,0.0002933172080917509
34.21,0.0002933172080917509
34.623000000000005,0.0002933172080917509
35.033,0.0002933172080917509
35.438,0.0002933172080917509
35.438,0.0002933172080917509
35.84,0.0002933172080917509
36.239000000000004,0.0002933172080917509
36.635000000000005,0.0002933172080917509
36.635000000000005,0.0002933172080917509
37.027,0.0002933172080917509
37.413000000000004,0.0002933172080917509
37.796,0.0002933172080917509
38.173,0.0002933172080917509
38.173,0.0002933172080917509
38.548,0.0002933172080917509
38.92,0.0002933172080917509
39.286,0.0002933172080917509
39.286,0.0002933172080917509
39.652,0.0002933172080917509
40.015,0.0002933172080917509
40.375,0.0002933172080917509
40.375,0.0002933172080917509
40.735,0.0002933172080917509
41.091,0.0002933172080917509
41.091,0.0002933172080917509
41.443000000000005,0.0002933172080917509
41.791000000000004,0.0002933172080917509
42.134,0.0002933172080917509
42.469,0.0002933172080917509
42.798,0.0002933172080917509
42.798,0.0002933172080917509
42.798,0.0002933172080917509
43.122,0.0002933172080917509
43.438,0.0002933172080917509
43.747,0.0002933172080917509
44.045,0.0002933172080917509
44.045,0.0002933172080917509
44.336,0.0002933172080917509
44.617000000000004,0.0002933172080917509
44.617000000000004,0.0002933172080917509
44.883,0.0002933172080917509
45.143,0.0002933172080917509
45.143,0.0002933172080917509
45.39,0.0002933172080917509
45.626000000000005,0.0002933172080917509
45.626000000000005,0.0002933172080917509
45.852000000000004,0.0002933172080917509
46.063,0.0002933172080917509
46.262,0.0002933172080917509
46.262,0.0002933172080917509
46.445,0.0002933172080917509
46.611000000000004,0.0002933172080917509
46.611000000000004,0.0002933172080917509
46.764,0.0002933172080917509
46.904,0.0002933172080917509
47.03,0.0002933172080917509
47.03,0.0002933172080917509
47.143,0.0002933172080917509
47.242000000000004,0.0002933172080917509
47.242000000000004,0.0002933172080917509
47.327,0.0002933172080917509
47.398,0.0002933172080917509
47.453,0.0002933172080917509
47.494,0.0002933172080917509
47.522,0.0002933172080917509
47.535000000000004,0.0002933172080917509
47.535000000000004,0.0002933172080917509
47.537,0.0002933172080917509
47.521,0.0002933172080917509
47.521,0.0002933172080917509
47.496,0.0002933172080917509
47.454,0.0002933172080917509
47.454,0.0002933172080917509
47.401,0.0002933172080917509
47.333,0.0002933172080917509
47.255,0.0002933172080917509
47.165,0.0002933172080917509
47.065000000000005,0.0002933172080917509
47.065000000000005,0.0002933172080917509
46.953,0.0002933172080917509
46.83,0.0002933172080917509
46.698,0.0002933172080917509
46.698,0.0002933172080917509
46.558,0.0002933172080917509
46.4,0.0002933172080917509
46.225,0.0002933172080917509
46.042,0.0002933172080917509
45.853,0.0002933172080917509
45.660000000000004,0.0002933172080917509
45.452,0.0002933172080917509
45.452,0.0002933172080917509
45.226,0.0002933172080917509
44.986000000000004,0.0002933172080917509
44.986000000000004,0.0002933172080917509
44.739000000000004,0.0002933172080917509
44.482,0.0002933172080917509
44.212,0.0002933172080917509
44.212,0.0002933172080917509
44.212,0.0002933172080917509
43.93,0.0002933172080917509
43.642,0.0002933172080917509
43.342,0.0002933172080917509
43.037,0.0002933172080917509
42.718,0.0002933172080917509
42.718,0.0002933172080917509
42.396,0.0002933172080917509
42.066,0.0002933172080917509
41.729,0.0002933172080917509
41.386,0.0002933172080917509
41.036,0.0002933172080917509
41.036,0.0002933172080917509
40.678000000000004,0.0002933172080917509
40.313,0.0002933172080917509
39.938,0.0002933172080917509
39.938,0.0002933172080917509
39.564,0.0002933172080917509
39.185,0.0002933172080917509
38.800000000000004,0.0002933172080917509
38.404,0.0002933172080917509
38.404,0.0002933172080917509
38.007000000000005,0.0002933172080917509
37.604,0.0002933172080917509
37.193000000000005,0.0002933172080917509
37.193000000000005,0.0002933172080917509
36.778,0.0002933172080917509
36.356,0.0002933172080917509
35.931000000000004,0.0002933172080917509
35.499,0.0002933172080917509
35.499,0.0002933172080917509
35.062000000000005,0.0002933172080917509
35.062000000000005,0.0002933172080917509
34.624,0.0002933172080917509
34.181000000000004,0.0002933172080917509
33.730000000000004,0.0002933172080917509
33.272,0.0002933172080917509
32.814,0.0002933172080917509
32.814,0.0002933172080917509
32.356,0.0002933172080917509
31.891,0.0002933172080917509
31.424,0.0002933172080917509
31.424,0.0002933172080917509
30.955,0.0002933172080917509
30.481,0.0002933172080917509
30.481,0.0002933172080917509
30.006,0.0002933172080917509
29.525,0.0002933172080917509
29.044000000000004,0.0002933172080917509
29.044000000000004,0.0002933172080917509
28.557000000000002,0.0002933172080917509
28.068000000000005,0.0002933172080917509
27.576,0.0002933172080917509
27.079,0.0002933172080917509
26.578000000000003,0.0002933172080917509
26.578000000000003,0.0002933172080917509
26.073999999999998,0.0002933172080917509
25.569000000000003,0.0002933172080917509
25.569000000000003,0.0002933172080917509
25.060000000000002,0.0002933172080917509
24.548000000000002,0.0002933172080917509
24.04,0.0002933172080917509
23.527,0.0002933172080917509
23.012,0.0002933172080917509
23.012,0.0002933172080917509
22.499000000000002,0.0002933172080917509
21.982,0.0002933172080917509
21.464999999999996,0.0002933172080917509
21.464999999999996,0.0002933172080917509
20.951999999999998,0.0002933172080917509
20.439999999999998,0.0002933172080917509
19.926000000000002,0.0002933172080917509
19.415,0.0002933172080917509
18.906,0.0002933172080917509
18.393,0.0002933172080917509
18.393,0.0002933172080917509
17.881999999999998,0.0002933172080917509
17.375,0.0002933172080917509
16.869999999999997,0.0002933172080917509
16.363999999999997,0.0002933172080917509
16.363999999999997,0.0002933172080917509
15.862,0.0002933172080917509
15.363000000000001,0.0002933172080917509
15.363000000000001,0.0002933172080917509
14.866000000000001,0.0002933172080917509
14.371999999999998,0.0002933172080917509
13.877999999999998,0.0002933172080917509
13.388,0.0002933172080917509
12.901000000000002,0.0002933172080917509
12.418000000000001,0.0002933172080917509
11.94,0.0002933172080917509
11.469,0.0002933172080917509
11.002,0.0002933172080917509
11.002,0.0002933172080917509
10.543999999999999,0.0002933172080917509
10.092,0.0002933172080917509
9.648000000000001,0.0002933172080917509
9.209999999999999,0.0002933172080917509
8.781,0.0002933172080917509
8.361,0.0002933172080917509
8.361,0.0002933172080917509
7.949999999999999,0.0002933172080917509
7.545,0.0002933172080917509
7.154,0.0002933172080917509
6.769,0.0002933172080917509
6.395,0.0002933172080917509
6.395,0.0002933172080917509
6.029,0.0002933172080917509
5.670999999999999,0.0002933172080917509
5.32,0.0002933172080917509
4.978999999999999,0.0002933172080917509
4.645999999999999,0.0002933172080917509
4.315999999999999,0.0002933172080917509
3.9939999999999998,0.0002933172080917509
3.6790000000000003,0.0002933172080917509
3.369999999999999,0.0002933172080917509
3.369999999999999,0.0002933172080917509
3.0760000000000005,0.0002933172080917509
2.7889999999999997,0.0002933172080917509
2.5060000000000002,0.0002933172080917509
2.24,0.0002933172080917509
2.24,0.0002933172080917509
1.9830000000000005,0.0002933172080917509
1.7360000000000007,0.0002933172080917509
1.5009999999999994,0.0002933172080917509
1.2769999999999992,0.0002933172080917509
1.0700000000000003,0.0002933172080917509
0.875,0.0002933172080917509
0.6970000000000001,0.0002933172080917509
0.6970000000000001,0.00029327168511474077
0.6970000000000001,0.00029325747812995344
0.5300000000000002,0.0002934199541120482
0.3799999999999999,0.00029347091483861436
0.24099999999999966,0.0002934836650474547
0.11399999999999988,0.0004639508785824205
-0.001000000000000334,0.0005623986438769484
-0.10200000000000031,0.0005268110939565884
-0.1930000000000005,0.0005003338512919492
-0.27200000000000024,0.0008038843893089375
-0.3440000000000003,0.0011494533625495626
-0.4039999999999999,0.0014311752160592606
-0.45500000000000007,0.0016609051967812712
-0.4930000000000003,0.00297572459855348
-0.5350000000000001,0.008518674506675015
-0.5680000000000005,0.02263497796844608
-0.5840000000000005,0.057080772137299854
-0.5840000000000005,0.16132594071705506
-0.5970000000000004,0.5414959869285518
-0.5970000000000004,0.806715706408984
-0.6040000000000001,0.8659254448824181
-0.601,0.9259300997777448
-0.5970000000000004,0.9274430101839195
-0.5920000000000005,0.9275594095662835
-0.5830000000000002,0.9275683505100286
-0.5700000000000003,0.99022679866533
-0.5540000000000003,0.2025826068635138
-0.54,0.27859626050985364
-0.5289999999999999,0.9838615863217841
-0.5289999999999999,0.7519205357784964
-0.5150000000000006,0.9983487250712707
-0.5019999999999998,0.9591470739605482
-0.4889999999999999,0.9950425921407609
-0.48099999999999987,0.9988643112279033
-0.47500000000000053,0.9985447476780195
-0.4560000000000004,0.9986355536605408
-0.4500000000000002,0.9988663842024502
-0.44399999999999995,0.9988894445793028
-0.44399999999999995,0.9988826403835999
-0.4400000000000004,0.9988910158991146
-0.4320000000000004,0.9988910293199792
-0.4320000000000004,0.9988886021057611
-0.4270000000000005,0.998886110780361
-0.42600000000000016,0.9988846181774826
-0.4240000000000004,0.9988897271794628
-0.4249999999999998,0.9988859132373558
-0.4240000000000004,0.9988827436552792
-0.4240000000000004,0.9988888407864213
-0.4249999999999998,0.9988530638695297
