-0.0009999999999998899,0.9988911638119041
0.001000000000000112,0.9988911638118182
0.001000000000000112,0.9988631333961501
0.001000000000000112,0.9988677436753912
0.001000000000000112,0.9988632279249718
0.001000000000000112,0.9988630160377268
0.001000000000000112,0.9988633367819507
0.0,0.9988719962417174
0.0020000000000000018,0.9988634888718474
0.0040000000000000036,0.998863066393041
0.0040000000000000036,0.9988631193843059
0.008000000000000007,0.9988734283052363
0.016000000000000014,0.9988632225528787
0.016000000000000014,0.9988632159497924
0.027000000000000135,0.998862919385862
0.04100000000000015,0.9988773040337053
0.05900000000000016,0.9988627985411757
0.05900000000000016,0.9988625382242939
0.08400000000000007,0.9988621048758847
0.11300000000000021,0.9983679935646904
0.15500000000000003,0.9988596900403613
0.15500000000000003,0.9981341346959279
0.20399999999999996,0.9988546689190398
0.26600000000000024,0.9954708746929893
0.33699999999999997,0.9988682766527326
0.33699999999999997,0.9904744357409672
0.41600000000000015,0.9988028991774123
0.5080000000000002,0.993191617764649
0.6119999999999999,0.9987290672543316
0.6119999999999999,0.9986806279436546
0.7270000000000001,0.8920548486989799
0.7270000000000001,0.9982779822628716
0.8510000000000002,0.7946470276424756
0.9890000000000001,0.9971808504326634
1.1370000000000002,0.2282868455345626
1.2980000000000003,0.9917327744462526
1.2980000000000003,0.2000263981769999
1.47,0.9801398601724554
1.652,0.9916618783036262
1.652,0.9917340089161564
1.8459999999999999,0.9917345295298032
2.0469999999999997,0.8760953689735379
2.261,0.8284344230198808
2.4850000000000003,0.8283493107820925
2.4850000000000003,0.6584730161338652
2.716,0.6581879310086589
2.9590000000000005,0.45322004174529273
2.9590000000000005,0.4525368066507494
3.21,0.301788049562947
3.4670000000000005,0.29938799275657635
3.731,0.22161841157675774
3.731,0.1963000498449538
4.005,0.1563664370926326
4.288,0.08447357500667943
4.288,0.031380563663119206
4.578,0.009119270422825091
4.876,0.0025812456297087125
5.180000000000001,0.0008735193684157661
5.180000000000001,0.0004403336202964737
5.492,0.00033126968866806336
5.813000000000001,0.0003038661025753727
6.138,0.0002969841419288655
6.473000000000001,0.00029525607188124014
6.473000000000001,0.00029482216500587087
6.809000000000001,0.0002947132147603798
7.1579999999999995,0.00029468585835605734
7.51,0.00029467898941810294
7.873000000000001,0.0002946772646920742
8.243,0.00029467683162952534
8.243,0.00029467672289157707
8.619,0.0002946766955884971
8.619,0.0002946766887329496
9.009,0.00029467668701158587
9.402000000000001,0.0002946766865793675
9.804,0.0002946766864708416
10.213000000000001,0.0002946766864435917
10.213000000000001,0.00029467668643674946
10.628,0.0002946766864350314
11.051,0.0002946766864346001
11.482000000000001,0.00029467668643449183
11.482000000000001,0.00029467668643446456
11.92,0.00029467668643445773
12.361,0.0002946766864344561
12.808,0.00029467668643445567
12.808,0.00029467668643445556
12.808,0.00029467668643445556
13.26,0.00029467668643445556
13.72,0.00029467668643445556
14.180000000000001,0.00029467668643445556
14.641,0.00029467668643445556
15.104000000000001,0.00029467668643445556
15.574,0.00029467668643445556
16.044999999999998,0.00029467668643445556
16.517,0.00029467668643445556
16.988999999999997,0.00029467668643445556
16.988999999999997,0.00029467668643445556
17.464,0.00029467668643445556
17.464,0.00029467668643445556
17.944,0.00029467668643445556
18.421999999999997,0.00029467668643445556
18.898,0.00029467668643445556
19.372999999999998,0.00029467668643445556
19.372999999999998,0.00029467668643445556
19.848,0.00029467668643445556
20.323999999999998,0.00029467668643445556
20.799,0.00029467668643445556
20.799,0.00029467668643445556
21.272,0.00029467668643445556
21.744999999999997,0.00029467668643445556
21.744999999999997,0.00029467668643445556
22.218999999999998,0.00029467668643445556
22.218999999999998,0.00029467668643445556
22.694,0.00029467668643445556
23.168999999999997,0.00029467668643445556
23.642999999999997,0.00029467668643445556
24.113999999999997,0.00029467668643445556
24.113999999999997,0.00029467668643445556
24.584999999999997,0.00029467668643445556
25.052999999999997,0.00029467668643445556
25.52,0.00029467668643445556
25.52,0.00029467668643445556
25.988,0.00029467668643445556
26.453999999999997,0.00029467668643445556
26.915999999999997,0.00029467668643445556
26.915999999999997,0.00029467668643445556
26.915999999999997,0.00029467668643445556
27.383,0.00029467668643445556
27.845,0.00029467668643445556
28.305999999999997,0.00029467668643445556
28.762999999999998,0.00029467668643445556
28.762999999999998,0.00029467668643445556
29.221,0.00029467668643445556
29.68,0.00029467668643445556
30.135999999999996,0.00029467668643445556
30.592,0.00029467668643445556
30.592,0.00029467668643445556
31.049,0.00029467668643445556
31.501999999999995,0.00029467668643445556
31.501999999999995,0.00029467668643445556
31.958,0.00029467668643445556
32.412,0.00029467668643445556
32.862,0.00029467668643445556
33.311,0.00029467668643445556
33.762,0.00029467668643445556
34.214,0.00029467668643445556
34.214,0.00029467668643445556
34.665,0.00029467668643445556
35.115,0.00029467668643445556
35.565999999999995,0.00029467668643445556
36.016999999999996,0.00029467668643445556
36.016999999999996,0.00029467668643445556
36.016999999999996,0.00029467668643445556
36.472,0.00029467668643445556
36.923,0.00029467668643445556
37.376,0.00029467668643445556
37.829,0.00029467668643445556
37.829,0.00029467668643445556
38.284,0.00029467668643445556
38.739,0.00029467668643445556
39.193,0.00029467668643445556
39.193,0.00029467668643445556
39.649,0.00029467668643445556
40.108,0.00029467668643445556
40.568,0.00029467668643445556
40.568,0.00029467668643445556
41.033,0.00029467668643445556
41.498,0.00029467668643445556
41.966,0.00029467668643445556
42.433,0.00029467668643445556
42.903999999999996,0.00029467668643445556
42.903999999999996,0.00029467668643445556
43.376,0.00029467668643445556
43.85,0.00029467668643445556
43.85,0.00029467668643445556
44.324999999999996,0.00029467668643445556
44.803,0.00029467668643445556
45.281,0.00029467668643445556
45.281,0.00029467668643445556
45.757999999999996,0.00029467668643445556
46.235,0.00029467668643445556
46.713,0.00029467668643445556
47.189,0.00029467668643445556
47.189,0.00029467668643445556
47.664,0.00029467668643445556
48.138,0.00029467668643445556
48.61,0.00029467668643445556
48.61,0.00029467668643445556
49.085,0.00029467668643445556
49.555,0.00029467668643445556
50.025,0.00029467668643445556
50.025,0.00029467668643445556
50.492999999999995,0.00029467668643445556
50.958999999999996,0.00029467668643445556
51.423,0.00029467668643445556
51.423,0.00029467668643445556
51.885999999999996,0.00029467668643445556
52.347,0.00029467668643445556
52.804,0.00029467668643445556
53.260999999999996,0.00029467668643445556
53.260999999999996,0.00029467668643445556
53.716,0.00029467668643445556
54.171,0.00029467668643445556
54.623,0.00029467668643445556
54.623,0.00029467668643445556
54.623,0.00029467668643445556
55.071,0.00029467668643445556
55.516,0.00029467668643445556
55.954,0.00029467668643445556
56.388,0.00029467668643445556
56.817,0.00029467668643445556
56.817,0.00029467668643445556
57.238,0.00029467668643445556
57.649,0.00029467668643445556
58.043,0.00029467668643445556
58.423,0.00029467668643445556
58.788,0.00029467668643445556
58.788,0.00029467668643445556
59.135,0.00029467668643445556
59.467,0.00029467668643445556
59.783,0.00029467668643445556
60.080999999999996,0.00029467668643445556
60.365,0.00029467668643445556
60.365,0.00029467668643445556
60.632,0.00029467668643445556
60.884,0.00029467668643445556
61.12,0.00029467668643445556
61.339,0.00029467668643445556
61.543,0.00029467668643445556
61.543,0.00029420244459612605
61.543,0.0002940539855886235
61.729,0.00037135284449124156
61.900999999999996,0.00040405886853628244
62.055,0.0005975916718516252
62.19499999999999,0.0007426982354507361
62.316,0.0015085551092128442
62.423,0.0037201718996897797
62.516000000000005,0.008076795694082008
62.516000000000005,0.02388624841315001
62.601,0.07491868263688864
62.679,0.13003957259239335
62.751000000000005,0.21828385595079394
62.751000000000005,0.8510748421327943
62.751000000000005,0.4318926313326943
62.81399999999999,0.9968848436471247
62.870999999999995,0.6957082352325674
62.916,0.9473011099448061
62.95099999999999,0.9986019905065936
62.974999999999994,0.9362364349442686
62.982,0.9987732528995351
62.976,0.9833148590770643
62.976,0.9988186770106539
62.968,0.99796252450279
62.97,0.9974934633744361
62.973,0.9988738429111345
62.973,0.9981041300643688
62.974000000000004,0.9985653395815961
62.973,0.9988686095362428
62.97,0.9981261688122697
62.973,0.9985111825208823
62.973,0.9981079371012788
62.973,0.9988769336887213
62.973,0.9981244777364275
62.973,0.9988685161345913
62.973,0.9984517469525148
62.973,0.9988693158507839
62.973,0.9988693158507839
62.973,0.9988693158507839
62.973,0.9988693158507839
62.973,0.9988693158507839
62.973,0.9988693158507839
62.973,0.9988693158507839
62.973,0.9988693158507839
62.973,0.9988693158507839
62.973,0.9988693158507839
62.973,0.9988693158507839
62.973,0.9988693158507839
62.973,0.9988693158507839
62.973,0.9988693158507839
62.973,0.9988693158507839
62.973,0.9988693158507839
62.973,0.9988693158507839
62.973,0.9988693158507839
62.973,0.9988693158507839
62.973,0.9988693158507839
62.973,0.9988693158507839
62.973,0.9988693158507839
