0.016000000000000014,0.9988911735210192
0.02799999999999958,0.9988911638119041
0.02799999999999958,0.9988911638118182
0.02799999999999958,0.9988711170226002
0.041999999999999815,0.9982436057468608
0.06099999999999994,0.9988706236400007
0.08499999999999996,0.9988704887736417
0.11899999999999977,0.9983011658779327
0.1589999999999998,0.9988663029009176
0.1589999999999998,0.9981014674518899
0.20699999999999985,0.9988612125210145
0.26400000000000023,0.99659133186879
0.3309999999999995,0.9988732441159324
0.3309999999999995,0.9988413131563557
0.40700000000000003,0.9882924630421647
0.4950000000000001,0.9988061790756313
0.4950000000000001,0.9987844259289318
0.4950000000000001,0.9347632920221551
0.593,0.9985707946401075
0.7039999999999997,0.998576042108569
0.827,0.6409643553581504
0.827,0.9976896380998012
0.9629999999999992,0.2929262830766158
1.1099999999999994,0.25803041279567374
1.1099999999999994,0.9815210297221335
1.2699999999999996,0.19977635634730517
1.440999999999999,0.9824100273376873
1.6210000000000004,0.9611904018793395
1.811,0.9612135779652368
2.01,0.9514849171333698
2.01,0.9514733777019383
2.2089999999999996,0.9514728032122945
2.414999999999999,0.5958962332306751
2.6270000000000007,0.550265622094397
2.6270000000000007,0.5498537849269832
2.8409999999999993,0.3895593221206965
3.055999999999999,0.388430819871572
3.2680000000000007,0.39670219505555077
3.2680000000000007,0.2641495110872904
3.4830000000000005,0.2564503077993057
3.6980000000000004,0.30213738317247224
3.6980000000000004,0.2726626448138602
3.9079999999999995,0.14733420624750018
4.119,0.08013529910229833
4.119,0.029505196833786985
4.333,0.00891087102958472
4.545,0.0026529793734856276
4.76,0.0009351321245968118
4.76,0.0004689945956841985
4.974,0.00034711652636165664
5.1899999999999995,0.0003107852598923812
5.1899999999999995,0.0003012272577983018
5.4079999999999995,0.00029716146602231687
5.632,0.0002955082625221904
5.8580000000000005,0.0002950598026572873
5.8580000000000005,0.00029418977967415693
6.086,0.00029378889481271087
6.317,0.00029368009783861855
6.317,0.00029344582283248296
6.549999999999999,0.0002933743646903683
6.784000000000001,0.0002932906088982467
7.02,0.0002932655782265929
7.02,0.000293301668678377
7.260999999999999,0.0002933133221758775
7.504,0.00029331623634703494
7.753,0.00029327334519188135
8.007,0.00029325991422539534
8.007,0.0002932565561892879
8.266,0.0002932557166066862
8.266,0.0002932555066926437
8.53,0.0002932554542095348
8.796999999999999,0.00029325544108760803
8.796999999999999,0.0002932554378068388
9.068,0.00029325543698657466
9.344,0.00029325543678149067
9.629,0.00029325543673021517
9.915000000000001,0.00029325543671739524
10.203999999999999,0.00029325543671418995
10.203999999999999,0.0002932554367133885
10.203999999999999,0.0002932554367131882
10.499999999999998,0.0002932554367131381
10.802000000000001,0.00029325543671312554
11.110000000000001,0.00029325543671312245
11.421000000000001,0.00029325543671312164
11.732000000000001,0.0002932554367131214
11.732000000000001,0.0002932554367131214
11.732000000000001,0.0002932554367131214
12.052000000000001,0.0002932554367131214
12.377,0.0002932554367131214
12.705,0.0002932554367131214
13.037,0.0002932554367131214
13.037,0.0002932554367131214
13.374999999999998,0.0002932554367131214
13.717,0.0002932554367131214
14.065,0.0002932554367131214
14.412,0.0002932554367131214
14.412,0.0002932554367131214
14.761000000000001,0.0002932554367131214
15.116000000000001,0.0002932554367131214
15.116000000000001,0.0002932554367131214
15.116000000000001,0.0002932554367131214
15.475,0.0002932554367131214
15.837000000000002,0.0002932554367131214
16.200000000000003,0.0002932554367131214
16.567999999999998,0.0002932554367131214
16.933999999999997,0.0002932554367131214
16.933999999999997,0.0002932554367131214
17.302,0.0002932554367131214
17.677,0.0002932554367131214
18.057000000000002,0.0002932554367131214
18.057000000000002,0.0002932554367131214
18.436999999999998,0.0002932554367131214
18.820999999999998,0.0002932554367131214
18.820999999999998,0.0002932554367131214
19.209000000000003,0.0002932554367131214
19.598,0.0002932554367131214
19.990000000000002,0.0002932554367131214
20.384999999999998,0.0002932554367131214
20.781,0.0002932554367131214
21.18,0.0002932554367131214
21.18,0.0002932554367131214
21.585,0.0002932554367131214
21.990000000000002,0.0002932554367131214
21.990000000000002,0.0002932554367131214
22.397,0.0002932554367131214
22.805999999999997,0.0002932554367131214
22.805999999999997,0.0002932554367131214
23.217,0.0002932554367131214
23.630000000000003,0.0002932554367131214
24.046,0.0002932554367131214
24.463,0.0002932554367131214
24.883000000000003,0.0002932554367131214
24.883000000000003,0.0002932554367131214
24.883000000000003,0.0002932554367131214
25.302,0.0002932554367131214
25.724000000000004,0.0002932554367131214
26.148000000000003,0.0002932554367131214
26.572000000000003,0.0002932554367131214
26.998000000000005,0.0002932554367131214
26.998000000000005,0.0002932554367131214
26.998000000000005,0.0002932554367131214
27.424,0.0002932554367131214
27.849000000000004,0.0002932554367131214
28.276000000000003,0.0002932554367131214
28.703000000000003,0.0002932554367131214
29.132000000000005,0.0002932554367131214
29.132000000000005,0.0002932554367131214
29.559000000000005,0.0002932554367131214
29.986000000000004,0.0002932554367131214
30.414,0.0002932554367131214
30.414,0.0002932554367131214
30.842,0.0002932554367131214
31.268,0.0002932554367131214
31.268,0.0002932554367131214
31.268,0.0002932554367131214
31.693000000000005,0.0002932554367131214
32.117000000000004,0.0002932554367131214
32.538000000000004,0.0002932554367131214
32.961,0.0002932554367131214
33.38,0.0002932554367131214
33.38,0.0002932554367131214
33.795,0.0002932554367131214
34.21,0.0002932554367131214
34.623000000000005,0.0002932554367131214
35.033,0.0002932554367131214
35.438,0.0002932554367131214
35.438,0.0002932554367131214
35.84,0.0002932554367131214
36.239000000000004,0.0002932554367131214
36.635000000000005,0.0002932554367131214
37.027,0.0002932554367131214
37.413000000000004,0.0002932554367131214
37.413000000000004,0.0002932554367131214
37.796,0.0002932554367131214
38.173,0.0002932554367131214
38.548,0.0002932554367131214
38.548,0.0002932554367131214
38.92,0.0002932554367131214
39.286,0.0002932554367131214
39.286,0.0002932554367131214
39.652,0.0002932554367131214
40.015,0.0002932554367131214
40.375,0.0002932554367131214
40.375,0.0002932554367131214
40.735,0.0002932554367131214
41.091,0.0002932554367131214
41.091,0.0002932554367131214
41.443000000000005,0.0002932554367131214
41.791000000000004,0.0002932554367131214
42.134,0.0002932554367131214
42.469,0.0002932554367131214
42.798,0.0002932554367131214
42.798,0.0002932554367131214
43.122,0.0002932554367131214
43.438,0.0002932554367131214
43.438,0.0002932554367131214
43.747,0.0002932554367131214
44.045,0.0002932554367131214
44.336,0.0002932554367131214
44.336,0.0002932554367131214
44.617000000000004,0.0002932554367131214
44.883,0.0002932554367131214
45.143,0.0002932554367131214
45.143,0.0002932554367131214
45.39,0.0002932554367131214
45.626000000000005,0.0002932554367131214
45.626000000000005,0.0002932554367131214
45.626000000000005,0.0002932554367131214
45.852000000000004,0.0002932554367131214
46.063,0.0002932554367131214
46.262,0.0002932554367131214
46.445,0.0002932554367131214
46.611000000000004,0.0002932554367131214
46.611000000000004,0.0002932554367131214
46.764,0.0002932554367131214
46.904,0.0002932554367131214
47.03,0.0002932554367131214
47.03,0.0002932554367131214
47.143,0.0002932554367131214
47.242000000000004,0.0002932554367131214
47.242000000000004,0.0002932554367131214
47.327,0.0002932554367131214
47.398,0.0002932554367131214
47.453,0.0002932554367131214
47.494,0.0002932554367131214
47.522,0.0002932554367131214
47.535000000000004,0.0002932554367131214
47.535000000000004,0.0002932554367131214
47.537,0.0002932554367131214
47.521,0.0002932554367131214
47.521,0.0002932554367131214
47.496,0.0002932554367131214
47.454,0.0002932554367131214
47.454,0.0002932554367131214
47.401,0.0002932554367131214
47.333,0.0002932554367131214
47.255,0.0002932554367131214
47.165,0.0002932554367131214
47.065000000000005,0.0002932554367131214
47.065000000000005,0.0002932554367131214
46.953,0.0002932554367131214
46.83,0.0002932554367131214
46.698,0.0002932554367131214
46.558,0.0002932554367131214
46.4,0.0002932554367131214
46.4,0.0002932554367131214
46.4,0.0002932554367131214
46.225,0.0002932554367131214
46.042,0.0002932554367131214
45.853,0.0002932554367131214
45.660000000000004,0.0002932554367131214
45.452,0.0002932554367131214
45.452,0.0002932554367131214
45.226,0.0002932554367131214
44.986000000000004,0.0002932554367131214
44.739000000000004,0.0002932554367131214
44.739000000000004,0.0002932554367131214
44.482,0.0002932554367131214
44.212,0.0002932554367131214
44.212,0.0002932554367131214
43.93,0.0002932554367131214
43.642,0.0002932554367131214
43.342,0.0002932554367131214
43.037,0.0002932554367131214
43.037,0.0002932554367131214
42.718,0.0002932554367131214
42.718,0.0002932554367131214
42.396,0.0002932554367131214
42.066,0.0002932554367131214
41.729,0.0002932554367131214
41.386,0.0002932554367131214
41.036,0.0002932554367131214
41.036,0.0002932554367131214
40.678000000000004,0.0002932554367131214
40.313,0.0002932554367131214
40.313,0.0002932554367131214
39.938,0.0002932554367131214
39.564,0.0002932554367131214
39.185,0.0002932554367131214
39.185,0.0002932554367131214
38.800000000000004,0.0002932554367131214
38.404,0.0002932554367131214
38.007000000000005,0.0002932554367131214
38.007000000000005,0.0002932554367131214
37.604,0.0002932554367131214
37.193000000000005,0.0002932554367131214
37.193000000000005,0.0002932554367131214
36.778,0.0002932554367131214
36.356,0.0002932554367131214
35.931000000000004,0.0002932554367131214
35.499,0.0002932554367131214
35.062000000000005,0.0002932554367131214
35.062000000000005,0.0002932554367131214
34.624,0.0002932554367131214
34.181000000000004,0.0002932554367131214
33.730000000000004,0.0002932554367131214
33.730000000000004,0.0002932554367131214
33.272,0.0002932554367131214
32.814,0.0002932554367131214
32.814,0.0002932554367131214
32.356,0.0002932554367131214
31.891,0.0002932554367131214
31.424,0.0002932554367131214
30.955,0.0002932554367131214
30.481,0.0002932554367131214
30.481,0.0002932554367131214
30.006,0.0002932554367131214
29.525,0.0002932554367131214
29.044000000000004,0.0002932554367131214
29.044000000000004,0.0002932554367131214
28.557000000000002,0.0002932554367131214
28.068000000000005,0.0002932554367131214
27.576,0.0002932554367131214
27.079,0.0002932554367131214
26.578000000000003,0.0002932554367131214
26.578000000000003,0.0002932554367131214
26.073999999999998,0.0002932554367131214
25.569000000000003,0.0002932554367131214
25.569000000000003,0.0002932554367131214
25.060000000000002,0.0002932554367131214
24.548000000000002,0.0002932554367131214
24.04,0.0002932554367131214
23.527,0.0002932554367131214
23.012,0.0002932554367131214
23.012,0.0002932554367131214
22.499000000000002,0.0002932554367131214
21.982,0.0002932554367131214
21.464999999999996,0.0002932554367131214
20.951999999999998,0.0002932554367131214
20.439999999999998,0.0002932554367131214
19.926000000000002,0.0002932554367131214
19.415,0.0002932554367131214
19.415,0.0002932554367131214
18.906,0.0002932554367131214
18.393,0.0002932554367131214
17.881999999999998,0.0002932554367131214
17.881999999999998,0.0002932554367131214
17.375,0.0002932554367131214
16.869999999999997,0.0002932554367131214
16.363999999999997,0.0002932554367131214
16.363999999999997,0.0002932554367131214
15.862,0.0002932554367131214
15.363000000000001,0.0002932554367131214
15.363000000000001,0.0002932554367131214
14.866000000000001,0.0002932554367131214
14.371999999999998,0.0002932554367131214
13.877999999999998,0.0002932554367131214
13.388,0.0002932554367131214
12.901000000000002,0.0002932554367131214
12.901000000000002,0.0002932554367131214
12.418000000000001,0.0002932554367131214
11.94,0.0002932554367131214
11.469,0.0002932554367131214
11.002,0.0002932554367131214
10.543999999999999,0.0002932554367131214
10.092,0.0002932554367131214
9.648000000000001,0.0002932554367131214
9.648000000000001,0.0002932554367131214
9.209999999999999,0.0002932554367131214
8.781,0.0002932554367131214
8.361,0.0002932554367131214
8.361,0.0002932554367131214
7.949999999999999,0.0002932554367131214
7.545,0.0002932554367131214
7.154,0.0002932554367131214
6.769,0.0002932554367131214
6.395,0.0002932554367131214
6.395,0.0002932554367131214
6.029,0.0002932554367131214
5.670999999999999,0.0002932554367131214
5.32,0.0002932554367131214
4.978999999999999,0.0002932554367131214
4.645999999999999,0.0002932554367131214
4.315999999999999,0.0002932554367131214
3.9939999999999998,0.0002932554367131214
3.6790000000000003,0.0002932554367131214
3.6790000000000003,0.0002932554367131214
3.369999999999999,0.0002932554367131214
3.0760000000000005,0.0002932554367131214
2.7889999999999997,0.0002932554367131214
2.5060000000000002,0.0002932554367131214
2.24,0.0002932554367131214
2.24,0.0002932554367131214
1.9830000000000005,0.0002932554367131214
1.7360000000000007,0.0002932554367131214
1.5009999999999994,0.0002932554367131214
1.2769999999999992,0.0002932554367131214
1.0700000000000003,0.0002932554367131214
0.875,0.0002932554367131214
0.6970000000000001,0.0002932554367131214
0.6970000000000001,0.0002932554367131214
0.6970000000000001,0.0002932554367131214
0.5300000000000002,0.000293419561576152
0.3799999999999999,0.0002934708166274226
0.24099999999999966,0.0002934836404753277
0.11399999999999988,0.0004639508688637264
-0.001000000000000334,0.0005623986393822686
-0.10200000000000031,0.000607936161187567
-0.1930000000000005,0.0006290049312883304
-0.27200000000000024,0.0006387538881295397
-0.3440000000000003,0.0011118619471034747
-0.4039999999999999,0.0019396248274534864
-0.45500000000000007,0.002935101466742462
-0.4930000000000003,0.00546722617579849
-0.5350000000000001,0.014906590813469577
-0.5350000000000001,0.0384831146234293
-0.5680000000000005,0.10940805093659846
-0.5840000000000005,0.38370529650908625
-0.5840000000000005,0.6961849483134279
-0.5970000000000004,0.8798704831509182
-0.6040000000000001,0.9108383160184595
-0.601,0.913817182856276
-0.5970000000000004,0.9140940695624276
-0.5920000000000005,0.9141197231104299
-0.5830000000000002,0.914122099197463
-0.5700000000000003,0.9902062707193985
-0.5540000000000003,0.20258257046386202
-0.54,0.2785960645996716
-0.5289999999999999,0.9838598253529347
-0.5289999999999999,0.7519205341065504
-0.5150000000000006,0.9079888255469688
-0.5019999999999998,0.9986710779998772
-0.4889999999999999,0.9950878648774781
-0.48099999999999987,0.998234747986281
-0.47500000000000053,0.9987244184533364
-0.4560000000000004,0.9987579061158793
-0.4500000000000002,0.9988881564485328
-0.44399999999999995,0.9988749211704994
-0.44399999999999995,0.9988903351568255
-0.4400000000000004,0.9988911315032354
-0.4320000000000004,0.9988901855355342
-0.4270000000000005,0.9988873421739085
-0.42600000000000016,0.9988851340818748
-0.4240000000000004,0.998889788418002
-0.4240000000000004,0.9988861459800384
-0.4249999999999998,0.9988833470548593
-0.4240000000000004,0.9988894393094551
-0.4249999999999998,0.9988730226394967
-0.4249999999999998,0.9987972653441111
-0.4240000000000004,0.4282633931812688
-0.4240000000000004,0.9949132338658775
-0.42600000000000016,0.9980316933593444
-0.4240000000000004,0.9987029590351127
-0.42300000000000004,0.9988678236846307
-0.4240000000000004,0.997917069432785
-0.4249999999999998,0.9977073366994434
-0.4240000000000004,0.998175307590626
-0.4249999999999998,0.9988661511006117
-0.42300000000000004,0.9978013109269902
-0.4249999999999998,0.998133539501923
-0.4249999999999998,0.9978455067478015
