-0.0009999999999998899,0.9988911735210192
0.001000000000000112,0.9988911638119041
0.001000000000000112,0.9988911638118182
0.001000000000000112,0.3486859703067403
0.001000000000000112,0.9918373576313297
0.001000000000000112,0.993842259470222
0.0,0.9938738122861279
0.0020000000000000018,0.9947185556014434
0.0040000000000000036,0.9938843441796323
0.0040000000000000036,0.9908721356623247
0.008000000000000007,0.9938571108295906
0.008000000000000007,0.9947050361830738
0.016000000000000014,0.993872325858477
0.027000000000000135,0.9938770670858966
0.04100000000000015,0.9938645494811562
0.05900000000000016,0.9950481705137425
0.05900000000000016,0.2778892881000045
0.05900000000000016,0.326264446217553
0.08400000000000007,0.9872864563724282
0.11300000000000021,0.2663233863443131
0.15500000000000003,0.3249903815652713
0.20399999999999996,0.9864470666715671
0.20399999999999996,0.2703475821221927
0.26600000000000024,0.3226354102963022
0.26600000000000024,0.9863771204850447
0.33699999999999997,0.2219296746250915
0.41600000000000015,0.2466274000491638
0.41600000000000015,0.981020872432176
0.5080000000000002,0.2224716085440405
0.6119999999999999,0.299781237473006
0.7270000000000001,0.9808585775342653
0.7270000000000001,0.2595562143763948
0.8510000000000002,0.2787251300905095
0.9890000000000001,0.3162384148411141
0.9890000000000001,0.3436993314815025
1.1370000000000002,0.9457566162659741
1.2980000000000003,0.23616947842065214
1.47,0.25251252769902804
1.47,0.25107668560554747
1.652,0.27273206043238435
1.8459999999999999,0.17925703454749536
2.0469999999999997,0.13385069063081664
2.0469999999999997,0.06702519469997169
2.261,0.02332661525012433
2.4850000000000003,0.006678664228624987
2.4850000000000003,0.001971631240468541
2.716,0.0035725925738541004
2.9590000000000005,0.4274471211146505
2.9590000000000005,0.19903982738804074
3.21,0.1961373378269815
3.4670000000000005,0.18277051515325377
3.4670000000000005,0.1450910565381393
3.731,0.39399060723354906
4.005,0.19846031661531657
4.005,0.1940507173318718
4.288,0.17615170735396926
4.578,0.12946683691102254
4.876,0.06293266136554643
4.876,0.02076699692891153
5.180000000000001,0.029062699825361672
5.180000000000001,0.174570964537221
5.492,0.12632356246792442
5.813000000000001,0.06006360822598521
6.138,0.019559023292676638
6.473000000000001,0.005484402523062455
6.473000000000001,0.0016166791362172846
6.809000000000001,0.0006253270694110517
7.1579999999999995,0.00037622494974966025
7.51,0.0015593935835757462
7.51,0.03801540614633524
7.873000000000001,0.011269895439341149
8.243,0.0031384848610655587
8.619,0.001005660515465992
8.619,0.0004627802412345788
9.009,0.0003332658677953113
9.402000000000001,0.00029985754261977864
9.402000000000001,0.00029307098113835994
9.804,0.0014597775906529736
10.213000000000001,0.05279447135352511
10.213000000000001,0.016376953285075303
10.628,0.004301905502783647
11.051,0.0012559785231626187
11.482000000000001,0.0004461559261941279
11.482000000000001,0.0002748164656743342
11.92,0.001424694304057836
12.361,0.04504533470944636
12.808,0.01135122823190833
12.808,0.0019695233949522406
12.808,0.0005417193421471731
13.26,0.0002223682804450264
13.72,0.0011769928327430772
14.180000000000001,0.0014350417081575807
14.641,0.0003318073372649162
15.104000000000001,0.00018609177794056648
15.104000000000001,0.00016297485137016783
15.574,0.00018562455869983822
16.044999999999998,0.001311916251328415
16.517,0.03221272091735519
16.988999999999997,0.006222699793853988
16.988999999999997,0.000679756764016047
17.464,0.0015953610320846134
17.464,0.0010827721832134902
17.944,0.0022878033481923132
18.421999999999997,0.027570034518915935
18.898,0.00413396378462357
19.372999999999998,0.0006207082423820399
19.372999999999998,0.00020082233688213164
19.848,0.00010685997675933799
20.323999999999998,0.00010019978727431504
20.799,5.944519472617495e-05
20.799,3.323983953821488e-05
21.272,3.933903472809942e-05
21.744999999999997,7.068931697947962e-05
22.218999999999998,6.983378711638255e-05
22.218999999999998,7.227960673748449e-05
22.218999999999998,0.00010682535642317836
22.694,0.00011679732986857088
23.168999999999997,6.069687986562093e-05
23.642999999999997,3.816083028310452e-05
24.113999999999997,0.0011301290537746509
24.113999999999997,0.005772636532514193
24.584999999999997,0.00015001782451066714
25.052999999999997,1.1050852954989195e-05
25.52,3.771270260481426e-05
25.52,6.574692180955587e-05
25.988,7.193317423337926e-05
26.453999999999997,7.187150849620844e-05
26.915999999999997,7.666156903459541e-05
26.915999999999997,0.0011628108934188044
26.915999999999997,0.0030767441933742482
27.383,0.0002261988830448794
27.845,0.0013119067915840221
27.845,0.0033034450653428456
28.305999999999997,0.00027674837701271597
28.762999999999998,3.114362632720621e-05
29.221,1.0619209729357473e-05
29.68,0.0010775718582775224
30.135999999999996,0.0006806376719927371
30.135999999999996,3.612706526424782e-05
30.592,1.7963362597629687e-05
31.049,2.1260893767310233e-05
31.501999999999995,3.2241301481515064e-05
31.501999999999995,3.587809882300143e-05
31.501999999999995,0.001086384167747617
31.958,0.00033417722407800876
32.412,2.2544412154940124e-05
32.862,3.3769016445651015e-05
33.311,3.5317671552130495e-05
33.762,1.215866893172461e-05
33.762,5.832683058248164e-06
34.214,0.001039959943163418
34.665,0.00019315687934690873
34.665,8.601022162629934e-06
35.115,6.5339743568501875e-06
35.565999999999995,1.1362953241552754e-05
36.016999999999996,2.0857078659037895e-05
36.016999999999996,2.088254944296079e-05
36.016999999999996,1.9294685473458626e-05
36.472,3.3223193413175385e-05
36.923,0.001056903398121502
37.376,0.00027400593566029026
37.829,0.00035146834102104204
38.284,1.529030249238452e-05
38.739,1.811382376826331e-05
39.193,1.72095611568049e-05
39.193,2.7185358813254226e-05
39.649,2.7482367670492456e-05
40.108,1.333339096192493e-05
40.568,7.520813254931095e-06
40.568,7.761579334482057e-06
41.033,1.3349134722538566e-05
41.498,1.2900116327250421e-05
41.966,1.2959032549389574e-05
41.966,1.718461017396359e-05
42.433,1.5644005267740445e-05
42.903999999999996,1.6501329075897635e-05
42.903999999999996,1.0212384661844123e-05
43.376,0.0010639441407708354
43.85,0.00040112958897034316
43.85,1.1271148924286539e-05
44.324999999999996,1.0514742745447564e-05
44.803,1.7317146165337284e-05
45.281,3.422823373227928e-05
45.281,3.058941682066122e-05
45.757999999999996,0.0011047421979195659
46.235,0.0020815676170977586
46.713,0.0015631370292564961
46.713,5.1185527932484044e-05
47.189,3.170581978152248e-05
47.664,3.108201859448563e-05
47.664,0.0011247357988525585
48.138,0.0018182310302763134
48.61,0.00010564087842443456
49.085,6.797753896266754e-05
49.555,5.888293132086843e-05
49.555,9.08307997062216e-05
50.025,8.566229017726482e-05
50.025,6.482913043741842e-05
50.492999999999995,2.6054241439118052e-05
50.958999999999996,0.0011173167463715801
51.423,0.005051596279166132
51.885999999999996,0.00021048488908925614
51.885999999999996,7.319230650164153e-05
52.347,7.054319844205636e-05
52.804,0.0001161803219052613
53.260999999999996,0.00011348016087984013
53.260999999999996,0.00010346759815254639
53.716,9.41202005180691e-05
54.171,0.00010154164576238293
54.623,0.000990395157581192
54.623,0.0006613269609880195
54.623,0.0018271715148131173
55.071,0.028387778809422747
55.516,0.0054781955579206836
55.954,0.0009397039718706354
56.388,0.00021639141900082971
56.817,0.00015929730619414518
56.817,0.00010347308206939249
57.238,0.00012644453671363778
57.649,0.00014700239022578091
58.043,0.00019919056591752535
58.423,0.00019265062275981306
58.423,0.00023125906995157753
58.788,0.00021653122855883573
58.788,0.00024683230718660157
59.135,0.00018619373062247807
59.467,0.00022971004353659682
59.783,0.00023988429560670374
60.080999999999996,0.0002771977382251058
60.365,0.0011928204257335648
60.632,0.0015390737710244753
60.632,0.0006035084078372631
60.884,0.0003699104733500249
60.884,0.00031233889657474766
61.12,0.0002979599939044903
61.339,0.00029445857462812513
61.543,0.0002935304154602978
61.543,0.0014592582641728235
61.729,0.04585242269056396
61.900999999999996,0.014036375554495922
62.055,0.003921007959944565
62.19499999999999,0.0012129610221714659
62.19499999999999,0.000526448514947811
62.316,0.0003531953206882574
62.316,0.0015357529695977402
62.423,0.05953715535040739
62.516000000000005,0.01966600156920643
62.516000000000005,0.008131822778004118
62.601,0.0031752265479791336
62.679,0.0015019586075958136
62.751000000000005,0.000799624563201536
62.751000000000005,0.0021568214537453154
62.81399999999999,0.10552568848013479
62.870999999999995,0.05917303289801753
62.916,0.022773803979971075
62.95099999999999,0.00706073427942833
62.974999999999994,0.002732503568254963
62.974999999999994,0.004128035457937105
62.982,0.010340280653010066
62.976,0.005769152542487018
62.976,0.002520939526590087
62.968,0.0044909470266177995
62.97,0.16893598206337265
62.973,0.10227540797660953
62.973,0.05842149216438471
62.973,0.0335158109487637
62.974000000000004,0.024380796155120635
62.973,0.01974302042602068
62.97,0.010846711421796787
62.973,0.0050469680307857236
62.973,0.008319768429428219
62.973,0.25520775643203963
62.973,0.21412846519022563
62.973,0.1512053778335895
62.973,0.2473605858296534
62.973,0.27286819730292267
62.973,0.27286819730292267
62.973,0.27286819730292267
62.973,0.27286819730292267
62.973,0.27286819730292267
62.973,0.27286819730292267
62.973,0.27286819730292267
62.973,0.27286819730292267
62.973,0.27286819730292267
62.973,0.27286819730292267
62.973,0.27286819730292267
62.973,0.27286819730292267
62.973,0.27286819730292267
62.973,0.27286819730292267
62.973,0.27286819730292267
62.973,0.27286819730292267
62.973,0.27286819730292267
62.973,0.27286819730292267
62.973,0.27286819730292267
62.973,0.27286819730292267
