0.016000000000000014,0.9988911735210192
0.02799999999999958,0.9988911638119041
0.02799999999999958,0.9988911638118182
0.02799999999999958,0.5909198743020785
0.041999999999999815,0.5904714394418503
0.06099999999999994,0.5987194837316426
0.08499999999999996,0.5927831295725899
0.08499999999999996,0.5926373954810857
0.11899999999999977,0.5728076100102434
0.1589999999999998,0.5681269768658896
0.20699999999999985,0.5679768087114166
0.20699999999999985,0.5535762520128762
0.26400000000000023,0.5429761475019306
0.3309999999999995,0.5427570581123072
0.40700000000000003,0.4962055091620772
0.40700000000000003,0.4817805103609279
0.4950000000000001,0.48107094900896274
0.4950000000000001,0.4339870277876347
0.593,0.41061060753167183
0.593,0.4080785525536315
0.7039999999999997,0.3485406398501016
0.827,0.3408510883086564
0.9629999999999992,0.27430395933436963
1.1099999999999994,0.24617188890100028
1.1099999999999994,0.21069642248986856
1.2699999999999996,0.11481138332755574
1.440999999999999,0.05406181225789453
1.6210000000000004,0.019773735837549673
1.6210000000000004,0.006008240386670389
1.811,0.0018730930421457792
2.01,0.0007530194745084858
2.01,0.0004452657121455347
2.01,0.0003352358535081357
2.2089999999999996,0.000309367607472394
2.414999999999999,0.0003030294305915417
2.6270000000000007,0.00029647716490524204
2.6270000000000007,0.00030580603815460214
2.8409999999999993,0.00030899754591824397
3.055999999999999,0.0002982554624558689
3.2680000000000007,0.0002948126254542593
3.2680000000000007,0.0002939086741891671
3.4830000000000005,0.00029367502563292837
3.6980000000000004,0.0002936162510056695
3.6980000000000004,0.00029387559173535877
3.9079999999999995,0.0002939576362934556
4.119,0.000294682304823456
4.119,0.0002949084424097214
4.333,0.0003025338503118763
4.545,0.0003050019807881279
4.76,0.000306747785511261
4.76,0.00035305350374813916
4.974,0.0003711625307847643
5.1899999999999995,0.0003361356140004369
5.1899999999999995,0.0004024535469541682
5.4079999999999995,0.00043406341000187663
5.632,0.00037068607563776147
5.8580000000000005,0.0005091597724282891
5.8580000000000005,0.0005987433413601991
6.086,0.00044777742882351593
6.317,0.0003935635854030775
6.317,0.0003785011084458075
6.317,0.0003609598397772822
6.549999999999999,0.0003688147011815758
6.784000000000001,0.00037252457386779167
7.02,0.00034938924843549247
7.02,0.0003407651991760514
7.260999999999999,0.00033428605771457064
7.504,0.0003289383933347099
7.753,0.0003272234840079304
8.007,0.0003267525462773635
8.266,0.00042163024895604863
8.266,0.00042163024895604863
8.53,0.00042163024895604863
8.796999999999999,0.00042163024895604863
8.796999999999999,0.00042163024895604863
8.796999999999999,0.00042163024895604863
9.068,0.00042163024895604863
9.344,0.00042163024895604863
9.629,0.00042163024895604863
9.629,0.00042163024895604863
9.915000000000001,0.00042163024895604863
10.203999999999999,0.00042163024895604863
10.203999999999999,0.00042163024895604863
10.499999999999998,0.00042163024895604863
10.802000000000001,0.00042163024895604863
11.110000000000001,0.00042163024895604863
11.110000000000001,0.00042163024895604863
11.421000000000001,0.00042163024895604863
11.732000000000001,0.00042163024895604863
11.732000000000001,0.00042163024895604863
12.052000000000001,0.00042163024895604863
12.377,0.00042163024895604863
12.705,0.00042163024895604863
13.037,0.00042163024895604863
13.037,0.00042163024895604863
13.374999999999998,0.00042163024895604863
13.717,0.00042163024895604863
14.065,0.00042163024895604863
14.065,0.00042163024895604863
14.412,0.00042163024895604863
14.412,0.00042163024895604863
14.761000000000001,0.00042163024895604863
15.116000000000001,0.00042163024895604863
15.116000000000001,0.00042163024895604863
15.475,0.00042163024895604863
15.837000000000002,0.00042163024895604863
16.200000000000003,0.00042163024895604863
16.200000000000003,0.00042163024895604863
16.567999999999998,0.00042163024895604863
16.933999999999997,0.00042163024895604863
16.933999999999997,0.00042163024895604863
17.302,0.00042163024895604863
17.677,0.00042163024895604863
18.057000000000002,0.00042163024895604863
18.436999999999998,0.00042163024895604863
18.820999999999998,0.00042163024895604863
18.820999999999998,0.00042163024895604863
18.820999999999998,0.00042163024895604863
19.209000000000003,0.00042163024895604863
19.598,0.00042163024895604863
19.990000000000002,0.00042163024895604863
20.384999999999998,0.00042163024895604863
20.781,0.00042163024895604863
21.18,0.00042163024895604863
21.18,0.00042163024895604863
21.585,0.00042163024895604863
21.990000000000002,0.00042163024895604863
21.990000000000002,0.00042163024895604863
22.397,0.00042163024895604863
22.805999999999997,0.00042163024895604863
22.805999999999997,0.00042163024895604863
22.805999999999997,0.00042163024895604863
23.217,0.00042163024895604863
23.630000000000003,0.00042163024895604863
24.046,0.00042163024895604863
24.046,0.00042163024895604863
24.463,0.00042163024895604863
24.883000000000003,0.00042163024895604863
24.883000000000003,0.00042163024895604863
25.302,0.00042163024895604863
25.724000000000004,0.00042163024895604863
26.148000000000003,0.00042163024895604863
26.148000000000003,0.00042163024895604863
26.572000000000003,0.00042163024895604863
26.998000000000005,0.00042163024895604863
26.998000000000005,0.00042163024895604863
27.424,0.00042163024895604863
27.849000000000004,0.00042163024895604863
28.276000000000003,0.00042163024895604863
28.276000000000003,0.00042163024895604863
28.703000000000003,0.00042163024895604863
29.132000000000005,0.00042163024895604863
29.132000000000005,0.00042163024895604863
29.559000000000005,0.00042163024895604863
29.986000000000004,0.00042163024895604863
29.986000000000004,0.00042163024895604863
30.414,0.00042163024895604863
30.414,0.00042163024895604863
30.842,0.00042163024895604863
31.268,0.00042163024895604863
31.268,0.00042163024895604863
31.268,0.00042163024895604863
31.693000000000005,0.00042163024895604863
32.117000000000004,0.00042163024895604863
32.538000000000004,0.00042163024895604863
32.961,0.00042163024895604863
33.38,0.00042163024895604863
33.38,0.00042163024895604863
33.795,0.00042163024895604863
34.21,0.00042163024895604863
34.623000000000005,0.00042163024895604863
34.623000000000005,0.00042163024895604863
35.033,0.00042163024895604863
35.438,0.00042163024895604863
35.438,0.00042163024895604863
35.84,0.00042163024895604863
36.239000000000004,0.00042163024895604863
36.635000000000005,0.00042163024895604863
36.635000000000005,0.00042163024895604863
37.027,0.00042163024895604863
37.413000000000004,0.00042163024895604863
37.796,0.00042163024895604863
37.796,0.00042163024895604863
38.173,0.00042163024895604863
38.548,0.00042163024895604863
38.548,0.00042163024895604863
38.92,0.00042163024895604863
39.286,0.00042163024895604863
39.286,0.00042163024895604863
39.652,0.00042163024895604863
40.015,0.00042163024895604863
40.375,0.00042163024895604863
40.735,0.00042163024895604863
41.091,0.00042163024895604863
41.091,0.00042163024895604863
41.091,0.00042163024895604863
41.443000000000005,0.00042163024895604863
41.791000000000004,0.00042163024895604863
42.134,0.00042163024895604863
42.469,0.00042163024895604863
42.798,0.00042163024895604863
42.798,0.00042163024895604863
43.122,0.00042163024895604863
43.438,0.00042163024895604863
43.747,0.00042163024895604863
43.747,0.00042163024895604863
44.045,0.00042163024895604863
44.336,0.00042163024895604863
44.336,0.00042163024895604863
44.617000000000004,0.00042163024895604863
44.883,0.00042163024895604863
45.143,0.00042163024895604863
45.143,0.00042163024895604863
45.39,0.00042163024895604863
45.626000000000005,0.00042163024895604863
45.626000000000005,0.00042163024895604863
45.626000000000005,0.00042163024895604863
45.852000000000004,0.00042163024895604863
46.063,0.00042163024895604863
46.262,0.00042163024895604863
46.445,0.00042163024895604863
46.611000000000004,0.00042163024895604863
46.611000000000004,0.00042163024895604863
46.764,0.00042163024895604863
46.904,0.00042163024895604863
47.03,0.00042163024895604863
47.03,0.00042163024895604863
47.143,0.00042163024895604863
47.242000000000004,0.00042163024895604863
47.242000000000004,0.00042163024895604863
47.327,0.00042163024895604863
47.398,0.00042163024895604863
47.453,0.00042163024895604863
47.453,0.00042163024895604863
47.494,0.00042163024895604863
47.522,0.00042163024895604863
47.522,0.00042163024895604863
47.535000000000004,0.00042163024895604863
47.537,0.00042163024895604863
47.521,0.00042163024895604863
47.521,0.00042163024895604863
47.496,0.00042163024895604863
47.454,0.00042163024895604863
47.454,0.00042163024895604863
47.401,0.00042163024895604863
47.333,0.00042163024895604863
47.333,0.00042163024895604863
47.255,0.00042163024895604863
47.165,0.00042163024895604863
47.065000000000005,0.00042163024895604863
47.065000000000005,0.00042163024895604863
47.065000000000005,0.00042163024895604863
46.953,0.00042163024895604863
46.83,0.00042163024895604863
46.698,0.00042163024895604863
46.698,0.00042163024895604863
46.558,0.00042163024895604863
46.4,0.00042163024895604863
46.4,0.00042163024895604863
46.225,0.00042163024895604863
46.042,0.00042163024895604863
45.853,0.00042163024895604863
45.853,0.00042163024895604863
45.660000000000004,0.00042163024895604863
45.452,0.00042163024895604863
45.226,0.00042163024895604863
45.226,0.00042163024895604863
44.986000000000004,0.00042163024895604863
44.739000000000004,0.00042163024895604863
44.739000000000004,0.00042163024895604863
44.482,0.00042163024895604863
44.212,0.00042163024895604863
44.212,0.00042163024895604863
43.93,0.00042163024895604863
43.642,0.00042163024895604863
43.342,0.00042163024895604863
43.342,0.00042163024895604863
43.037,0.00042163024895604863
42.718,0.00042163024895604863
42.718,0.00042163024895604863
42.396,0.00042163024895604863
42.066,0.00042163024895604863
41.729,0.00042163024895604863
41.729,0.00042163024895604863
41.386,0.00042163024895604863
41.036,0.00042163024895604863
41.036,0.00042163024895604863
40.678000000000004,0.00042163024895604863
40.313,0.00042163024895604863
39.938,0.00042163024895604863
39.938,0.00042163024895604863
39.564,0.00042163024895604863
39.185,0.00042163024895604863
38.800000000000004,0.00042163024895604863
38.800000000000004,0.00042163024895604863
38.404,0.00042163024895604863
38.007000000000005,0.00042163024895604863
38.007000000000005,0.00042163024895604863
37.604,0.00042163024895604863
37.193000000000005,0.00042163024895604863
37.193000000000005,0.00042163024895604863
36.778,0.00042163024895604863
36.356,0.00042163024895604863
35.931000000000004,0.00042163024895604863
35.499,0.00042163024895604863
35.499,0.00042163024895604863
35.062000000000005,0.00042163024895604863
35.062000000000005,0.00042163024895604863
34.624,0.00042163024895604863
34.181000000000004,0.00042163024895604863
33.730000000000004,0.00042163024895604863
33.730000000000004,0.00042163024895604863
33.272,0.00042163024895604863
32.814,0.00042163024895604863
32.814,0.00042163024895604863
32.356,0.00042163024895604863
31.891,0.00042163024895604863
31.424,0.00042163024895604863
30.955,0.00042163024895604863
30.955,0.00042163024895604863
30.481,0.00042163024895604863
30.006,0.00042163024895604863
29.525,0.00042163024895604863
29.525,0.00042163024895604863
29.044000000000004,0.00042163024895604863
28.557000000000002,0.00042163024895604863
28.557000000000002,0.00042163024895604863
28.068000000000005,0.00042163024895604863
28.068000000000005,0.00042163024895604863
27.576,0.00042163024895604863
27.079,0.00042163024895604863
26.578000000000003,0.00042163024895604863
26.073999999999998,0.00042163024895604863
25.569000000000003,0.00042163024895604863
25.569000000000003,0.00042163024895604863
25.060000000000002,0.00042163024895604863
24.548000000000002,0.00042163024895604863
24.04,0.00042163024895604863
24.04,0.00042163024895604863
23.527,0.00042163024895604863
23.012,0.00042163024895604863
23.012,0.00042163024895604863
22.499000000000002,0.00042163024895604863
21.982,0.00042163024895604863
21.464999999999996,0.00042163024895604863
21.464999999999996,0.00042163024895604863
20.951999999999998,0.00042163024895604863
20.439999999999998,0.00042163024895604863
19.926000000000002,0.00042163024895604863
19.415,0.00042163024895604863
18.906,0.00042163024895604863
18.906,0.00042163024895604863
18.393,0.00042163024895604863
17.881999999999998,0.00042163024895604863
17.881999999999998,0.00042163024895604863
17.375,0.00042163024895604863
16.869999999999997,0.00042163024895604863
16.363999999999997,0.00042163024895604863
16.363999999999997,0.00042163024895604863
15.862,0.00042163024895604863
15.363000000000001,0.00042163024895604863
15.363000000000001,0.00042163024895604863
14.866000000000001,0.00042163024895604863
14.371999999999998,0.00042163024895604863
13.877999999999998,0.00042163024895604863
13.388,0.00042163024895604863
12.901000000000002,0.00042163024895604863
12.901000000000002,0.00042163024895604863
12.418000000000001,0.00042163024895604863
11.94,0.00042163024895604863
11.469,0.00042163024895604863
11.469,0.00042163024895604863
11.002,0.00042163024895604863
10.543999999999999,0.00042163024895604863
10.543999999999999,0.00042163024895604863
10.092,0.00042163024895604863
9.648000000000001,0.00042163024895604863
9.209999999999999,0.00042163024895604863
8.781,0.00042163024895604863
8.361,0.00042163024895604863
8.361,0.00042163024895604863
7.949999999999999,0.00042163024895604863
7.545,0.00042163024895604863
7.154,0.00042163024895604863
7.154,0.00042163024895604863
6.769,0.00042163024895604863
6.395,0.00042163024895604863
6.395,0.00042163024895604863
6.029,0.00042163024895604863
5.670999999999999,0.00042163024895604863
5.32,0.00042163024895604863
4.978999999999999,0.00042163024895604863
4.645999999999999,0.00042163024895604863
4.645999999999999,0.00042163024895604863
4.315999999999999,0.00042163024895604863
3.9939999999999998,0.00042163024895604863
3.6790000000000003,0.00042163024895604863
3.369999999999999,0.00042163024895604863
3.369999999999999,0.00042163024895604863
3.0760000000000005,0.00042163024895604863
2.7889999999999997,0.00042163024895604863
2.5060000000000002,0.00042163024895604863
2.24,0.00042163024895604863
2.24,0.00042163024895604863
1.9830000000000005,0.00042163024895604863
1.7360000000000007,0.00042163024895604863
1.7360000000000007,0.00042163024895604863
1.5009999999999994,0.00042163024895604863
1.2769999999999992,0.00042163024895604863
1.0700000000000003,0.00042163024895604863
0.875,0.00042163024895604863
0.6970000000000001,0.00042163024895604863
0.6970000000000001,0.00042163024895604863
0.6970000000000001,0.00042163024895604863
0.5300000000000002,0.00042163024895604863
0.3799999999999999,0.00042163024895604863
0.24099999999999966,0.00042163024895604863
0.11399999999999988,0.00042163024895604863
-0.001000000000000334,0.00042163024895604863
-0.10200000000000031,0.00042163024895604863
-0.1930000000000005,0.00042163024895604863
-0.27200000000000024,0.00042163024895604863
-0.3440000000000003,0.00042163024895604863
-0.4039999999999999,0.00042163024895604863
-0.4039999999999999,0.00042163024895604863
-0.45500000000000007,0.00042163024895604863
-0.4930000000000003,0.00042163024895604863
-0.5350000000000001,0.00042163024895604863
-0.5680000000000005,0.00042163024895604863
-0.5840000000000005,0.00042163024895604863
-0.5840000000000005,0.00042163024895604863
-0.5970000000000004,0.00042163024895604863
-0.5970000000000004,0.00042163024895604863
-0.6040000000000001,0.00042163024895604863
-0.601,0.00042163024895604863
-0.5970000000000004,0.00042163024895604863
-0.5920000000000005,0.00042163024895604863
-0.5830000000000002,0.00042163024895604863
-0.5700000000000003,0.00042163024895604863
-0.5540000000000003,0.00042163024895604863
-0.54,0.00042163024895604863
-0.5289999999999999,0.00042163024895604863
-0.5289999999999999,0.00042163024895604863
-0.5150000000000006,0.00042163024895604863
-0.5019999999999998,0.00042163024895604863
-0.4889999999999999,0.00042163024895604863
-0.4889999999999999,0.00042163024895604863
-0.48099999999999987,0.00042163024895604863
-0.47500000000000053,0.00042163024895604863
-0.4560000000000004,0.00042163024895604863
-0.4500000000000002,0.00042163024895604863
-0.44399999999999995,0.00042163024895604863
-0.44399999999999995,0.00042163024895604863
-0.4400000000000004,0.00042163024895604863
-0.4320000000000004,0.00042163024895604863
-0.4320000000000004,0.00042163024895604863
-0.4270000000000005,0.00042163024895604863
-0.42600000000000016,0.00042163024895604863
-0.4240000000000004,0.00042163024895604863
-0.4240000000000004,0.00042163024895604863
-0.4249999999999998,0.00042163024895604863
-0.4240000000000004,0.00042163024895604863
-0.4249999999999998,0.00042163024895604863
-0.4249999999999998,0.00042163024895604863
-0.4240000000000004,0.00042163024895604863
