0.016000000000000014,0.9988911735210192
0.02799999999999958,0.9988911638119041
0.02799999999999958,0.9988911638118182
0.02799999999999958,0.998256878206166
0.041999999999999815,0.9982865117667516
0.06099999999999994,0.5869822231659445
0.08499999999999996,0.9976356054686968
0.11899999999999977,0.9982227968310253
0.1589999999999998,0.5244012249809707
0.1589999999999998,0.9973834885209487
0.20699999999999985,0.47711343209737006
0.26400000000000023,0.9967735551596969
0.26400000000000023,0.9985292154138034
0.3309999999999995,0.3411158380569203
0.40700000000000003,0.9952216969006904
0.40700000000000003,0.9969531270044177
0.4950000000000001,0.23693339853035889
0.4950000000000001,0.9922423371408441
0.593,0.9956066239208946
0.593,0.20145809510916
0.7039999999999997,0.9867201953250013
0.827,0.1998466967411296
0.9629999999999992,0.19894589198284912
1.1099999999999994,0.9645173606731439
1.1099999999999994,0.9522975091995781
1.2699999999999996,0.9525197977912774
1.440999999999999,0.9342498088758351
1.6210000000000004,0.9342281508532272
1.811,0.7697380235786967
2.01,0.7695302170082936
2.01,0.6011343850850972
2.2089999999999996,0.6007857180355329
2.2089999999999996,0.42843941110945577
2.414999999999999,0.40032924143654247
2.6270000000000007,0.39903657769938355
2.8409999999999993,0.31222380160664415
3.055999999999999,0.3074696744492171
3.055999999999999,0.3571688232475859
3.2680000000000007,0.3440305187211324
3.4830000000000005,0.19929435951597016
3.6980000000000004,0.14962389942409807
3.6980000000000004,0.07987095545415929
3.9079999999999995,0.03112556329124919
4.119,0.010239568809921598
4.119,0.0032436470691360807
4.119,0.0011621306221439546
4.333,0.0005686768385170367
4.545,0.0004012397005668927
4.76,0.000383364944416154
4.974,0.00035130730750708076
5.1899999999999995,0.0003386970892767032
5.1899999999999995,0.0003350858117502606
5.1899999999999995,0.0003273047941386788
5.4079999999999995,0.000323645460480286
5.632,0.00032257634423025973
5.8580000000000005,0.0003158909219616502
5.8580000000000005,0.000313665376316908
6.086,0.00030755875233876115
6.317,0.00030405489197848256
6.317,0.0003030511719091484
6.549999999999999,0.000301808185633377
6.784000000000001,0.0003014255051117837
7.02,0.00029709082343157896
7.02,0.00030344718840297506
7.260999999999999,0.00030560158766825837
7.504,0.00030616130969046397
7.753,0.0002973171663725926
8.007,0.0002944418186837803
8.007,0.0002937172971470066
8.266,0.0002934019035498462
8.266,0.00029331470660380176
8.53,0.0002933563491863572
8.796999999999999,0.0002933707035688241
8.796999999999999,0.00029337429377538444
9.068,0.0002933751917300017
9.344,0.0002933754163194492
9.629,0.00029337547249202095
9.629,0.00029337548654146924
9.915000000000001,0.0002933754900554084
10.203999999999999,0.00029337549093428754
10.203999999999999,0.000293375491154106
10.203999999999999,0.0002933754912090853
10.499999999999998,0.00029337549122283635
10.802000000000001,0.0002933754912262756
11.110000000000001,0.00029337549122713575
11.110000000000001,0.00029337549122735097
11.421000000000001,0.0002933754912274047
11.732000000000001,0.0002933754912274182
11.732000000000001,0.00029337549122742155
12.052000000000001,0.00029337549122742236
12.377,0.0002933754912274226
12.705,0.00029337549122742263
12.705,0.00029337549122742263
13.037,0.00029337549122742263
13.374999999999998,0.00029337549122742263
13.374999999999998,0.00029337549122742263
13.717,0.00029337549122742263
14.065,0.00029337549122742263
14.412,0.00029337549122742263
14.412,0.00029337549122742263
14.761000000000001,0.00029337549122742263
15.116000000000001,0.00029337549122742263
15.116000000000001,0.00029337549122742263
15.116000000000001,0.00029337549122742263
15.475,0.00029337549122742263
15.837000000000002,0.00029337549122742263
16.200000000000003,0.00029337549122742263
16.567999999999998,0.00029337549122742263
16.933999999999997,0.00029337549122742263
16.933999999999997,0.00029337549122742263
17.302,0.00029337549122742263
17.677,0.00029337549122742263
18.057000000000002,0.00029337549122742263
18.057000000000002,0.00029337549122742263
18.436999999999998,0.00029337549122742263
18.820999999999998,0.00029337549122742263
18.820999999999998,0.00029337549122742263
19.209000000000003,0.00029337549122742263
19.598,0.00029337549122742263
19.990000000000002,0.00029337549122742263
20.384999999999998,0.00029337549122742263
20.781,0.00029337549122742263
20.781,0.00029337549122742263
21.18,0.00029337549122742263
21.585,0.00029337549122742263
21.585,0.00029337549122742263
21.990000000000002,0.00029337549122742263
22.397,0.00029337549122742263
22.805999999999997,0.00029337549122742263
22.805999999999997,0.00029337549122742263
22.805999999999997,0.00029337549122742263
23.217,0.00029337549122742263
23.630000000000003,0.00029337549122742263
24.046,0.00029337549122742263
24.046,0.00029337549122742263
24.463,0.00029337549122742263
24.883000000000003,0.00029337549122742263
24.883000000000003,0.00029337549122742263
25.302,0.00029337549122742263
25.724000000000004,0.00029337549122742263
26.148000000000003,0.00029337549122742263
26.148000000000003,0.00029337549122742263
26.572000000000003,0.00029337549122742263
26.998000000000005,0.00029337549122742263
27.424,0.00029337549122742263
27.849000000000004,0.00029337549122742263
27.849000000000004,0.00029337549122742263
28.276000000000003,0.00029337549122742263
28.703000000000003,0.00029337549122742263
29.132000000000005,0.00029337549122742263
29.132000000000005,0.00029337549122742263
29.559000000000005,0.00029337549122742263
29.986000000000004,0.00029337549122742263
30.414,0.00029337549122742263
30.414,0.00029337549122742263
30.842,0.00029337549122742263
31.268,0.00029337549122742263
31.268,0.00029337549122742263
31.268,0.00029337549122742263
31.693000000000005,0.00029337549122742263
32.117000000000004,0.00029337549122742263
32.538000000000004,0.00029337549122742263
32.961,0.00029337549122742263
33.38,0.00029337549122742263
33.38,0.00029337549122742263
33.795,0.00029337549122742263
34.21,0.00029337549122742263
34.623000000000005,0.00029337549122742263
34.623000000000005,0.00029337549122742263
35.033,0.00029337549122742263
35.438,0.00029337549122742263
35.438,0.00029337549122742263
35.84,0.00029337549122742263
36.239000000000004,0.00029337549122742263
36.635000000000005,0.00029337549122742263
37.027,0.00029337549122742263
37.413000000000004,0.00029337549122742263
37.413000000000004,0.00029337549122742263
37.796,0.00029337549122742263
38.173,0.00029337549122742263
38.548,0.00029337549122742263
38.548,0.00029337549122742263
38.92,0.00029337549122742263
39.286,0.00029337549122742263
39.286,0.00029337549122742263
39.652,0.00029337549122742263
40.015,0.00029337549122742263
40.375,0.00029337549122742263
40.735,0.00029337549122742263
41.091,0.00029337549122742263
41.091,0.00029337549122742263
41.091,0.00029337549122742263
41.443000000000005,0.00029337549122742263
41.791000000000004,0.00029337549122742263
42.134,0.00029337549122742263
42.469,0.00029337549122742263
42.798,0.00029337549122742263
42.798,0.00029337549122742263
43.122,0.00029337549122742263
43.438,0.00029337549122742263
43.438,0.00029337549122742263
43.747,0.00029337549122742263
44.045,0.00029337549122742263
44.336,0.00029337549122742263
44.336,0.00029337549122742263
44.617000000000004,0.00029337549122742263
44.883,0.00029337549122742263
44.883,0.00029337549122742263
45.143,0.00029337549122742263
45.39,0.00029337549122742263
45.626000000000005,0.00029337549122742263
45.626000000000005,0.00029337549122742263
45.852000000000004,0.00029337549122742263
46.063,0.00029337549122742263
46.262,0.00029337549122742263
46.262,0.00029337549122742263
46.445,0.00029337549122742263
46.611000000000004,0.00029337549122742263
46.611000000000004,0.00029337549122742263
46.764,0.00029337549122742263
46.904,0.00029337549122742263
47.03,0.00029337549122742263
47.03,0.00029337549122742263
47.143,0.00029337549122742263
47.242000000000004,0.00029337549122742263
47.242000000000004,0.00029337549122742263
47.327,0.00029337549122742263
47.398,0.00029337549122742263
47.398,0.00029337549122742263
47.453,0.00029337549122742263
47.494,0.00029337549122742263
47.522,0.00029337549122742263
47.522,0.00029337549122742263
47.535000000000004,0.00029337549122742263
47.537,0.00029337549122742263
47.521,0.00029337549122742263
47.521,0.00029337549122742263
47.496,0.00029337549122742263
47.454,0.00029337549122742263
47.454,0.00029337549122742263
47.401,0.00029337549122742263
47.333,0.00029337549122742263
47.255,0.00029337549122742263
47.255,0.00029337549122742263
47.165,0.00029337549122742263
47.065000000000005,0.00029337549122742263
47.065000000000005,0.00029337549122742263
46.953,0.00029337549122742263
46.83,0.00029337549122742263
46.698,0.00029337549122742263
46.698,0.00029337549122742263
46.558,0.00029337549122742263
46.4,0.00029337549122742263
46.4,0.00029337549122742263
46.225,0.00029337549122742263
46.042,0.00029337549122742263
45.853,0.00029337549122742263
45.853,0.00029337549122742263
45.660000000000004,0.00029337549122742263
45.452,0.00029337549122742263
45.226,0.00029337549122742263
44.986000000000004,0.00029337549122742263
44.739000000000004,0.00029337549122742263
44.739000000000004,0.00029337549122742263
44.482,0.00029337549122742263
44.212,0.00029337549122742263
44.212,0.00029337549122742263
43.93,0.00029337549122742263
43.642,0.00029337549122742263
43.342,0.00029337549122742263
43.342,0.00029337549122742263
43.037,0.00029337549122742263
42.718,0.00029337549122742263
42.718,0.00029337549122742263
42.396,0.00029337549122742263
42.066,0.00029337549122742263
41.729,0.00029337549122742263
41.386,0.00029337549122742263
41.036,0.00029337549122742263
41.036,0.00029337549122742263
40.678000000000004,0.00029337549122742263
40.313,0.00029337549122742263
39.938,0.00029337549122742263
39.938,0.00029337549122742263
39.564,0.00029337549122742263
39.185,0.00029337549122742263
39.185,0.00029337549122742263
38.800000000000004,0.00029337549122742263
38.404,0.00029337549122742263
38.007000000000005,0.00029337549122742263
38.007000000000005,0.00029337549122742263
37.604,0.00029337549122742263
37.193000000000005,0.00029337549122742263
37.193000000000005,0.00029337549122742263
36.778,0.00029337549122742263
36.356,0.00029337549122742263
35.931000000000004,0.00029337549122742263
35.931000000000004,0.00029337549122742263
35.499,0.00029337549122742263
35.062000000000005,0.00029337549122742263
35.062000000000005,0.00029337549122742263
35.062000000000005,0.00029337549122742263
34.624,0.00029337549122742263
34.181000000000004,0.00029337549122742263
33.730000000000004,0.00029337549122742263
33.272,0.00029337549122742263
32.814,0.00029337549122742263
32.814,0.00029337549122742263
32.356,0.00029337549122742263
31.891,0.00029337549122742263
31.424,0.00029337549122742263
31.424,0.00029337549122742263
30.955,0.00029337549122742263
30.481,0.00029337549122742263
30.006,0.00029337549122742263
30.006,0.00029337549122742263
29.525,0.00029337549122742263
29.044000000000004,0.00029337549122742263
29.044000000000004,0.00029337549122742263
28.557000000000002,0.00029337549122742263
28.068000000000005,0.00029337549122742263
28.068000000000005,0.00029337549122742263
27.576,0.00029337549122742263
27.079,0.00029337549122742263
26.578000000000003,0.00029337549122742263
26.578000000000003,0.00029337549122742263
26.073999999999998,0.00029337549122742263
25.569000000000003,0.00029337549122742263
25.569000000000003,0.00029337549122742263
25.060000000000002,0.00029337549122742263
24.548000000000002,0.00029337549122742263
24.04,0.00029337549122742263
24.04,0.00029337549122742263
23.527,0.00029337549122742263
23.012,0.00029337549122742263
23.012,0.00029337549122742263
22.499000000000002,0.00029337549122742263
21.982,0.00029337549122742263
21.464999999999996,0.00029337549122742263
21.464999999999996,0.00029337549122742263
20.951999999999998,0.00029337549122742263
20.439999999999998,0.00029337549122742263
20.439999999999998,0.00029337549122742263
19.926000000000002,0.00029337549122742263
19.415,0.00029337549122742263
18.906,0.00029337549122742263
18.906,0.00029337549122742263
18.393,0.00029337549122742263
17.881999999999998,0.00029337549122742263
17.881999999999998,0.00029337549122742263
17.375,0.00029337549122742263
16.869999999999997,0.00029337549122742263
16.363999999999997,0.00029337549122742263
16.363999999999997,0.00029337549122742263
15.862,0.00029337549122742263
15.363000000000001,0.00029337549122742263
15.363000000000001,0.00029337549122742263
14.866000000000001,0.00029337549122742263
14.371999999999998,0.00029337549122742263
13.877999999999998,0.00029337549122742263
13.388,0.00029337549122742263
13.388,0.00029337549122742263
12.901000000000002,0.00029337549122742263
12.901000000000002,0.00029337549122742263
12.418000000000001,0.00029337549122742263
11.94,0.00029337549122742263
11.469,0.00029337549122742263
11.002,0.00029337549122742263
11.002,0.00029337549122742263
10.543999999999999,0.00029337549122742263
10.092,0.00029337549122742263
9.648000000000001,0.00029337549122742263
9.648000000000001,0.00029337549122742263
9.209999999999999,0.00029337549122742263
8.781,0.00029337549122742263
8.361,0.00029337549122742263
8.361,0.00029337549122742263
7.949999999999999,0.00029337549122742263
7.545,0.00029337549122742263
7.154,0.00029337549122742263
7.154,0.00029337549122742263
6.769,0.00029337549122742263
6.395,0.00029337549122742263
6.395,0.00029337549122742263
6.029,0.00029337549122742263
5.670999999999999,0.00029337549122742263
5.32,0.00029337549122742263
4.978999999999999,0.00029337549122742263
4.645999999999999,0.00029337549122742263
4.645999999999999,0.00029337549122742263
4.315999999999999,0.00029337549122742263
3.9939999999999998,0.00029337549122742263
3.6790000000000003,0.00029337549122742263
3.369999999999999,0.00029337549122742263
3.0760000000000005,0.00029337549122742263
3.0760000000000005,0.00029337549122742263
2.7889999999999997,0.00029337549122742263
2.5060000000000002,0.00029337549122742263
2.24,0.00029337549122742263
2.24,0.00029337549122742263
1.9830000000000005,0.00029337549122742263
1.7360000000000007,0.00029337549122742263
1.7360000000000007,0.00029337549122742263
1.5009999999999994,0.00029337549122742263
1.2769999999999992,0.00029337549122742263
1.0700000000000003,0.00029337549122742263
0.875,0.00029337549122742263
0.6970000000000001,0.0002934591299003988
0.6970000000000001,0.0002934852520368846
0.6970000000000001,0.000298427953711979
0.5300000000000002,0.0003000039394637791
0.3799999999999999,0.00034400187026269397
0.24099999999999966,0.0003607232650696867
0.11399999999999988,0.0009125960454710864
-0.001000000000000334,0.0019031743762915698
-0.10200000000000031,0.003273106364440764
-0.1930000000000005,0.006144661508939219
-0.27200000000000024,0.014363581084066629
-0.27200000000000024,0.03633139702267726
-0.3440000000000003,0.11743843043050667
-0.4039999999999999,0.30457060648461354
-0.45500000000000007,0.6585257507662052
-0.4930000000000003,0.9219951513588197
-0.5350000000000001,0.940086193876265
-0.5350000000000001,0.9413330990504856
-0.5680000000000005,0.20106240215733878
-0.5840000000000005,0.9846347984166091
-0.5840000000000005,0.2001308681545938
-0.5970000000000004,0.9896574435785874
-0.6040000000000001,0.20586714059041025
-0.601,0.21390949776664775
-0.5970000000000004,0.9777724755674324
-0.5920000000000005,0.35726317498454363
-0.5920000000000005,0.9959907992173977
-0.5830000000000002,0.9980199769642858
-0.5700000000000003,0.9986925293308837
-0.5540000000000003,0.9750791875081622
-0.54,0.9988174508897618
-0.5289999999999999,0.9969935047091865
-0.5289999999999999,0.9987526059500104
-0.5150000000000006,0.998882638103281
-0.5019999999999998,0.9988794617643368
-0.4889999999999999,0.9988901809903257
-0.48099999999999987,0.9988896669803894
