0.0,0.9988911638119041
0.0,0.9988911638118182
0.0,0.9981863937737019
0.0,0.9977698027008289
-0.001000000000000334,0.9981839263591626
0.0,0.9981873912324075
0.0,0.9978476860600288
0.0,0.9981832064615497
0.0009999999999994458,0.9981854359142129
0.0,0.9981858119914557
-0.001000000000000334,0.997674329197341
-0.001000000000000334,0.9981821199367199
-0.001000000000000334,0.9981809844969615
0.0,0.9981839831658542
0.0,0.9974507263763774
0.0009999999999994458,0.998180213330408
0.0019999999999997797,0.998179610576879
0.0030000000000001137,0.9981790236158818
0.004999999999999893,0.41934693899436065
0.004999999999999893,0.9966595738147241
0.01100000000000012,0.9981777924441472
0.01100000000000012,0.9981877586739587
0.019999999999999574,0.4079890758562875
0.03000000000000025,0.9965980023375601
0.03000000000000025,0.998230572509067
0.041999999999999815,0.5284845395923949
0.05600000000000005,0.9972260556340101
0.05600000000000005,0.9982545800229153
0.07299999999999951,0.5376804065382896
0.07299999999999951,0.997246944002488
0.09399999999999942,0.9981623473175207
0.11599999999999966,0.5284858671513275
0.14100000000000001,0.9972159629268067
0.16699999999999982,0.7298799580286148
0.16699999999999982,0.9977543942701003
0.2029999999999994,0.9981543880687693
0.2029999999999994,0.493641970432331
0.23499999999999943,0.9969884306867857
0.2709999999999999,0.9980864241466891
0.31099999999999994,0.5003390290432298
0.35599999999999987,0.4388338450662991
0.35599999999999987,0.9955838483734423
0.41000000000000014,0.3942827279850896
0.41000000000000014,0.9961155915450175
0.47799999999999976,0.24004775111738466
0.5619999999999994,0.9940259875411844
0.6559999999999997,0.9972384759312839
0.7720000000000002,0.3342299111560374
0.7720000000000002,0.9932131642930492
0.907,0.20105439568914862
1.056,0.9792642031172913
1.056,0.9816590461611904
1.2199999999999998,0.9712597439590356
1.3919999999999995,0.9712489179238513
1.3919999999999995,0.8951054062205228
1.5750000000000002,0.8950167500920407
1.7649999999999997,0.6980501029204544
1.7649999999999997,0.6277755488822776
1.9589999999999996,0.6275058443650128
2.16,0.457871692641241
2.16,0.4571798919899683
2.369999999999999,0.339060566655669
2.583,0.3073565489182858
2.802999999999999,0.30267509183941804
2.802999999999999,0.23665820598276338
2.802999999999999,0.2118736266238778
3.0280000000000005,0.14278191371706903
3.2569999999999997,0.07164739365924323
3.4909999999999997,0.025674682442882124
3.731,0.0076324679758166605
3.978999999999999,0.0022807070673960816
3.978999999999999,0.0008098802801256817
3.978999999999999,0.00042899338278624255
4.234,0.00032872093833988654
4.491999999999999,0.0003032612048923729
4.756,0.00029597348444512827
5.029999999999999,0.00029404510358723633
5.311999999999999,0.0002935597429860441
5.311999999999999,0.0002934383398222296
5.606,0.00029340797333884635
5.911,0.00029340037779718983
5.911,0.00029339847793133735
6.228,0.0002933980027196551
6.557,0.0002933978838553991
6.898,0.0002933978541239934
6.898,0.00029339784668730467
6.898,0.0002933978448271725
7.247999999999999,0.0002933978443618994
7.609999999999999,0.0002933978442455211
7.978,0.0002933978442164116
8.352,0.00029339784420913043
8.733,0.00029339784420730913
8.733,0.00029339784420685366
9.121,0.00029339784420673965
9.514,0.00029339784420671114
9.913,0.000293397844206704
10.315,0.0002933978442067022
10.315,0.00029339784420670176
10.720999999999998,0.00029339784420670165
10.720999999999998,0.00029339784420670165
11.130999999999998,0.00029339784420670165
11.543000000000001,0.00029339784420670165
11.961,0.00029339784420670165
11.961,0.00029339784420670165
12.380999999999998,0.00029339784420670165
12.804,0.00029339784420670165
13.232999999999999,0.00029339784420670165
13.232999999999999,0.00029339784420670165
13.664,0.00029339784420670165
14.098999999999998,0.00029339784420670165
14.098999999999998,0.00029339784420670165
14.537999999999998,0.00029339784420670165
14.981,0.00029339784420670165
14.981,0.00029339784420670165
15.427000000000001,0.00029339784420670165
15.877,0.00029339784420670165
16.33,0.00029339784420670165
16.786,0.00029339784420670165
16.786,0.00029339784420670165
17.247999999999998,0.00029339784420670165
17.247999999999998,0.00029339784420670165
17.714,0.00029339784420670165
18.183,0.00029339784420670165
18.656,0.00029339784420670165
19.130000000000003,0.00029339784420670165
19.130000000000003,0.00029339784420670165
19.609,0.00029339784420670165
19.609,0.00029339784420670165
20.092,0.00029339784420670165
20.576999999999998,0.00029339784420670165
21.063000000000002,0.00029339784420670165
21.554000000000002,0.00029339784420670165
21.554000000000002,0.00029339784420670165
22.049,0.00029339784420670165
22.546999999999997,0.00029339784420670165
23.043,0.00029339784420670165
23.043,0.00029339784420670165
23.546,0.00029339784420670165
24.051000000000002,0.00029339784420670165
24.558,0.00029339784420670165
24.558,0.00029339784420670165
24.558,0.00029339784420670165
25.061999999999998,0.00029339784420670165
25.569000000000003,0.00029339784420670165
26.076999999999998,0.00029339784420670165
26.583,0.00029339784420670165
26.583,0.00029339784420670165
27.090000000000003,0.00029339784420670165
27.090000000000003,0.00029339784420670165
27.090000000000003,0.00029339784420670165
27.597,0.00029339784420670165
28.105000000000004,0.00029339784420670165
28.61,0.00029339784420670165
29.114000000000004,0.00029339784420670165
29.615000000000002,0.00029339784420670165
29.615000000000002,0.00029339784420670165
30.115000000000002,0.00029339784420670165
30.616,0.00029339784420670165
31.114000000000004,0.00029339784420670165
31.114000000000004,0.00029339784420670165
31.614000000000004,0.00029339784420670165
32.113,0.00029339784420670165
32.613,0.00029339784420670165
32.613,0.00029339784420670165
33.107,0.00029339784420670165
33.602000000000004,0.00029339784420670165
33.602000000000004,0.00029339784420670165
34.097,0.00029339784420670165
34.592,0.00029339784420670165
34.592,0.00029339784420670165
35.083,0.00029339784420670165
35.577,0.00029339784420670165
36.071000000000005,0.00029339784420670165
36.071000000000005,0.00029339784420670165
36.566,0.00029339784420670165
37.062000000000005,0.00029339784420670165
37.062000000000005,0.00029339784420670165
37.556000000000004,0.00029339784420670165
38.051,0.00029339784420670165
38.545,0.00029339784420670165
39.038000000000004,0.00029339784420670165
39.038000000000004,0.00029339784420670165
39.533,0.00029339784420670165
40.028,0.00029339784420670165
40.524,0.00029339784420670165
40.524,0.00029339784420670165
41.019,0.00029339784420670165
41.512,0.00029339784420670165
42.004000000000005,0.00029339784420670165
42.004000000000005,0.00029339784420670165
42.495000000000005,0.00029339784420670165
42.984,0.00029339784420670165
42.984,0.00029339784420670165
43.47,0.00029339784420670165
43.955,0.00029339784420670165
44.438,0.00029339784420670165
44.438,0.00029339784420670165
44.438,0.00029339784420670165
44.923,0.00029339784420670165
45.403,0.00029339784420670165
45.881,0.00029339784420670165
46.356,0.00029339784420670165
46.356,0.00029339784420670165
46.831,0.00029339784420670165
46.831,0.00029339784420670165
47.304,0.00029339784420670165
47.775,0.00029339784420670165
48.241,0.00029339784420670165
48.705,0.00029339784420670165
49.17,0.00029339784420670165
49.17,0.00029339784420670165
49.17,0.00029339784420670165
49.631,0.00029339784420670165
50.089,0.00029339784420670165
50.546,0.00029339784420670165
51.002,0.00029339784420670165
51.454,0.00029339784420670165
51.454,0.00029339784420670165
51.899,0.00029339784420670165
52.341,0.00029339784420670165
52.341,0.00029339784420670165
52.777,0.00029339784420670165
53.207,0.00029339784420670165
53.627,0.00029339784420670165
53.627,0.00029339784420670165
54.041000000000004,0.00029339784420670165
54.440000000000005,0.00029339784420670165
54.440000000000005,0.00029339784420670165
54.824,0.00029339784420670165
55.195,0.00029339784420670165
55.550000000000004,0.00029339784420670165
55.550000000000004,0.00029339784420670165
55.89,0.00029339784420670165
56.215,0.00029339784420670165
56.524,0.00029339784420670165
56.524,0.00029339784420670165
56.822,0.00029339784420670165
57.109,0.00029339784420670165
57.109,0.00029339784420670165
57.383,0.00029339784420670165
57.648,0.00029339784420670165
57.9,0.00029339784420670165
57.9,0.00029339784420670165
58.139,0.00029339784420670165
58.364000000000004,0.00029339784420670165
58.574,0.00029339784420670165
58.574,0.0002934267186216656
58.768,0.00029343573533973364
58.95,0.0002991399568832316
59.114000000000004,0.00030096460021753916
59.265,0.00030143219001705523
59.265,0.0005264546701641
59.397999999999996,0.000682483023452964
59.518,0.001322428130824917
59.518,0.002758283909419756
59.622,0.0065541575254277895
59.709,0.026504219193033994
59.783,0.11585723402854686
59.783,0.6979618051927317
59.845,0.968733124342527
59.894000000000005,0.9908537224968448
59.894000000000005,0.20108203559313956
59.931,0.9921378013926536
59.956,0.2151969227024145
59.97200000000001,0.9938686950784266
59.97200000000001,0.551652695304856
59.97500000000001,0.9951213199458967
59.97200000000001,0.7321929325725094
59.96600000000001,0.9981675161619493
59.96600000000001,0.9976386009372084
59.967,0.8506909891641824
59.96900000000001,0.9984584652323075
59.96900000000001,0.6305889082814172
