0.0,0.0,0.0,0.0,0.025,0.05,0.1
0.0,0.0,0.00024804546596877747,0.0029139159094816497,0.052913915909481656,0.10291391590948165,0.20291391590948166
0.0,0.0,0.00047323970308668905,0.005819047666858073,0.08081904766685809,0.15581904766685808,0.30581904766685813
0.0,0.0,0.0007111612110257622,0.008803366881608383,0.10880336688160838,0.2088033668816084,0.4088033668816084
0.001000000000000112,-0.0009999999999976694,-0.007170573105859234,0.009490624121733985,0.134490624121734,0.25949062412173396,0.509490624121734
0.001000000000000112,-0.0009999999999976694,-0.00706137225220223,0.012480906331261133,0.16248090633126114,0.31248090633126113,0.6124809063312611
0.001000000000000112,-0.0009999999999976694,-0.006901555462232136,0.015413816337052908,0.1904138163370529,0.3654138163370529,0.7154138163370528
0.001000000000000112,0.0,-0.006707497918076688,0.01841023089683495,0.21841023089683492,0.41841023089683493,0.8184102308968348
0.001000000000000112,0.0,-0.012382024926931846,0.015377439558139763,0.24037743955813973,0.4653774395581397,0.9153774395581397
0.0,-0.0009999999999976694,-0.01216906336376789,0.01825262469101562,0.2682526246910156,0.5182526246910155,1.0182526246910155
0.0,-0.0009999999999976694,-0.012043575948057128,0.021240029701359003,0.296240029701359,0.5712400297013589,1.121240029701359
0.0,-0.0009999999999976694,-0.011916643981919035,0.02417325062089336,0.32417325062089336,0.6241732506208933,1.2241732506208933
0.0,-0.0019999999999988916,-0.01894593102817293,0.024881292305849893,0.3498812923058499,0.6748812923058499,1.32488129230585
0.0020000000000000018,-0.0009999999999976694,-0.01883854318673207,0.027860263388761713,0.3778602633887618,0.7278602633887618,1.4278602633887618
0.0020000000000000018,-0.0009999999999976694,-0.018680191261172964,0.03085842590185307,0.4058584259018531,0.7808584259018532,1.5308584259018534
0.001000000000000112,-0.0019999999999988916,-0.018480420951356616,0.03379518376439131,0.4337951837643914,0.8337951837643914,1.6337951837643916
-0.0009999999999998899,-0.0030000000000001137,-0.024716142534106516,0.03212941576296085,0.45712941576296096,0.882129415762961,1.7321294157629612
-0.0009999999999998899,-0.0030000000000001137,-0.024549143174714967,0.0351088331170185,0.48510883311701863,0.9351088331170188,1.835108833117019
-0.0009999999999998899,-0.0030000000000001137,-0.024460843020123545,0.03806360703287685,0.513063607032877,0.9880636070328771,1.9380636070328774
0.0,-0.0019999999999988916,-0.024343974198746093,0.04103793570593295,0.5410379357059331,1.0410379357059332,2.0410379357059334
0.0,-0.0019999999999988916,-0.0297939487606461,0.03910035960136575,0.5641003596013658,1.089100359601366,2.1391003596013665
-0.0009999999999998899,-0.0019999999999988916,-0.029736374428113613,0.042022121721583976,0.5920221217215841,1.1420221217215842,2.2420221217215848
-0.0009999999999998899,-0.0019999999999988916,-0.02959559732537053,0.044900274333575144,0.6199002743335753,1.1949002743335755,2.344900274333576
0.001000000000000112,-0.0030000000000001137,-0.02944725577927514,0.04789484863933119,0.6478948486393314,1.2478948486393315,2.447894848639332
0.001000000000000112,-0.0030000000000001137,-0.0367293271832531,0.04847511854563827,0.6734751185456385,1.2984751185456387,2.5484751185456394
0.001000000000000112,-0.0030000000000001137,-0.03664801733413571,0.05143671879220724,0.7014367187922075,1.3514367187922076,2.6514367187922083
0.001000000000000112,-0.0030000000000001137,-0.03656387255992325,0.05445543042432196,0.7294554304243223,1.4044554304243224,2.754455430424323
0.001000000000000112,-0.0030000000000001137,-0.03657509772097665,0.05738548021404669,0.757385480214047,1.4573854802140473,2.857385480214048
0.001000000000000112,-0.0030000000000001137,-0.04335390993186332,0.05650471304669211,0.7815047130466924,1.5065047130466926,2.9565047130466935
0.001000000000000112,-0.0019999999999988916,-0.043347115847345734,0.05939510015545182,0.8093951001554521,1.5593951001554525,3.059395100155453
0.001000000000000112,-0.003999999999997783,-0.043198872762663106,0.062399761288703455,0.8373997612887039,1.6123997612887042,3.1623997612887047
0.001000000000000112,-0.003999999999997783,-0.04270230455388941,0.06538566970078948,0.8653856697007899,1.6653856697007903,3.265385669700791
0.001000000000000112,-0.003999999999997783,-0.046351750792302346,0.0645709403364379,0.8895709403364382,1.7145709403364386,3.3645709403364394
0.0,-0.0030000000000001137,-0.04518034633002546,0.06751133436949244,0.9175113343694928,1.7675113343694933,3.4675113343694943
0.0,-0.0030000000000001137,-0.0435625615541705,0.07042815301363087,0.9454281530136313,1.8204281530136317,3.5704281530136326
0.0020000000000000018,-0.0030000000000001137,-0.04149306811979311,0.0733970677527408,0.9733970677527413,1.8733970677527418,3.6733970677527426
0.0040000000000000036,0.0,-0.04406246881013194,0.07084032752301185,0.9958403275230123,1.9208403275230128,3.770840327523014
0.0040000000000000036,0.0,-0.04072748591777772,0.07372425637375228,1.0237242563737528,1.9737242563737534,3.8737242563737544
0.0040000000000000036,0.0,-0.0368026329807754,0.07659831714650925,1.0515983171465098,2.0265983171465103,3.9765983171465114
0.008000000000000007,-0.0009999999999976694,-0.03215326720907324,0.07947859446207813,1.0794785944620786,2.079478594462079,4.0794785944620795
0.008000000000000007,-0.0009999999999976694,-0.03136133986392883,0.07545607594223806,1.1004560759422384,2.125456075942239,4.17545607594224
0.016000000000000014,-0.0009999999999976694,-0.02522782432903027,0.07834625451250561,1.1283462545125058,2.178346254512506,4.278346254512507
0.016000000000000014,-0.0009999999999976694,-0.018355069172190087,0.08126093636903217,1.1562609363690324,2.2312609363690323,4.381260936369033
0.027000000000000135,-0.0019999999999988916,-0.010534136462662679,0.08416408140957193,1.184164081409572,2.284164081409572,4.484164081409572
0.04100000000000015,-0.0030000000000001137,-0.00648794443105493,0.08171568698622358,1.2067156869862237,2.3317156869862234,4.5817156869862234
0.04100000000000015,-0.0030000000000001137,0.004066492323634727,0.0846445645690257,1.2346445645690256,2.3846445645690255,4.684644564569025
0.05900000000000016,-0.003999999999997783,0.016321216188242733,0.08752630545645801,1.2625263054564577,2.4375263054564575,4.787526305456457
0.05900000000000016,-0.003999999999997783,0.030390607451966405,0.0904312835361422,1.290431283536142,2.4904312835361417,4.890431283536141
0.05900000000000016,-0.003999999999997783,0.040373734923847646,0.08839913843607974,1.3133991384360795,2.538399138436079,4.988399138436078
0.08400000000000007,-0.0030000000000001137,0.05866252926519341,0.09117765691390826,1.3411776569139078,2.5911776569139073,5.0911776569139064
0.08400000000000007,-0.0030000000000001137,0.07887328284480419,0.093910349812648,1.3689103498126474,2.643910349812647,5.193910349812646
0.11300000000000021,-0.003999999999997783,0.10174789620265375,0.09660237494376192,1.3966023749437613,2.696602374943761,5.29660237494376
0.11300000000000021,-0.003999999999997783,0.12216821197986127,0.08727167665017709,1.4122716766501764,2.7372716766501757,5.387271676650174
0.15500000000000003,-0.004999999999999005,0.15024740349041765,0.0898821665969599,1.439882166596959,2.7898821665969584,5.489882166596956
0.20399999999999996,-0.006000000000000227,0.1803080118261318,0.0926437290516712,1.4676437290516704,2.8426437290516695,5.592643729051668
0.20399999999999996,-0.006000000000000227,0.2133473320677204,0.09526450695120996,1.495264506951209,2.895264506951208,5.695264506951206
0.26600000000000024,-0.003999999999997783,0.23610435150600623,0.10350203949742226,1.5285020394974211,2.9535020394974203,5.803502039497418
0.26600000000000024,-0.003999999999997783,0.2741249691997727,0.10602642997347637,1.5560264299734752,3.006026429973474,5.906026429973472
0.26600000000000024,-0.003999999999997783,0.31440237580971186,0.10857401019158112,1.5835740101915798,3.058574010191579,6.008574010191576
0.33699999999999997,-0.006000000000000227,0.35768610277638085,0.11094136629813055,1.6109413662981291,3.110941366298128,6.110941366298126
0.33699999999999997,-0.006000000000000227,0.3930962209169126,0.10610043622164449,1.631100436221643,3.156100436221642,6.2061004362216385
0.41600000000000015,-0.004999999999999005,0.4419267222883348,0.10854184605053424,1.6585418460505328,3.2085418460505313,6.308541846050528
0.41600000000000015,-0.004999999999999005,0.493328549851514,0.11119986755680157,1.6861998675568,3.2611998675567984,6.411199867556795
0.5080000000000002,-0.007999999999999119,0.5477627269255838,0.11376027232598222,1.7137602723259806,3.313760272325979,6.5137602723259755
0.5080000000000002,-0.007999999999999119,0.6049145924739622,0.1122159063907403,1.7372159063907384,3.3622159063907366,6.612215906390733
0.6119999999999999,-0.007999999999999119,0.665161834440124,0.1143485260490224,1.7643485260490206,3.4143485260490185,6.714348526049015
0.7270000000000001,-0.007999999999999119,0.7279231326289868,0.11635508262841925,1.7913550826284173,3.4663550826284153,6.816355082628411
0.7270000000000001,-0.007999999999999119,0.7936932193723689,0.11841187624460155,1.8184118762445995,3.5184118762445973,6.918411876244593
0.7270000000000001,-0.007999999999999119,0.8585575854515862,0.1079926162546762,1.8329926162546741,3.557992616254672,7.0079926162546675
0.8510000000000002,-0.009000000000000341,0.9300943087816234,0.10972399343220145,1.8597239934321992,3.609723993432197,7.109723993432192
0.9890000000000001,-0.012000000000000455,1.004341881410515,0.11146630859692408,1.8864663085969218,3.6614663085969195,7.211466308596915
0.9890000000000001,-0.012000000000000455,1.0816127681656797,0.11322488571244274,1.9132248857124403,3.713224885712438,7.313224885712433
0.9890000000000001,-0.012000000000000455,1.163929916763748,0.10654332041372182,1.9315433204137193,3.7565433204137166,7.406543320413712
1.1370000000000002,-0.015999999999998238,1.24690149952876,0.10818131665315354,1.958181316653151,3.8081813166531484,7.508181316653143
1.2980000000000003,-0.019999999999999574,1.332992210610708,0.10988958319383603,1.9848895831938334,3.859889583193831,7.609889583193826
1.2980000000000003,-0.019999999999999574,1.4214542378197261,0.11151108346172338,2.0115110834617207,3.911511083461718,7.711511083461712
1.47,-0.021999999999998465,1.5167804044978788,0.10789813119390246,2.0328981311938996,3.9578981311938968,7.807898131193891
1.47,-0.021999999999998465,1.6107757052550988,0.10980112838364577,2.059801128383643,4.00980112838364,7.909801128383634
1.652,-0.021000000000000796,1.7073938524898282,0.11172209500101091,2.086722095001008,4.061722095001005,8.011722095000998
1.652,-0.021000000000000796,1.8065561517123527,0.11359225118505265,2.1135922511850493,4.113592251185047,8.11359225118504
1.652,-0.021000000000000796,1.9100587557447808,0.10871444550617902,2.133714445506176,4.158714445506172,8.208714445506166
1.8459999999999999,-0.022999999999999687,2.014562932709357,0.10996500696035803,2.1599650069603546,4.209965006960352,8.309965006960345
1.8459999999999999,-0.022999999999999687,2.1217338285492096,0.11133482820544578,2.1863348282054424,4.261334828205439,8.411334828205431
2.0469999999999997,-0.023999999999997357,2.2311511387745795,0.11262237146559848,2.212622371465595,4.312622371465592,8.512622371465584
2.0469999999999997,-0.023999999999997357,2.3434315543643134,0.1063445407202645,2.231344540720261,4.356344540720257,8.60634454072025
2.261,-0.027999999999998693,2.4574202570097046,0.10729641495444694,2.2572964149544434,4.407296414954439,8.707296414954433
2.4850000000000003,-0.030999999999998806,2.5738433584853233,0.10856681674119961,2.283566816741196,4.458566816741192,8.808566816741184
2.4850000000000003,-0.030999999999998806,2.6923869590571243,0.10986552477725668,2.309865524777253,4.509865524777249,8.909865524777242
2.4850000000000003,-0.030999999999998806,2.812025297746996,0.10484144999413043,2.3298414499941265,4.5548414499941225,9.004841449994116
2.716,-0.03399999999999892,2.9348525605596096,0.10530450054495469,2.3553045005449507,4.605304500544947,9.10530450054494
2.9590000000000005,-0.036999999999999034,3.059605326018825,0.10562600547643028,2.3806260054764263,4.655626005476422,9.205626005476415
2.9590000000000005,-0.036999999999999034,3.186581892140504,0.10590868705108741,2.4059086870510833,4.705908687051079,9.30590868705107
2.9590000000000005,-0.036999999999999034,3.3116955031776376,0.09862656250571018,2.423626562505706,4.748626562505701,9.398626562505694
3.21,-0.04100000000000037,3.4426426841134083,0.09873665029123202,2.448736650291228,4.798736650291223,9.498736650291214
3.21,-0.04100000000000037,3.575664385655644,0.09885770679244711,2.4738577067924425,4.8488577067924385,9.59885770679243
3.4670000000000005,-0.047999999999998266,3.7105276701220316,0.09905856886240186,2.4990585688623974,4.899058568862393,9.699058568862384
3.731,-0.05299999999999727,3.8406443533060224,0.09523927021647757,2.520239270216473,4.945239270216469,9.79523927021646
3.731,-0.05299999999999727,3.9798888616584267,0.09505842186434882,2.545058421864344,4.995058421864339,9.89505842186433
3.731,-0.05299999999999727,4.1210051853566885,0.0946941734485169,2.569694173448512,5.044694173448507,9.994694173448497
4.005,-0.05699999999999861,4.26427235529608,0.0945545866247165,2.5945545866247115,5.094554586624707,10.094554586624698
4.005,-0.05699999999999861,4.404896252376011,0.09039703362626371,2.615397033626259,5.140397033626254,10.190397033626244
4.288,-0.06299999999999883,4.551839223049817,0.09012999460712577,2.6401299946071206,5.1901299946071155,10.290129994607106
4.288,-0.06299999999999883,4.700607200316232,0.0901135778217249,2.6651135778217196,5.240113577821715,10.390113577821705
4.578,-0.06799999999999784,4.851199119382335,0.0901172550554378,2.6901172550554326,5.290117255055427,10.490117255055416
4.876,-0.0730000000000004,4.999221473746658,0.0845626255863168,2.7095626255863117,5.334562625586306,10.584562625586296
4.876,-0.0730000000000004,5.153530833856253,0.08372821983088322,2.7337282198308777,5.383728219830872,10.683728219830861
5.180000000000001,-0.0799999999999983,5.309703747934043,0.08251902048784199,2.7575190204878366,5.432519020487831,10.78251902048782
5.180000000000001,-0.0799999999999983,5.4676309757930595,0.08131312154591569,2.78131312154591,5.481313121545904,10.881313121545894
5.180000000000001,-0.0799999999999983,5.626575640106109,0.07663802361292439,2.801638023612919,5.526638023612913,10.976638023612901
5.492,-0.08699999999999974,5.788200450760192,0.07542417990691483,2.825424179906909,5.5754241799069035,11.075424179906891
5.492,-0.08699999999999974,5.95132112031607,0.07439425075268556,2.8493942507526797,5.624394250752673,11.174394250752663
5.813000000000001,-0.09600000000000009,6.116449448803654,0.07339622456685847,2.8733962245668527,5.673396224566846,11.273396224566834
5.813000000000001,-0.09600000000000009,6.281195989093356,0.070361374864413,2.895361374864407,5.720361374864401,11.37036137486439
6.138,-0.10299999999999798,6.449718281508886,0.06918964787361019,2.919189647873604,5.769189647873598,11.469189647873586
6.473000000000001,-0.10899999999999821,6.6199117250454,0.06801032584204794,2.943010325842042,5.818010325842035,11.568010325842023
6.473000000000001,-0.10899999999999821,6.791772928242142,0.06676643800977065,2.9667664380097643,5.866766438009758,11.666766438009745
6.473000000000001,-0.10899999999999821,6.966084927869108,0.05523590458598375,2.980235904585977,5.905235904585971,11.755235904585959
6.809000000000001,-0.11199999999999832,7.141435667914806,0.054002779397427966,3.0040027793974216,5.954002779397415,11.854002779397401
7.1579999999999995,-0.12099999999999866,7.3188030053889985,0.05257873876886726,3.027578738768861,6.002578738768854,11.95257873876884
7.1579999999999995,-0.12099999999999866,7.497895559876236,0.05048636699117064,3.050486366991164,6.050486366991158,12.050486366991144
7.51,-0.1269999999999989,7.6749386122998535,0.046776369928826875,3.0717763699288203,6.096776369928813,12.1467763699288
7.51,-0.1269999999999989,7.8581029478981534,0.044123925301301985,3.0941239253012953,6.1441239253012885,12.244123925301274
7.51,-0.1269999999999989,8.043016351462525,0.041422336531440763,3.116422336531434,6.191422336531427,12.341422336531412
7.873000000000001,-0.13599999999999923,8.230009788884997,0.03892955833074044,3.1389295583307333,6.238929558330726,12.438929558330713
8.243,-0.14899999999999736,8.422101383406915,0.028387421079442563,3.1533874210794353,6.278387421079429,12.528387421079413
8.243,-0.14899999999999736,8.613147046276618,0.026136462956154814,3.1761364629561477,6.32613646295614,12.626136462956126
8.619,-0.15700000000000003,8.806509779410415,0.023825843431586783,3.1988258434315795,6.373825843431573,12.723825843431557
8.619,-0.15700000000000003,9.001751629155969,0.021699519169046475,3.221699519169039,6.421699519169032,12.821699519169018
8.619,-0.15700000000000003,9.200279991664118,0.009435373482437405,3.23443537348243,6.459435373482423,12.909435373482408
9.009,-0.16499999999999915,9.399519518690893,0.007004290882392907,3.2570042908823855,6.507004290882378,13.007004290882362
9.402000000000001,-0.17099999999999937,9.600800796499033,0.0038261608008790804,3.2788261608008713,6.553826160800864,13.103826160800848
9.402000000000001,-0.17099999999999937,9.803702960260413,0.000336399369416132,3.3003363993694084,6.600336399369401,13.200336399369386
9.402000000000001,-0.17099999999999937,10.007565796762478,-0.01030239965330389,3.314697600346688,6.639697600346681,13.289697600346665
9.804,-0.18099999999999739,10.213977809589917,-0.013584739408121738,3.3364152605918704,6.686415260591862,13.386415260591846
10.213000000000001,-0.19500000000000028,10.422238587592823,-0.01708719705674224,3.35791280294325,6.7329128029432415,13.482912802943225
10.213000000000001,-0.19500000000000028,10.632281009932424,-0.020590065562099757,3.3794099344378923,6.779409934437884,13.579409934437868
10.213000000000001,-0.19500000000000028,10.839862366022425,-0.02678359683067564,3.3982164031693163,6.823216403169308,13.673216403169292
10.628,-0.20400000000000063,11.053410305528727,-0.029841655161746014,3.4201583448382458,6.870158344838237,13.77015834483822
10.628,-0.20400000000000063,11.268831564527678,-0.03271145928782904,3.4422885407121626,6.917288540712154,13.867288540712138
11.051,-0.2129999999999974,11.485722401064097,-0.03615347410012304,3.4638465258998687,6.96384652589986,13.963846525899843
11.482000000000001,-0.22199999999999775,11.703786017599558,-0.035327433725254924,3.4896725662747365,7.0146725662747285,14.06467256627471
11.482000000000001,-0.22199999999999775,11.923939583103886,-0.0389996618806083,3.5110003381193833,7.061000338119374,14.161000338119358
11.92,-0.23300000000000054,12.145868909313718,-0.04262511025558393,3.5323748897444074,7.107374889744398,14.257374889744382
11.92,-0.23300000000000054,12.368719739628915,-0.04665283721132573,3.5533471627886657,7.1533471627886565,14.353347162788639
12.361,-0.24399999999999977,12.598012312853943,-0.056849006996711,3.56815099300328,7.193150993003271,14.443150993003254
12.361,-0.24399999999999977,12.823565758711583,-0.06132691136439735,3.5886730886355935,7.238673088635585,14.538673088635568
12.808,-0.254999999999999,13.050540257580291,-0.06547851864389792,3.609521481356093,7.284521481356084,14.634521481356066
12.808,-0.254999999999999,13.278817177782786,-0.06893927125053202,3.6310607287494587,7.33106072874945,14.731060728749432
12.808,-0.254999999999999,13.502832181528026,-0.07640216247987215,3.6485978375201187,7.373597837520109,14.82359783752009
12.808,-0.254999999999999,13.732950788466798,-0.08017340684793105,3.6698265931520595,7.419826593152051,14.919826593152031
13.72,-0.2729999999999997,13.96345645785777,-0.08415942576102606,3.6908405742389645,7.465840574238955,15.015840574238936
13.72,-0.2729999999999997,14.194710224401758,-0.08790907914356967,3.712090920856421,7.512090920856411,15.112090920856392
13.72,-0.2729999999999997,14.419682189632749,-0.09451438190239808,3.7304856180975925,7.555485618097583,15.205485618097564
14.180000000000001,-0.2809999999999988,14.65198377469462,-0.09770055822588172,3.7522994417741087,7.6022994417740986,15.30229944177408
14.641,-0.29199999999999804,14.884986282614003,-0.10084268958084902,3.7741573104191413,7.649157310419131,15.399157310419112
14.641,-0.29199999999999804,15.118758547096553,-0.10405136990511907,3.795948630094871,7.695948630094861,15.495948630094842
14.641,-0.29199999999999804,15.355586902251527,-0.11125213517905368,3.8137478648209364,7.738747864820926,15.588747864820906
15.104000000000001,-0.2989999999999995,15.590975855589981,-0.11444724250301674,3.8355527574969734,7.785552757496963,15.685552757496943
15.104000000000001,-0.2989999999999995,15.826753830229759,-0.117983658123634,3.857016341876356,7.832016341876345,15.782016341876325
15.574,-0.3039999999999985,16.063260602142943,-0.12161561775920543,3.8783843822407844,7.878384382240774,15.878384382240753
15.574,-0.3039999999999985,16.299120292769793,-0.13181114220901385,3.893188857790976,7.918188857790965,15.968188857790945
16.044999999999998,-0.31299999999999883,16.53653928357022,-0.1350290799243005,3.9149709200756897,7.96497092007568,16.06497092007566
16.517,-0.3200000000000003,16.774012874799567,-0.13830540562342705,3.936694594376563,8.011694594376554,16.161694594376534
16.517,-0.3200000000000003,17.012243249848073,-0.14110791155618257,3.9588920884438084,8.058892088443798,16.25889208844378
16.988999999999997,-0.32399999999999807,17.24156656407946,-0.14900317367414279,3.9759968263258485,8.10099682632584,16.350996826325822
16.988999999999997,-0.32399999999999807,17.480414304450473,-0.15026570226395056,3.999734297736041,8.149734297736032,16.449734297736015
17.464,-0.3249999999999993,17.719161963944217,-0.1511952175740948,4.023804782425897,8.198804782425889,16.548804782425872
17.464,-0.3249999999999993,17.958224715282892,-0.1520127559912301,4.0479872440087625,8.247987244008755,16.64798724400874
17.464,-0.3249999999999993,18.19007436284604,-0.14707327536949852,4.077926724630494,8.302926724630487,16.752926724630473
17.944,-0.32099999999999795,18.428988228376546,-0.14726237868295008,4.102737621317043,8.352737621317036,16.852737621317022
18.421999999999997,-0.31700000000000017,18.667889394719133,-0.14721516697481468,4.127784833025179,8.402784833025171,16.95278483302516
18.421999999999997,-0.31700000000000017,18.90685536713964,-0.146377703645178,4.153622296354816,8.453622296354808,17.053622296354796
18.421999999999997,-0.31700000000000017,19.139028854066677,-0.14974454154322875,4.175255458456765,8.50025545845676,17.150255458456748
18.898,-0.31299999999999883,19.377801872517633,-0.14721048111162272,4.2027895188883715,8.552789518888366,17.252789518888356
19.372999999999998,-0.3019999999999996,19.616521563106843,-0.14403060308107762,4.230969396918917,8.605969396918912,17.3559693969189
19.372999999999998,-0.3019999999999996,19.855212599689576,-0.14050623002910057,4.259493769970894,8.65949376997089,17.45949376997088
19.372999999999998,-0.3019999999999996,20.09341284085772,-0.13607558193045888,4.288924418069536,8.713924418069531,17.563924418069522
19.848,-0.2859999999999978,20.331818400466076,-0.13097060901240157,4.319029390987594,8.76902939098759,17.669029390987582
19.848,-0.2859999999999978,20.569989794585506,-0.12476736042039151,4.3502326395796045,8.825232639579601,17.775232639579592
20.323999999999998,-0.2699999999999996,20.808098082117,-0.11738619910559651,4.3826138008944,8.882613800894397,17.88261380089439
20.323999999999998,-0.2699999999999996,21.038730060983564,-0.11618069694515808,4.408819303054838,8.933819303054836,17.98381930305483
20.799,-0.24899999999999878,21.276690438387543,-0.10629133772774309,4.443708662272254,8.993708662272251,18.093708662272245
20.799,-0.24899999999999878,21.514486857198804,-0.09501875854352303,4.479981241456475,9.054981241456472,18.204981241456466
21.272,-0.21999999999999886,21.752189219521103,-0.08249178847767744,4.517508211522321,9.117508211522319,18.317508211522313
21.272,-0.21999999999999886,21.984801675866454,-0.07481190799024792,4.55018809200975,9.175188092009748,18.425188092009744
21.744999999999997,-0.18299999999999983,22.22231034008463,-0.061489698077177,4.588510301922821,9.23851030192282,18.538510301922816
21.744999999999997,-0.18299999999999983,22.459976726930563,-0.04769003967783033,4.627309960322169,9.302309960322168,18.652309960322164
22.218999999999998,-0.14499999999999957,22.697758638759872,-0.03337132601042152,4.666628673989578,9.366628673989577,18.766628673989576
22.218999999999998,-0.14499999999999957,22.924203315891038,-0.02385793762822987,4.70114206237177,9.426142062371769,18.87614206237177
22.218999999999998,-0.14499999999999957,23.161763039117663,-0.006800956596161279,4.7431990434038385,9.49319904340384,18.993199043403838
22.694,-0.10699999999999932,23.39909924300817,0.01218887194097659,4.787188871940977,9.562188871940977,19.11218887194098
23.168999999999997,-0.06400000000000006,23.636083584829098,0.03320564287131828,4.833205642871319,9.633205642871319,19.233205642871322
23.168999999999997,-0.06400000000000006,23.870921313278792,0.045054958100174985,4.870054958100176,9.695054958100178,19.345054958100178
23.642999999999997,-0.012000000000000455,24.107474985881296,0.06888557392780542,4.918885573927807,9.768885573927808,19.46888557392781
24.113999999999997,0.05100000000000193,24.343818696410253,0.09370528768871966,4.968705287688722,9.843705287688723,19.593705287688728
24.113999999999997,0.05100000000000193,24.580077076672147,0.11947188301696177,5.019471883016964,9.919471883016966,19.719471883016972
24.113999999999997,0.05100000000000193,24.8076672190315,0.14437725462162848,5.069377254621631,9.994377254621634,19.844377254621637
24.584999999999997,0.11700000000000088,25.043518377158172,0.17245222896470655,5.122452228964709,10.072452228964712,19.972452228964716
24.584999999999997,0.11700000000000088,25.279122909484546,0.20168122350409265,5.1766812235040955,10.151681223504099,20.101681223504105
25.052999999999997,0.18400000000000105,25.51461183411325,0.23225130203592897,5.232251302035933,10.232251302035936,20.232251302035944
25.052999999999997,0.18400000000000105,25.746385882147074,0.25915528879312644,5.28415528879313,10.309155288793134,20.359155288793144
25.52,0.25800000000000267,25.981453827101564,0.2924886820151048,5.342488682015109,10.392488682015113,20.49248868201512
25.52,0.25800000000000267,26.2164432294114,0.3268914610200498,5.401891461020054,10.47689146102006,20.62689146102007
25.988,0.33699999999999974,26.451236003243167,0.36250528489385453,5.46250528489386,10.562505284893865,20.762505284893873
25.988,0.33699999999999974,26.679186907923395,0.391738806144647,5.5167388061446525,10.641738806144657,20.89173880614467
26.453999999999997,0.4209999999999994,26.913560617842577,0.430296384686885,5.580296384686891,10.730296384686897,21.030296384686906
26.453999999999997,0.4209999999999994,27.147724646397936,0.4702662631793547,5.64526626317936,10.820266263179366,21.17026626317938
26.915999999999997,0.5109999999999992,27.381881874245142,0.5113289471864756,5.711328947186482,10.911328947186488,21.3113289471865
26.915999999999997,0.5109999999999992,27.606205604521488,0.5491694941650298,5.7741694941650366,10.999169494165043,21.449169494165055
26.915999999999997,0.5109999999999992,27.839160839711013,0.5941043170030159,5.844104317003023,11.09410431700303,21.594104317003044
26.915999999999997,0.5109999999999992,28.071897126598973,0.640598713378313,5.91559871337832,11.190598713378328,21.740598713378343
27.383,0.6039999999999992,28.304192763559662,0.6880048854172495,5.988004885417257,11.288004885417266,21.88800488541728
27.845,0.7059999999999995,28.53884338991992,0.7312996911694316,6.05629969116944,11.381299691169447,22.031299691169465
27.845,0.7059999999999995,28.770856237298545,0.7809019823296719,6.13090198232968,11.480901982329689,22.180901982329708
28.305999999999997,0.8150000000000013,29.002616394543825,0.8315563526963735,6.206556352696382,11.581556352696392,22.33155635269641
28.762999999999998,0.929000000000002,29.23419406317401,0.8831020881205687,6.283102088120578,11.683102088120588,22.483102088120607
28.762999999999998,0.929000000000002,29.465631321358394,0.9224432485493395,6.347443248549349,11.772443248549358,22.622443248549377
29.221,1.0400000000000027,29.696868501132997,0.9759905666106606,6.425990566610671,11.87599056661068,22.7759905666107
29.221,1.0400000000000027,29.92784682603151,1.0308980308339246,6.505898030833935,11.980898030833945,22.930898030833966
29.68,1.1550000000000011,30.158551276535988,1.087070006088993,6.587070006089004,12.087070006089014,23.087070006089036
29.68,1.1550000000000011,30.384475110645802,1.1389348719777463,6.663934871977757,12.188934871977768,23.23893487197779
30.135999999999996,1.277000000000001,30.61449678015115,1.198587015696362,6.748587015696374,12.298587015696384,23.398587015696407
30.135999999999996,1.277000000000001,30.84410980229516,1.2588962732576925,6.833896273257704,12.408896273257715,23.55889627325774
30.592,1.402000000000001,31.073650610470565,1.3192388986019885,6.919238898602001,12.519238898602012,23.719238898602036
30.592,1.402000000000001,31.294975957954307,1.3745229278360638,6.999522927836076,12.62452292783609,23.874522927836114
31.049,1.5300000000000011,31.524153192039037,1.4362185868935593,7.0862185868935725,12.736218586893585,24.03621858689361
31.049,1.5300000000000011,31.75307269656705,1.4989796931057264,7.173979693105739,12.848979693105752,24.19897969310578
31.501999999999995,1.6600000000000001,31.98175825757073,1.5626961344811567,7.26269613448117,12.962696134481185,24.36269613448121
31.501999999999995,1.6600000000000001,32.20855452920796,1.6167603017214844,7.341760301721498,13.066760301721512,24.51676030172154
31.501999999999995,1.6600000000000001,32.43649248848508,1.6817207485533798,7.431720748553394,13.181720748553408,24.68172074855344
31.958,1.7910000000000004,32.66406756481124,1.747372852266587,7.522372852266601,13.297372852266616,24.847372852266645
32.412,1.9250000000000007,32.89125251612223,1.8138280991167752,7.61382809911679,13.413828099116806,25.013828099116836
32.412,1.9250000000000007,33.116088324073914,1.8757144911426802,7.700714491142696,13.525714491142711,25.17571449114274
32.862,2.0630000000000006,33.34285278507462,1.94334926149659,7.793349261496606,13.64334926149662,25.343349261496652
33.311,2.200000000000001,33.56967892789812,2.0110825870950566,7.886082587095073,13.761082587095089,25.51108258709512
33.311,2.200000000000001,33.79638339327773,2.0788869302382005,7.978886930238216,13.878886930238233,25.678886930238267
33.762,2.3360000000000003,34.018076625959935,2.143112518623085,8.068112518623101,13.993112518623118,25.84311251862315
33.762,2.3360000000000003,34.2446366133134,2.2110855294312746,8.161085529431292,14.111085529431309,26.01108552943134
33.762,2.3360000000000003,34.47128410685559,2.2788278071818784,8.253827807181896,14.228827807181913,26.178827807181946
34.214,2.4680000000000017,34.69767466533303,2.3469949913345327,8.346994991334551,14.346994991334569,26.346994991334604
34.665,2.6030000000000015,34.92167716903646,2.409567861668128,8.434567861668146,14.459567861668164,26.509567861668202
34.665,2.6030000000000015,35.147815661574654,2.479054422971429,8.529054422971448,14.579054422971467,26.679054422971504
34.665,2.6030000000000015,35.37360976849644,2.5482682321765284,8.623268232176548,14.698268232176567,26.848268232176604
35.115,2.74,35.599835524873036,2.617194902115502,8.717194902115521,14.81719490211554,27.017194902115577
35.115,2.74,35.82235620166804,2.682046741645271,8.80704674164529,14.93204674164531,27.18204674164535
35.565999999999995,2.8750000000000018,36.04841928633424,2.750944485383242,8.900944485383262,15.050944485383281,27.350944485383323
36.016999999999996,3.0060000000000002,36.274317435656805,2.8200043350253776,8.995004335025397,15.170004335025418,27.520004335025458
36.016999999999996,3.0060000000000002,36.50032384708825,2.888296638347939,9.088296638347959,15.28829663834798,27.68829663834802
36.016999999999996,3.0060000000000002,36.7249782450932,2.9516386653158193,9.17663866531584,15.401638665315861,27.851638665315903
36.016999999999996,3.0060000000000002,36.95103482525012,3.019319919247064,9.269319919247085,15.519319919247106,28.01931991924715
36.472,3.1380000000000017,37.17709861725444,3.0865675845906955,9.361567584590716,15.63656758459074,28.186567584590783
36.472,3.1380000000000017,37.403364636362234,3.1540699914492087,9.45406999144923,15.754069991449253,28.354069991449297
36.923,3.2670000000000012,37.62436168383642,3.213676190671903,9.538676190671925,15.863676190671947,28.513676190671994
37.376,3.394,37.850964031129855,3.2802139935494656,9.63021399354949,15.980213993549512,28.680213993549557
37.829,3.5220000000000002,38.07762915483449,3.3461545271780158,9.721154527178038,16.09615452717806,28.846154527178108
37.829,3.5220000000000002,38.30472633619982,3.411629195553526,9.81162919555355,16.211629195553574,29.01162919555362
37.829,3.5220000000000002,38.52843440956371,3.473287642860558,9.898287642860582,16.323287642860606,29.173287642860654
38.284,3.6480000000000015,38.75564916029421,3.5381604177332684,9.988160417733292,16.438160417733318,29.338160417733366
38.284,3.6480000000000015,38.98285446311931,3.6032540417911845,10.078254041791208,16.553254041791234,29.503254041791283
38.739,3.769,39.210181298594456,3.6685769264647803,10.168576926464805,16.66857692646483,29.66857692646488
39.193,3.8880000000000017,39.43480317539541,3.726827936965727,10.251827936965752,16.776827936965777,29.826827936965827
39.193,3.8880000000000017,39.66242752900998,3.7921491200284163,10.342149120028441,16.892149120028467,29.992149120028518
39.193,3.8880000000000017,39.890532177822124,3.8565182100563558,10.431518210056382,17.006518210056406,30.15651821005646
39.649,4.006,40.119101146191234,3.9195322360247786,10.519532236024805,17.11953223602483,30.319532236024884
40.108,4.1190000000000015,40.3486945738681,3.9769099080176127,10.601909908017639,17.226909908017667,30.47690990801772
40.108,4.1190000000000015,40.57838793296594,4.037189683523225,10.687189683523252,17.337189683523277,30.63718968352333
40.568,4.220000000000001,40.80829885153428,4.095984943362311,10.770984943362338,17.445984943362365,30.79598494336242
40.568,4.220000000000001,41.03892588954666,4.153129524466712,10.85312952446674,17.55312952446677,30.953129524466824
40.568,4.220000000000001,41.27073373176689,4.202164127436713,10.927164127436741,17.65216412743677,31.102164127436826
41.033,4.312000000000001,41.50235702137869,4.2564665374213115,11.006466537421339,17.756466537421367,31.256466537421424
41.033,4.312000000000001,41.73437200857402,4.309886897082834,11.084886897082864,17.85988689708289,31.40988689708295
41.498,4.3980000000000015,41.966958587748884,4.362353118787262,11.16235311878729,17.96235311878732,31.562353118787378
41.966,4.4830000000000005,42.19365446519326,4.411209406601381,11.23620940660141,18.061209406601442,31.711209406601498
41.966,4.4830000000000005,42.42725146337863,4.460611990860446,11.310611990860476,18.160611990860506,31.860611990860566
41.966,4.4830000000000005,42.661323827574776,4.508139812259607,11.383139812259637,18.258139812259667,32.00813981225973
42.433,4.564000000000002,42.89574917207903,4.5540438373377174,11.454043837337748,18.354043837337777,32.15404383733784
42.903999999999996,4.634,43.12780577438806,4.594215460706944,11.519215460706974,18.444215460707007,32.294215460707065
42.903999999999996,4.634,43.36311055329103,4.636667073266625,11.586667073266657,18.53666707326669,32.43666707326675
42.903999999999996,4.634,43.59888153849885,4.677226830472653,11.652226830472685,18.627226830472715,32.57722683047278
43.376,4.6960000000000015,43.83508031362539,4.715923853522612,11.715923853522643,18.715923853522675,32.71592385352274
43.85,4.750000000000002,44.06869286372378,4.741558493743179,11.766558493743211,18.791558493743246,32.84155849374331
43.85,4.750000000000002,44.30575957309877,4.777446256256955,11.827446256256987,18.87744625625702,32.97744625625708
43.85,4.750000000000002,44.54319382063241,4.811426711604395,11.886426711604429,18.96142671160446,33.11142671160453
44.324999999999996,4.799000000000001,44.78081890828641,4.84354437847669,11.943544378476723,19.043544378476756,33.24354437847683
44.803,4.844000000000001,45.01931423514402,4.8700103019260235,11.995010301926058,19.12001030192609,33.37001030192616
44.803,4.844000000000001,45.257726435571904,4.899133556216721,12.049133556216756,19.19913355621679,33.499133556216854
44.803,4.844000000000001,45.496064809849045,4.926511266181643,12.101511266181678,19.27651126618171,33.62651126618178
45.281,4.884,45.734806772016455,4.952451944914587,12.152451944914622,19.352451944914655,33.752451944914725
45.281,4.884,45.96776183121906,4.960337861688643,12.185337861688678,19.410337861688713,33.860337861688784
45.757999999999996,4.916,46.20626505976065,4.984363317140555,12.234363317140591,19.484363317140627,33.9843633171407
46.235,4.950000000000001,46.44450043830549,5.007026970444082,12.282026970444118,19.557026970444156,34.107026970444224
46.235,4.950000000000001,46.68293156833294,5.028145320243866,12.328145320243902,19.628145320243938,34.22814532024401
46.235,4.950000000000001,46.91842825820706,5.044411984532276,12.369411984532313,19.69441198453235,34.34441198453242
46.713,4.981000000000002,47.15644154989264,5.063546510909116,12.413546510909153,19.76354651090919,34.46354651090926
47.189,5.0070000000000014,47.39438378473903,5.081611038338948,12.456611038338984,19.831611038339023,34.5816110383391
47.189,5.0070000000000014,47.63200248867804,5.098636839136361,12.498636839136399,19.898636839136437,34.69863683913651
47.664,5.031000000000001,47.865865501552776,5.10316494474539,12.528164944745427,19.953164944745467,34.80316494474554
47.664,5.031000000000001,48.10308715964363,5.1185935748293465,12.568593574829386,20.018593574829424,34.9185935748295
47.664,5.031000000000001,48.33992735346757,5.133276635746776,12.608276635746815,20.083276635746852,35.03327663574693
48.138,5.054,48.576795409831,5.146620478924035,12.646620478924074,20.146620478924113,35.14662047892419
48.61,5.073,48.80436457702117,5.154410758315985,12.679410758316024,20.204410758316065,35.25441075831614
48.61,5.073,49.040479402863916,5.1680321692482405,12.71803216924828,20.268032169248322,35.3680321692484
48.61,5.073,49.27628624799598,5.1818664709431905,12.75686647094323,20.33186647094327,35.48186647094335
49.085,5.090000000000002,49.51188201878723,5.195352307544838,12.795352307544878,20.39535230754492,35.595352307545
49.555,5.110000000000001,49.745891279349834,5.203192279763841,12.828192279763883,20.453192279763922,35.703192279764004
49.555,5.110000000000001,49.98092807228518,5.214267831924351,12.864267831924392,20.514267831924435,35.81426783192452
50.025,5.127000000000001,50.21524134943936,5.2252298725473985,12.90022987254744,20.57522987254748,35.92522987254756
50.025,5.127000000000001,50.449045511260614,5.236420392123699,12.93642039212374,20.63642039212378,36.036420392123865
50.025,5.127000000000001,50.681500696242104,5.232660621262996,12.957660621263038,20.682660621263082,36.13266062126316
50.025,5.127000000000001,50.914209115334124,5.24306080436773,12.993060804367772,20.743060804367815,36.2430608043679
50.492999999999995,5.144,51.146708449261226,5.253193591418943,13.028193591418987,20.803193591419028,36.353193591419114
50.958999999999996,5.16,51.37865692267996,5.26346650535312,13.063466505353164,20.86346650535321,36.463466505353296
50.958999999999996,5.16,51.61066804034079,5.267559788335975,13.092559788336018,20.917559788336064,36.56755978833615
51.423,5.176,51.84181515112977,5.2764556053518215,13.126455605351865,20.97645560535191,36.676455605352
51.423,5.176,52.0723576353926,5.2850292808312735,13.160029280831317,21.035029280831363,36.78502928083145
51.885999999999996,5.188000000000001,52.302593135075824,5.293548764921693,13.193548764921736,21.09354876492178,36.893548764921874
52.347,5.199000000000002,52.53118454221384,5.2927021941312145,13.21770219413126,21.142702194131303,36.9927021941314
52.347,5.199000000000002,52.760460355140765,5.299531192770189,13.249531192770235,21.19953119277028,37.09953119277037
52.804,5.209000000000001,52.989271858154105,5.306362319796995,13.28136231979704,21.256362319797088,37.20636231979718
52.804,5.209000000000001,53.21773386879346,5.314154522661985,13.314154522662031,21.31415452266208,37.31415452266217
53.260999999999996,5.216000000000001,53.44295250801051,5.3088922198023045,13.333892219802351,21.3588922198024,37.40889221980249
53.260999999999996,5.216000000000001,53.6703974233444,5.316838537148341,13.366838537148388,21.416838537148436,37.51683853714853
53.260999999999996,5.216000000000001,53.89705033754063,5.323919237451172,13.398919237451219,21.473919237451266,37.62391923745136
53.716,5.229000000000001,54.123246565316904,5.3305365264102855,13.430536526410332,21.53053652641038,37.730536526410475
53.716,5.229000000000001,54.35200357015901,5.327738377976182,13.45273837797623,21.577738377976278,37.827738377976374
54.171,5.24,54.576914368003784,5.333318392925993,13.48331839292604,21.63331839292609,37.93331839292619
54.623,5.247000000000002,54.8011661122227,5.337844805467926,13.512844805467974,21.687844805468025,38.03784480546812
54.623,5.247000000000002,55.0246453612295,5.341513002415929,13.541513002415979,21.741513002416028,38.141513002416126
54.623,5.247000000000002,55.24293737372291,5.3389510996742215,13.56395109967427,21.78895109967432,38.238951099674416
54.623,5.247000000000002,55.46446055469504,5.342351315782195,13.592351315782246,21.842351315782295,38.342351315782395
55.071,5.251000000000001,55.68468288497427,5.346123271632119,13.621123271632168,21.89612327163222,38.44612327163232
55.516,5.250000000000002,55.90382045906915,5.349977398299138,13.649977398299189,21.94997739829924,38.54997739829934
55.516,5.250000000000002,56.12241528629795,5.341281905629051,13.666281905629102,21.99128190562915,38.641281905629256
55.954,5.253,56.338809329330985,5.345240431249657,13.695240431249708,22.04524043124976,38.74524043124986
56.388,5.259,56.55347722906734,5.349184349627018,13.72418434962707,22.099184349627123,38.84918434962722
56.388,5.259,56.766210965468,5.352663885073016,13.75266388507307,22.15266388507312,38.95266388507322
56.388,5.259,56.97364364771576,5.351004778319863,13.776004778319916,22.20100477831997,39.05100477832007
56.817,5.264000000000001,57.18127668176132,5.353673515312064,13.803673515312116,22.25367351531217,39.15367351531228
56.817,5.264000000000001,57.38593372304699,5.356555607366973,13.831555607367026,22.30655560736708,39.25655560736718
57.238,5.269,57.587294694015824,5.3596944682455865,13.859694468245639,22.359694468245692,39.3596944682458
57.649,5.271000000000001,57.78018138471152,5.351795814471366,13.87679581447142,22.401795814471473,39.45179581447158
57.649,5.271000000000001,57.97421309218319,5.3543860261935965,13.90438602619365,22.454386026193703,39.55438602619381
57.649,5.271000000000001,58.16434310844728,5.3571080091583285,13.932108009158384,22.507108009158436,39.65710800915855
58.043,5.276000000000002,58.35032561089004,5.360011276925331,13.960011276925385,22.56001127692544,39.76001127692555
58.423,5.281000000000001,58.53021626198784,5.354185483232051,13.979185483232106,22.60418548323216,39.85418548323227
58.423,5.281000000000001,58.70831404469213,5.3568180308522635,14.006818030852319,22.656818030852374,39.95681803085249
58.788,5.286000000000001,58.88275138599625,5.359096783299839,14.034096783299894,22.70909678329995,40.05909678330006
58.788,5.286000000000001,59.05313470994892,5.36106640181638,14.061066401816436,22.761066401816493,40.161066401816605
58.788,5.286000000000001,59.21540888300641,5.360957343903668,14.085957343903726,22.81095734390378,40.2609573439039
58.788,5.286000000000001,59.3775038429269,5.3632306947404755,14.113230694740533,22.86323069474059,40.3632306947407
59.467,5.290000000000001,59.53557074919771,5.365930450823251,14.140930450823308,22.915930450823367,40.46593045082348
59.467,5.290000000000001,59.68965771954164,5.368842378137213,14.16884237813727,22.968842378137328,40.56884237813745
59.467,5.290000000000001,59.836357948789924,5.3652217614490345,14.190221761449092,23.01522176144915,40.66522176144927
59.783,5.293000000000001,59.98262289097368,5.367754439558626,14.217754439558684,23.06775443955874,40.76775443955886
60.080999999999996,5.297000000000001,60.12497048631729,5.370121422918144,14.245121422918203,23.12012142291826,40.87012142291838
60.080999999999996,5.297000000000001,60.26330298756428,5.372486877283672,14.27248687728373,23.172486877283788,40.972486877283906
60.365,5.299000000000001,60.39681203522956,5.367038520045105,14.292038520045164,23.21703852004522,41.067038520045344
60.365,5.299000000000001,60.52735360320891,5.369568987135072,14.319568987135131,23.26956898713519,41.16956898713531
60.365,5.299000000000001,60.653709112120424,5.37215078128291,14.34715078128297,23.322150781283028,41.27215078128315
60.632,5.301,60.776252224635186,5.374787278234283,14.374787278234344,23.374787278234404,41.37478727823452
60.884,5.3050000000000015,60.89026126307037,5.373150047203927,14.398150047203988,23.423150047204047,41.47315004720417
60.884,5.3050000000000015,61.00451142577369,5.3751984207782035,14.425198420778266,23.475198420778327,41.57519842077845
60.884,5.3050000000000015,61.11461232760554,5.3767790682506185,14.45177906825068,23.52677906825074,41.676779068250866
61.12,5.309000000000001,61.2206770774856,5.378028097622276,14.478028097622339,23.5780280976224,41.778028097622524
61.339,5.312000000000001,61.31909547526725,5.372520298781802,14.497520298781865,23.622520298781925,41.87252029878205
61.339,5.312000000000001,61.41698548509733,5.3738963699301125,14.523896369930174,23.673896369930237,41.973896369930365
61.543,5.309000000000001,61.51086158427606,5.3753547546656515,14.550354754665715,23.725354754665776,42.0753547546659
61.543,5.309000000000001,61.600711902105786,5.376708864135004,14.576708864135068,23.77670886413513,42.17670886413526
61.543,5.309000000000001,61.68268352662526,5.373712060666831,14.598712060666895,23.823712060666956,42.27371206066709
61.543,5.309000000000001,61.76471885390602,5.3756386371978016,14.625638637197866,23.87563863719793,42.37563863719806
61.729,5.309000000000001,61.84249412672819,5.377718396966135,14.6527183969662,23.927718396966263,42.477718396966395
61.900999999999996,5.314000000000002,61.91627833377545,5.3793095573729435,14.679309557373008,23.97930955737307,42.5793095573732
61.900999999999996,5.314000000000002,61.97932580016793,5.371557231075251,14.696557231075316,24.02155723107538,42.67155723107551
62.055,5.315000000000001,62.04485417547163,5.372408462646328,14.722408462646394,24.072408462646457,42.77240846264659
62.19499999999999,5.316000000000001,62.10625956555537,5.373663609913803,14.74866360991387,24.123663609913933,42.87366360991407
62.19499999999999,5.316000000000001,62.16354604645126,5.375434915200788,14.775434915200854,24.17543491520092,42.97543491520105
62.316,5.318000000000001,62.21506440265746,5.372423748331523,14.797423748331589,24.222423748331657,43.072423748331786
62.316,5.318000000000001,62.26522152765292,5.374201538873329,14.824201538873396,24.274201538873463,43.1742015388736
62.316,5.318000000000001,62.31256709566849,5.375751485636425,14.850751485636492,24.32575148563656,43.27575148563669
62.423,5.318000000000001,62.357393774614074,5.377158081404224,14.877158081404293,24.37715808140436,43.377158081404495
62.423,5.318000000000001,62.39421009344345,5.373572625360202,14.89857262536027,24.423572625360336,43.473572625360475
62.516000000000005,5.3210000000000015,62.435169930915684,5.375256262176143,14.925256262176212,24.47525626217628,43.57525626217642
62.516000000000005,5.3210000000000015,62.474432436588025,5.37687061652101,14.951870616521077,24.526870616521148,43.676870616521285
62.601,5.3210000000000015,62.511899779710596,5.378243674413236,14.978243674413305,24.578243674413372,43.77824367441351
62.679,5.323,62.53562665803772,5.37852149547192,15.00352149547199,24.628521495472057,43.8785214954722
62.679,5.323,62.56954283802917,5.379706833497879,15.029706833497949,24.679706833498017,43.979706833498156
62.751000000000005,5.322000000000001,62.60180823143607,5.380999087439469,15.055999087439538,24.73099908743961,44.08099908743975
62.751000000000005,5.322000000000001,62.63190323872603,5.382376386289808,15.082376386289878,24.782376386289947,44.18237638629009
62.751000000000005,5.322000000000001,62.6559495155963,5.377786684457742,15.102786684457813,24.827786684457884,44.27778668445802
62.751000000000005,5.322000000000001,62.681543192258545,5.379069128022782,15.129069128022852,24.879069128022923,44.37906912802307
62.81399999999999,5.322000000000001,62.704698627305056,5.380306474310024,15.155306474310095,24.930306474310168,44.48030647431031
62.870999999999995,5.325000000000001,62.7252188905144,5.381401167418952,15.181401167419024,24.981401167419094,44.58140116741924
62.870999999999995,5.325000000000001,62.7369291098173,5.376439002845207,15.20143900284528,25.02643900284535,44.6764390028455
62.916,5.3260000000000005,62.75136508206638,5.377716358909455,15.227716358909529,25.0777163589096,44.77771635890974
62.95099999999999,5.325000000000001,62.76254899790437,5.379044049666966,15.254044049667039,25.12904404966711,44.87904404966726
62.95099999999999,5.325000000000001,62.770155389280866,5.380328570877654,15.280328570877728,25.1803285708778,44.980328570877944
62.974999999999994,5.325000000000001,62.77179596020122,5.378856148362072,15.303856148362145,25.22885614836222,45.07885614836236
62.974999999999994,5.325000000000001,62.77239790093068,5.379836142501306,15.32983614250138,25.279836142501452,45.1798361425016
62.982,5.325000000000001,62.76983076292081,5.380909144909423,15.355909144909496,25.330909144909572,45.28090914490972
62.982,5.325000000000001,62.76607635682434,5.382118632890562,15.382118632890638,25.382118632890712,45.38211863289086
62.976,5.325000000000001,62.75730017169418,5.375278597449065,15.400278597449141,25.425278597449214,45.47527859744937
62.976,5.325000000000001,62.75616388375754,5.376447035747309,15.426447035747383,25.47644703574746,45.57644703574761
62.976,5.325000000000001,62.756720993246844,5.377380985296683,15.45238098529676,25.527380985296833,45.677380985296985
62.968,5.3260000000000005,62.75815928220537,5.378309923869355,15.478309923869432,25.578309923869508,45.77830992386966
62.97,5.325000000000001,62.757317378266464,5.374427163176999,15.499427163177074,25.624427163177153,45.8744271631773
62.97,5.325000000000001,62.75777347846114,5.375474526561889,15.525474526561965,25.67547452656204,45.975474526562195
62.973,5.325000000000001,62.75740913767408,5.376493069203994,15.55149306920407,25.726493069204146,46.076493069204304
62.973,5.325000000000001,62.75671994665835,5.377518339182842,15.57751833918292,25.777518339182997,46.17751833918315
62.973,5.325000000000001,62.75206848955486,5.374365050574006,15.599365050574084,25.824365050574162,46.27436505057432
62.973,5.325000000000001,62.75186243213131,5.375306198261964,15.625306198262042,25.87530619826212,46.37530619826228
62.973,5.323,62.752035921151844,5.376281066621714,15.651281066621792,25.926281066621872,46.47628106662203
62.973,5.323,62.75226410836105,5.377335697596155,15.677335697596234,25.977335697596313,46.57733569759647
62.973,5.323,62.75011589450915,5.374551850681072,15.69955185068115,26.02455185068123,46.67455185068139
62.97,5.324000000000002,62.75012287628766,5.375461608262391,15.72546160826247,26.07546160826255,46.77546160826271
62.973,5.325000000000001,62.74986907383094,5.376359366675012,15.751359366675093,26.12635936667517,46.87635936667533
62.973,5.325000000000001,62.74959949790766,5.37727457966244,15.777274579662521,26.1772745796626,46.97727457966276
