0.0,0.0,-0.0010448005609400022,0.0011577670033524649,0.05115776700335247,0.10115776700335247,0.20115776700335247
0.0,0.0,-0.0020761276658171736,0.0023490701776323446,0.07734907017763236,0.15234907017763236,0.3023490701776324
0.0,0.0,-0.0031036277954967655,0.0036723994970680593,0.10367239949706807,0.20367239949706806,0.40367239949706807
0.0,0.0,-0.007631688763481413,0.004727861598418236,0.12972786159841823,0.25472786159841826,0.5047278615984182
0.0,0.0,-0.008651911238279719,0.005975542822464811,0.1559755428224648,0.3059755428224648,0.6059755428224648
0.0,-0.0009999999999994458,-0.00965309567036224,0.007185225409139362,0.18218522540913934,0.35718522540913933,0.7071852254091393
0.0,-0.0009999999999994458,-0.010750489265968317,0.011716988886954594,0.2117169888869546,0.41171698888695457,0.8117169888869545
0.0009999999999994458,0.0,-0.011822426366066152,0.012957091326428864,0.23795709132642884,0.4629570913264288,0.9129570913264288
0.0009999999999994458,0.0,-0.012909566883480578,0.014195332462905639,0.2641953324629056,0.5141953324629056,1.0141953324629056
0.0,0.0,-0.013977574141036085,0.015433828456736937,0.29043382845673693,0.5654338284567368,1.1154338284567369
0.0,0.0,-0.014543238164022516,0.020267507738319666,0.32026750773831963,0.6202675077383196,1.2202675077383196
0.0,-0.0009999999999994458,-0.015584314250203323,0.021554608970022756,0.34655460897002277,0.6715546089700227,1.3215546089700227
0.0,-0.0009999999999994458,-0.01667376812985509,0.02282728761387665,0.3728272876138767,0.7228272876138767,1.4228272876138768
-0.001000000000000334,0.0009999999999994458,-0.017754241874456178,0.024108615042318555,0.3991086150423186,0.7741086150423186,1.5241086150423189
-0.001000000000000334,0.0009999999999994458,-0.017567179295575837,0.028418324637780067,0.4284183246377801,0.8284183246377802,1.6284183246377804
0.0,0.0009999999999994458,-0.01864696375553778,0.029666880511725988,0.4546668805117261,0.8796668805117261,1.7296668805117263
0.0,0.0009999999999994458,-0.01971819762264585,0.030956246769361907,0.48095624676936205,0.9309562467693622,1.8309562467693623
0.0,0.0009999999999994458,-0.02075697287564308,0.03226175171022234,0.5072617517102225,0.9822617517102227,1.932261751710223
0.0,0.0009999999999994458,-0.02162098489368965,0.03707096923466549,0.5370709692346656,1.0370709692346658,2.037070969234666
-0.001000000000000334,0.0,-0.022697516316771693,0.038357010630512695,0.5633570106305128,1.088357010630513,2.1383570106305134
-0.001000000000000334,0.0,-0.023804007056914524,0.039632712785028404,0.5896327127850286,1.1396327127850288,2.239632712785029
0.0,0.0,-0.0248603129630243,0.04090420957324242,0.6159042095732425,1.1909042095732427,2.3409042095732433
0.0,0.0,-0.025923378592704934,0.04224864045397593,0.6422486404539761,1.2422486404539763,2.4422486404539767
0.0,0.0009999999999994458,-0.028440220916489175,0.04661430255736769,0.6716143025573679,1.2966143025573682,2.5466143025573684
0.0,0.0009999999999994458,-0.02956259174034473,0.047969134887758676,0.6979691348877589,1.3479691348877592,2.64796913488776
0.0,0.0009999999999994458,-0.030641129046099662,0.04929642079657607,0.7242964207965763,1.3992964207965766,2.7492964207965773
0.0,0.0009999999999994458,-0.03308134833181321,0.05319134850135574,0.753191348501356,1.4531913485013563,2.853191348501357
-0.001000000000000334,0.0,-0.0341769529045467,0.05455436719095601,0.7795543671909563,1.5045543671909567,2.954554367190957
-0.001000000000000334,0.0,-0.03529727019843272,0.055899279877924306,0.8058992798779246,1.555899279877925,3.0558992798779254
0.0,0.0009999999999994458,-0.03637237971550833,0.05724162128829785,0.8322416212882982,1.6072416212882985,3.1572416212882994
0.0,0.0009999999999994458,-0.030197120869998324,0.061854121160143584,0.8618541211601439,1.6618541211601443,3.261854121160145
0.0,0.0009999999999994458,-0.031242226964889028,0.06322663625348521,0.8882266362534856,1.713226636253486,3.363226636253487
0.0,0.0009999999999994458,-0.03233214795545389,0.06461417772349051,0.914614177723491,1.7646141777234914,3.464614177723492
0.0,0.0009999999999994458,-0.03335747155704571,0.06597478267943435,0.9409747826794348,1.8159747826794352,3.565974782679436
0.0009999999999994458,0.0009999999999994458,-0.03239175180879341,0.07203148384774839,0.9720314838477488,1.8720314838477494,3.6720314838477504
0.0,0.0019999999999988916,-0.033413942763734744,0.07342008511365687,0.9984200851136573,1.9234200851136578,3.773420085113659
0.0,0.0019999999999988916,-0.034476065386997275,0.07482109312864904,1.0248210931286494,1.97482109312865,3.8748210931286513
-0.001000000000000334,0.0019999999999988916,-0.035487255531555684,0.07622862375230527,1.0512286237523059,2.0262286237523064,3.9762286237523075
-0.001000000000000334,0.0019999999999988916,-0.03718849528714649,0.08160194161569723,1.0816019416156977,2.0816019416156983,4.081601941615699
-0.001000000000000334,0.0019999999999988916,-0.0381403602023605,0.0830161767816746,1.108016176781675,2.133016176781675,4.183016176781676
-0.001000000000000334,0.0019999999999988916,-0.03906400664386811,0.08446266388450749,1.1344626638845077,2.184462663884508,4.284462663884509
0.0,0.0019999999999988916,-0.03996379391755745,0.08587343657029832,1.1608734365702984,2.235873436570299,4.385873436570299
0.0,0.0019999999999988916,-0.04077086641190017,0.08720215919921892,1.187202159199219,2.287202159199219,4.487202159199219
0.0,0.0019999999999988916,-0.03998513619811615,0.09311947737997076,1.2181194773799708,2.343119477379971,4.593119477379971
0.0009999999999994458,0.0009999999999994458,-0.040342919210258336,0.09449714546165762,1.2444971454616576,2.3944971454616573,4.694497145461657
0.0019999999999997797,0.0030000000000001137,-0.04030768036624901,0.09584793575202054,1.2708479357520204,2.44584793575202,4.79584793575202
0.0019999999999997797,0.0030000000000001137,-0.03750222460038528,0.09667434646024893,1.2966743464602486,2.4966743464602486,4.896674346460248
0.0030000000000001137,0.0030000000000001137,-0.036407685131946525,0.09795680449481899,1.3229568044948186,2.5479568044948184,4.997956804494818
0.0030000000000001137,0.0030000000000001137,-0.03474695940563443,0.09924458748890698,1.3492445874889065,2.599244587488906,5.099244587488905
0.004999999999999893,0.0039999999999995595,-0.03264218579202117,0.10039653436765061,1.37539653436765,2.6503965343676494,5.200396534367648
0.004999999999999893,0.0039999999999995595,-0.030004644769248797,0.10098813469805644,1.4009881346980557,2.700988134698055,5.300988134698054
0.01100000000000012,0.0039999999999995595,-0.026769557420199437,0.10195896220580865,1.4269589622058079,2.751958962205807,5.401958962205806
0.01100000000000012,0.0039999999999995595,-0.02279857886295985,0.10300196272488008,1.4530019627248794,2.8030019627248786,5.503001962724877
0.019999999999999574,0.0039999999999995595,-0.0182583406223588,0.10413611930102472,1.4791361193010237,2.854136119301023,5.604136119301021
0.019999999999999574,0.0039999999999995595,-0.008718379006552146,0.10481179903621787,1.5048117990362169,2.904811799036216,5.704811799036214
0.03000000000000025,0.006999999999999673,-0.0028986951959963448,0.1058187961380827,1.5308187961380817,2.9558187961380806,5.8058187961380785
0.03000000000000025,0.006999999999999673,0.0035904808958605,0.10667802224822903,1.556678022248228,3.006678022248227,5.906678022248224
0.041999999999999815,0.007999999999999119,0.01058672487027561,0.1074905531167792,1.5824905531167779,3.057490553116777,6.007490553116774
0.041999999999999815,0.007999999999999119,0.02000150240422424,0.09987884534278797,1.5998788453427866,3.0998788453427855,6.099878845342783
0.05600000000000005,0.012000000000000455,0.028298516737642533,0.1007240136188436,1.6257240136188422,3.1507240136188406,6.200724013618838
0.05600000000000005,0.012000000000000455,0.03728310185788971,0.10154133784005684,1.6515413378400554,3.201541337840054,6.30154133784005
0.07299999999999951,0.016000000000000014,0.046829907216261554,0.10229260815715702,1.6772926081571553,3.2522926081571537,6.4022926081571505
0.07299999999999951,0.016000000000000014,0.05699031610804808,0.10296871602005496,1.7029687160200533,3.3029687160200516,6.502968716020048
0.07299999999999951,0.016000000000000014,0.06840236465980837,0.10393405854761172,1.7289340585476098,3.3539340585476083,6.603934058547605
0.09399999999999942,0.017999999999998906,0.07985592115427421,0.10468324209929947,1.7546832420992975,3.4046832420992956,6.704683242099292
0.11599999999999966,0.022999999999999687,0.09192292399732752,0.10549353003375733,1.7804935300337554,3.4554935300337535,6.80549353003375
0.11599999999999966,0.022999999999999687,0.10379300705900972,0.10507530842912258,1.8050753084291205,3.5050753084291184,6.905075308429114
0.14100000000000001,0.026999999999999247,0.11722547998197792,0.10601171435333452,1.8310117143533324,3.55601171435333,7.006011714353326
0.14100000000000001,0.026999999999999247,0.13128942497810814,0.10695047645954342,1.8569504764595413,3.606950476459539,7.106950476459534
0.16699999999999982,0.03200000000000003,0.14615621460256983,0.1079957321260514,1.882995732126049,3.6579957321260466,7.207995732126042
0.16699999999999982,0.03200000000000003,0.16855621438312754,0.1019485587077413,1.901948558707739,3.7019485587077363,7.301948558707732
0.2029999999999994,0.038000000000000256,0.18496411876201088,0.10323235707034147,1.928232357070339,3.7532323570703365,7.403232357070332
0.2029999999999994,0.038000000000000256,0.20193558870192932,0.10453963891805473,1.9545396389180523,3.8045396389180497,7.504539638918044
0.2029999999999994,0.038000000000000256,0.21976779134156008,0.10578053502750583,1.9807805350275032,3.8557805350275003,7.605780535027495
0.23499999999999943,0.04100000000000037,0.24600645272845933,0.11278159885658606,2.0127815988565834,3.9127815988565806,7.712781598856575
0.2709999999999999,0.04499999999999993,0.26610588205947866,0.11404331494447716,2.0390433149444744,3.9640433149444716,7.814043314944466
0.2709999999999999,0.04499999999999993,0.287763125046617,0.11555315513690985,2.065553155136907,4.015553155136904,7.915553155136898
0.31099999999999994,0.051000000000000156,0.3114983618658957,0.1173099525715196,2.0923099525715165,4.067309952571514,8.017309952571507
0.35599999999999987,0.054999999999999716,0.3438843305074298,0.10687615341150813,2.106876153411505,4.106876153411502,8.106876153411495
0.35599999999999987,0.054999999999999716,0.3733561533995186,0.1091738383720406,2.1341738383720372,4.159173838372034,8.209173838372028
0.35599999999999987,0.054999999999999716,0.4060790114508124,0.11164458285639198,2.161644582856389,4.211644582856385,8.31164458285638
0.41000000000000014,0.058999999999999275,0.442137852386749,0.11437802686173983,2.1893780268617364,4.264378026861733,8.414378026861726
0.41000000000000014,0.058999999999999275,0.4816665644557064,0.11764324124166407,2.2176432412416607,4.317643241241657,8.51764324124165
0.41000000000000014,0.058999999999999275,0.5316675901056306,0.1188080888612759,2.243808088861272,4.368808088861269,8.618808088861261
0.47799999999999976,0.06199999999999939,0.5791109782563321,0.12337728824938361,2.27337728824938,4.423377288249377,8.723377288249369
0.5619999999999994,0.07399999999999984,0.6309087188551561,0.12844893480625577,2.303448934806252,4.478448934806249,8.828448934806241
0.5619999999999994,0.07399999999999984,0.6897301731828944,0.12933323535448385,2.32933323535448,4.529333235354477,8.929333235354468
0.6559999999999997,0.08499999999999908,0.7509818078953964,0.13432285379920975,2.3593228537992057,4.584322853799202,9.034322853799194
0.6559999999999997,0.08499999999999908,0.8166591278499398,0.13936728174457794,2.389367281744574,4.63936728174457,9.139367281744562
0.7720000000000002,0.09499999999999886,0.8864994251108266,0.14510688823449364,2.4201068882344896,4.695106888234485,9.245106888234478
0.7720000000000002,0.09499999999999886,0.966402675916382,0.14725864434066208,2.447258644340658,4.747258644340654,9.347258644340645
0.907,0.10099999999999909,1.0433310648396101,0.1550460197263919,2.480046019726388,4.805046019726383,9.455046019726375
0.907,0.10099999999999909,1.1231514760470125,0.16348995416139367,2.5134899541613893,4.863489954161385,9.563489954161376
1.056,0.11099999999999888,1.205534655688777,0.17233382663735108,2.5473338266373466,4.922333826637342,9.672333826637333
1.056,0.11099999999999888,1.2915888285319879,0.17379619720185055,2.573796197201846,4.973796197201842,9.773796197201833
1.2199999999999998,0.12299999999999933,1.3787755760169977,0.18275996690785062,2.607759966907846,5.032759966907841,9.882759966907832
1.2199999999999998,0.12299999999999933,1.4680595980751558,0.19172912512611223,2.6417291251261075,5.091729125126103,9.991729125126094
1.3919999999999995,0.1349999999999998,1.5593141648825357,0.20085219980444358,2.6758521998044387,5.150852199804434,10.100852199804425
1.5750000000000002,0.14400000000000013,1.6556185468041738,0.20486396368731202,2.7048639636873073,5.204863963687302,10.204863963687293
1.5750000000000002,0.14400000000000013,1.7504847585649383,0.2145256473126274,2.7395256473126226,5.264525647312618,10.314525647312607
1.5750000000000002,0.14400000000000013,1.8471168361301116,0.22427645591746218,2.774276455917457,5.3242764559174525,10.424276455917441
1.7649999999999997,0.14899999999999913,1.9455009987290355,0.23399958738651863,2.8089995873865137,5.3839995873865085,10.533999587386498
1.7649999999999997,0.14899999999999913,2.0455659969286755,0.24374698775608283,2.8437469877560777,5.4437469877560725,10.643746987756062
1.7649999999999997,0.14899999999999913,2.1480463661587574,0.24427713233862453,2.869277132338619,5.494277132338614,10.744277132338603
1.9589999999999996,0.16000000000000014,2.251006904250429,0.2545617218389295,2.904561721838924,5.554561721838919,10.854561721838907
2.16,0.16900000000000048,2.3552218624052292,0.2649965860308331,2.9399965860308277,5.614996586030822,10.96499658603081
2.16,0.16900000000000048,2.466087512131851,0.2689404811443923,2.9689404811443865,5.668940481144381,11.06894048114437
2.369999999999999,0.17900000000000027,2.5728734585959945,0.2786009288259823,3.0036009288259766,5.728600928825971,11.17860092882596
2.369999999999999,0.17900000000000027,2.6810224294030065,0.28829177057256034,3.0382917705725547,5.788291770572549,11.288291770572537
2.583,0.1869999999999994,2.79031705937627,0.2980434517926756,3.0730434517926697,5.848043451792664,11.398043451792653
2.583,0.1869999999999994,2.8997133619032165,0.3001694228287666,3.1001694228287606,5.900169422828755,11.500169422828742
2.802999999999999,0.19200000000000017,3.011551910439655,0.30960561304564,3.134605613045634,5.959605613045628,11.609605613045616
2.802999999999999,0.19200000000000017,3.1248947384997843,0.3191272338995476,3.1691272338995415,6.019127233899535,11.719127233899522
2.802999999999999,0.19200000000000017,3.2395676060670695,0.32841387827889823,3.203413878278892,6.0784138782788855,11.828413878278873
3.0280000000000005,0.19899999999999984,3.360251698872737,0.33141231880079064,3.231412318800784,6.131412318800778,11.931412318800765
3.2569999999999997,0.20500000000000007,3.477696615062325,0.3411140702282332,3.2661140702282268,6.19111407022822,12.041114070228208
3.2569999999999997,0.20500000000000007,3.5972504325563484,0.35092225596597626,3.3009222559659697,6.250922255965963,12.15092225596595
3.4909999999999997,0.2140000000000004,3.717827919804504,0.360056373131629,3.3350563731316223,6.310056373131616,12.260056373131603
3.4909999999999997,0.2140000000000004,3.840128396061543,0.36994164670271484,3.369941646702708,6.369941646702702,12.369941646702689
3.731,0.21999999999999886,3.9639081420847315,0.37844820474405305,3.403448204744046,6.42844820474404,12.478448204744026
3.731,0.21999999999999886,4.089645015930673,0.38717723226021106,3.437177232260204,6.487177232260198,12.587177232260183
3.978999999999999,0.2240000000000002,4.216676759943787,0.3960790359561855,3.4710790359561785,6.546079035956172,12.696079035956158
3.978999999999999,0.2240000000000002,4.345379408017617,0.40504518946519785,3.505045189465191,6.605045189465184,12.80504518946517
3.978999999999999,0.2240000000000002,4.480007548341173,0.4013726203832574,3.5263726203832504,6.651372620383243,12.90137262038323
4.234,0.2259999999999991,4.611781366209833,0.40954025315982723,3.55954025315982,6.709540253159813,13.009540253159798
4.491999999999999,0.23000000000000043,4.745189408590925,0.4175953453235041,3.5925953453234967,6.76759534532349,13.117595345323474
4.491999999999999,0.23000000000000043,4.883191881684019,0.4199348138048043,3.619934813804797,6.81993481380479,13.219934813804775
4.756,0.23499999999999943,5.020498897821541,0.427863100721177,3.6528631007211696,6.877863100721162,13.327863100721148
4.756,0.23499999999999943,5.159983287084838,0.4354424412331877,3.6854424412331803,6.935442441233173,13.435442441233157
5.029999999999999,0.238999999999999,5.303010395474673,0.4428719140817459,3.7178719140817384,6.99287191408173,13.542871914081715
5.029999999999999,0.238999999999999,5.448052169003937,0.4373605405640405,3.737360540564033,7.037360540564025,13.637360540564009
5.311999999999999,0.2419999999999991,5.59643026598528,0.4452842075432551,3.7702842075432472,7.09528420754324,13.745284207543223
5.311999999999999,0.2419999999999991,5.747576975243671,0.45338656358164336,3.8033865635816353,7.153386563581628,13.853386563581612
5.606,0.2469999999999999,5.901907251194695,0.46139969300324307,3.836399693003235,7.211399693003227,13.96139969300321
5.606,0.2469999999999999,6.060646183426953,0.4638707099863373,3.863870709986329,7.263870709986321,14.063870709986304
5.911,0.2519999999999989,6.221320318360708,0.4716050200455926,3.8966050200455844,7.321605020045577,14.17160502004556
5.911,0.2519999999999989,6.385073706917981,0.4792778302294926,3.929277830229484,7.379277830229476,14.279277830229459
6.228,0.2569999999999997,6.551705492530343,0.4867825605404561,3.9617825605404478,7.43678256054044,14.386782560540423
6.228,0.2569999999999997,6.720673093539346,0.4810961724431271,3.9810961724431184,7.48109617244311,14.481096172443094
6.557,0.26099999999999923,6.892596728832843,0.4880766075626339,4.013076607562625,7.538076607562616,14.5880766075626
6.898,0.26399999999999935,7.067033458396439,0.4951003027148887,4.04510030271488,7.595100302714871,14.695100302714854
6.898,0.26399999999999935,7.243785785429872,0.5022808951437352,4.077280895143726,7.652280895143718,14.802280895143701
6.898,0.26399999999999935,7.4227970942751345,0.5096344270092253,4.109634427009216,7.709634427009208,14.90963442700919
6.898,0.26399999999999935,7.607549397339149,0.500388889183772,4.125388889183763,7.750388889183754,15.000388889183736
7.247999999999999,0.26500000000000057,7.790753474999275,0.5083668532421084,4.158366853242099,7.808366853242091,15.108366853242073
7.609999999999999,0.266,7.975889602251768,0.516731375149939,4.19173137514993,7.866731375149921,15.216731375149903
7.609999999999999,0.266,8.158312530929566,0.5122990130660333,4.2122990130660245,7.912299013066015,15.312299013065997
7.978,0.2729999999999997,8.346780715393333,0.5196793374154204,4.244679337415411,7.969679337415402,15.419679337415383
7.978,0.2729999999999997,8.536820990109513,0.5268109359803169,4.276810935980308,8.026810935980299,15.52681093598028
8.352,0.2789999999999999,8.728019998390177,0.533862502020224,4.308862502020214,8.083862502020205,15.633862502020186
8.352,0.2789999999999999,8.916248484502015,0.5247811084025381,4.3247811084025285,8.12478110840252,15.7247811084025
8.733,0.28200000000000003,9.110293332340797,0.5313782141446864,4.3563782141446765,8.181378214144667,15.831378214144648
8.733,0.28200000000000003,9.305812708732013,0.5381675484692602,4.388167548469251,8.23816754846924,15.938167548469222
8.733,0.28200000000000003,9.502513458034072,0.5453082812346425,4.420308281234632,8.295308281234623,16.045308281234604
9.121,0.28200000000000003,9.70727794612211,0.5315913447245295,4.43159134472452,8.33159134472451,16.13159134472449
9.514,0.28500000000000014,9.906557253318606,0.5389285496473839,4.463928549647374,8.388928549647364,16.238928549647344
9.514,0.28500000000000014,10.106866190909187,0.5456237474689581,4.495623747468948,8.445623747468938,16.345623747468917
9.913,0.2889999999999997,10.308097296607441,0.5519031488940594,4.526903148894049,8.501903148894039,16.45190314889402
9.913,0.2889999999999997,10.516538202127872,0.5399593574838587,4.539959357483848,8.539959357483838,16.539959357483816
10.315,0.29299999999999926,10.7198699186944,0.5463894977958953,4.571389497795885,8.596389497795874,16.646389497795855
10.720999999999998,0.2919999999999998,10.92413676021079,0.5528255011004491,4.6028255011004395,8.652825501100429,16.75282550110041
10.720999999999998,0.2919999999999998,11.129441598947341,0.5591184056873775,4.634118405687368,8.709118405687358,16.85911840568734
10.720999999999998,0.2919999999999998,11.335674897751655,0.5651336053685894,4.66513360536858,8.765133605368572,16.965133605368553
10.720999999999998,0.2919999999999998,11.539004688001228,0.5565782686801481,4.6815782686801395,8.80657826868013,17.056578268680113
11.130999999999998,0.2940000000000005,11.74716725842894,0.5624536959623612,4.712453695962353,8.862453695962344,17.162453695962327
11.130999999999998,0.2940000000000005,11.956046545343636,0.5685010735812741,4.743501073581266,8.918501073581258,17.26850107358124
11.543000000000001,0.2970000000000006,12.167855110832685,0.5532615365993404,4.753261536599332,8.953261536599324,17.35326153659931
11.961,0.29800000000000004,12.37850741937241,0.558828311705343,4.783828311705335,9.008828311705328,17.458828311705314
11.961,0.29800000000000004,12.5900990389158,0.5643412331447057,4.814341233144699,9.064341233144692,17.564341233144678
12.380999999999998,0.2970000000000006,12.802573501890507,0.5700949397414768,4.84509493974147,9.120094939741463,17.67009493974145
12.380999999999998,0.2970000000000006,13.0192794233729,0.5634669360776274,4.8634669360776215,9.163466936077615,17.763466936077602
12.804,0.2989999999999995,13.233503064993238,0.569345796790351,4.894345796790345,9.21934579679034,17.869345796790327
12.804,0.2989999999999995,13.44893513128452,0.5751536660804609,4.925153666080456,9.275153666080449,17.975153666080438
13.232999999999999,0.2970000000000006,13.665080164555832,0.5808360564610049,4.955836056460999,9.330836056460994,18.080836056460985
13.232999999999999,0.2970000000000006,13.88327071494777,0.5673548940111794,4.967354894011175,9.36735489401117,18.167354894011158
13.664,0.2989999999999995,14.101431250095283,0.5730341934557244,4.9980341934557195,9.423034193455715,18.273034193455707
13.664,0.2989999999999995,14.32060779013501,0.5784499130009261,5.028449913000922,9.478449913000917,18.37844991300091
14.098999999999998,0.29999999999999893,14.540860716066883,0.583567444395348,5.058567444395344,9.53356744439534,18.483567444395334
14.537999999999998,0.3019999999999996,14.76180084528938,0.5674883355952397,5.067488335595236,9.567488335595232,18.567488335595225
14.537999999999998,0.3019999999999996,14.983637666746706,0.5722616363193183,5.097261636319315,9.622261636319312,18.672261636319305
14.981,0.2989999999999995,15.206282618177054,0.5772101868755226,5.127210186875519,9.677210186875516,18.77721018687551
14.981,0.2989999999999995,15.429740164566745,0.5823979304249143,5.157397930424912,9.73239793042491,18.882397930424904
14.981,0.2989999999999995,15.654013623889302,0.5876133556619166,5.187613355661915,9.787613355661913,18.987613355661907
14.981,0.2989999999999995,15.877864901597906,0.5735054922522015,5.1985054922522,9.823505492252197,19.073505492252195
15.427000000000001,0.2970000000000006,16.103984314584224,0.578839571572609,5.228839571572608,9.878839571572605,19.178839571572603
15.877,0.2989999999999995,16.330942496152673,0.5843009615387259,5.259300961538725,9.934300961538725,19.284300961538722
15.877,0.2989999999999995,16.556197134939207,0.5681028882434578,5.268102888243457,9.968102888243456,19.368102888243456
16.33,0.30299999999999905,16.785099083357732,0.5727996778093236,5.297799677809323,10.022799677809322,19.472799677809324
16.33,0.30299999999999905,17.014887374006754,0.5771457380366877,5.327145738036688,10.077145738036688,19.577145738036688
16.786,0.3019999999999996,17.245500926043672,0.5816395687424365,5.356639568742437,10.131639568742438,19.681639568742437
17.247999999999998,0.3019999999999996,17.48390093528492,0.5594263578805262,5.359426357880527,10.159426357880527,19.75942635788053
17.247999999999998,0.3019999999999996,17.716560153280028,0.5641115248198382,5.389111524819839,10.21411152481984,19.864111524819844
17.247999999999998,0.3019999999999996,17.949991764037723,0.5687426845247888,5.418742684524791,10.268742684524792,19.968742684524795
17.247999999999998,0.3019999999999996,18.184443763145122,0.5735834774102689,5.448583477410271,10.323583477410272,20.073583477410278
17.714,0.30100000000000016,18.417638442287636,0.5623095154585566,5.462309515458559,10.362309515458561,20.162309515458563
18.183,0.3019999999999996,18.653654715015456,0.5663125802605389,5.491312580260542,10.416312580260543,20.26631258026055
18.183,0.3019999999999996,18.89018507390123,0.5701910370830598,5.5201910370830625,10.470191037083065,20.37019103708307
18.656,0.30299999999999905,19.127629696345714,0.5742259483260141,5.549225948326018,10.52422594832602,20.474225948326026
19.130000000000003,0.29999999999999893,19.366525663303662,0.5598781488809789,5.5598781488809825,10.559878148880985,20.559878148880994
19.130000000000003,0.29999999999999893,19.60572028024706,0.5635348215376541,5.5885348215376585,10.613534821537662,20.66353482153767
19.609,0.29800000000000004,19.84566248888098,0.5669644496126998,5.616964449612704,10.666964449612708,20.76696444961272
19.609,0.29800000000000004,20.086383267994574,0.5704363572040418,5.645436357204046,10.72043635720405,20.87043635720406
19.609,0.29800000000000004,20.32887905433261,0.5504541194037421,5.650454119403747,10.750454119403752,20.950454119403762
19.609,0.29800000000000004,20.57110566461921,0.554008006231191,5.6790080062311965,10.804008006231202,21.05400800623121
20.576999999999998,0.2940000000000005,20.81408408306402,0.5573055458020199,5.707305545802026,10.857305545802031,21.157305545802043
20.576999999999998,0.2940000000000005,21.05805887208321,0.5604115893948076,5.735411589394814,10.910411589394819,21.26041158939483
20.576999999999998,0.2940000000000005,21.301789166991377,0.545463094391123,5.74546309439113,10.945463094391135,21.34546309439115
21.063000000000002,0.2919999999999998,21.547235655740632,0.54783424701276,5.772834247012767,10.997834247012774,21.447834247012786
21.063000000000002,0.2919999999999998,21.793414623450083,0.5504499314055405,5.800449931405548,11.050449931405554,21.55044993140557
21.554000000000002,0.28699999999999903,22.04029718556037,0.5534455457063375,5.828445545706345,11.103445545706352,21.65344554570637
21.554000000000002,0.28699999999999903,22.289278855892853,0.5354543960252252,5.8354543960252325,11.13545439602524,21.735454396025258
22.049,0.2829999999999995,22.53786630883094,0.5380953773768937,5.863095377376902,11.18809537737691,21.838095377376927
22.049,0.2829999999999995,22.78706212849332,0.5402877852735363,5.890287785273545,11.240287785273553,21.940287785273572
22.546999999999997,0.27999999999999936,23.03720473719206,0.5424594868152788,5.917459486815288,11.292459486815297,22.042459486815314
22.546999999999997,0.27999999999999936,23.28549584591724,0.5268986611497258,5.926898661149735,11.326898661149745,22.126898661149763
23.043,0.2759999999999998,23.53689406534702,0.5290774918295905,5.9540774918296,11.37907749182961,22.229077491829628
23.043,0.2759999999999998,23.789046591715085,0.5312152561197857,5.981215256119795,11.431215256119806,22.331215256119826
23.546,0.27200000000000024,24.04159308862006,0.5332852603232314,6.008285260323242,11.483285260323251,22.433285260323274
23.546,0.27200000000000024,24.29708676072229,0.5208734539744219,6.020873453974432,11.520873453974444,22.520873453974463
24.051000000000002,0.2679999999999989,24.550066138862142,0.5232553915760407,6.048255391576052,11.573255391576062,22.623255391576084
24.558,0.26500000000000057,24.802979415028478,0.5258679700442516,6.075867970044263,11.625867970044274,22.7258679700443
24.558,0.26500000000000057,25.05617446166194,0.5284038567456762,6.103403856745688,11.6784038567457,22.828403856745723
24.558,0.26500000000000057,25.307816835918935,0.51563678526718,6.115636785267192,11.715636785267204,22.91563678526723
24.558,0.26500000000000057,25.561097934073754,0.5179345580826508,6.142934558082663,11.767934558082676,23.0179345580827
25.061999999999998,0.2629999999999999,25.8142741776976,0.5201520680330922,6.170152068033105,11.820152068033117,23.120152068033143
25.569000000000003,0.26200000000000045,26.06756704776507,0.5222369045087438,6.197236904508757,11.872236904508771,23.222236904508797
25.569000000000003,0.26200000000000045,26.31922581863229,0.5071787661612595,6.207178766161273,11.907178766161287,23.307178766161314
26.076999999999998,0.2599999999999998,26.572571437882605,0.509334504627663,6.234334504627677,11.95933450462769,23.40933450462772
26.076999999999998,0.2599999999999998,26.82560687932969,0.5113354911443662,6.26133549114438,12.011335491144395,23.511335491144422
26.583,0.2569999999999997,27.078788808104136,0.5134076759397627,6.288407675939777,12.063407675939791,23.613407675939822
26.583,0.2569999999999997,27.32948921709246,0.51046553002716,6.310465530027175,12.11046553002719,23.71046553002722
27.090000000000003,0.2560000000000002,27.582507262545914,0.5128096832297505,6.337809683229766,12.162809683229781,23.812809683229812
27.090000000000003,0.2560000000000002,27.835090499747196,0.5150905635132748,6.365090563513291,12.215090563513305,23.91509056351334
27.090000000000003,0.2560000000000002,28.087781045751026,0.5172359602680939,6.39223596026811,12.267235960268126,24.01723596026816
27.090000000000003,0.2560000000000002,28.344666293960522,0.511515523591166,6.4115155235911825,12.311515523591199,24.11151552359123
28.105000000000004,0.254999999999999,28.596533967051922,0.5135123373649445,6.438512337364961,12.363512337364979,24.21351233736501
28.105000000000004,0.254999999999999,28.84795506447014,0.5154111722952552,6.465411172295273,12.41541117229529,24.315411172295324
28.61,0.2530000000000001,29.0992832332887,0.5173374572533301,6.492337457253347,12.467337457253365,24.4173374572534
29.114000000000004,0.25099999999999945,29.351612025294575,0.5085020150513718,6.5085020150513895,12.508502015051407,24.508502015051445
29.114000000000004,0.25099999999999945,29.602498012894632,0.5104237139729911,6.535423713973009,12.560423713973027,24.610423713973063
29.114000000000004,0.25099999999999945,29.852998470744435,0.5122684639127655,6.562268463912784,12.612268463912802,24.71226846391284
29.615000000000002,0.24900000000000055,30.103195786125244,0.5143841891779672,6.589384189177986,12.664384189178005,24.814384189178043
29.615000000000002,0.24900000000000055,30.362238010694707,0.5027152343524729,6.602715234352492,12.702715234352512,24.90271523435255
29.615000000000002,0.24900000000000055,30.612132638695176,0.505373138640824,6.630373138640843,12.755373138640863,25.005373138640902
30.115000000000002,0.24799999999999933,30.861980809091722,0.5078309204940973,6.657830920494117,12.807830920494137,25.107830920494177
30.616,0.24900000000000055,31.11156535920029,0.5099686718393792,6.6849686718394,12.85996867183942,25.20996867183946
30.616,0.24900000000000055,31.362726864223944,0.5029845913898641,6.7029845913898845,12.902984591389906,25.302984591389947
31.114000000000004,0.25,31.611911477743224,0.5051168372076335,6.730116837207654,12.955116837207676,25.405116837207718
31.114000000000004,0.25,31.86093990876767,0.5071534536567089,6.757153453656731,13.007153453656752,25.507153453656795
31.614000000000004,0.25,32.109610661202126,0.5091077969337539,6.7841077969337755,13.059107796933798,25.60910779693384
31.614000000000004,0.25,32.36004223396362,0.49997222976563094,6.799972229765653,13.099972229765674,25.69997222976572
32.113,0.24900000000000055,32.60800635491659,0.5018860727397929,6.826886072739815,13.151886072739838,25.801886072739883
32.113,0.24900000000000055,32.85589581254382,0.5041900493149316,6.854190049314955,13.204190049314978,25.904190049315023
32.613,0.24799999999999933,33.1035832777989,0.5066231338543165,6.881623133854339,13.256623133854363,26.006623133854408
32.613,0.24799999999999933,33.35398262320941,0.5030137970861046,6.903013797086128,13.303013797086152,26.1030137970862
33.107,0.25,33.601058977178646,0.505438379135662,6.930438379135686,13.355438379135709,26.205438379135757
33.107,0.25,33.84805551848428,0.507723034585046,6.9577230345850705,13.407723034585095,26.30772303458514
33.602000000000004,0.25099999999999945,34.09482443516913,0.5100701101433803,6.985070110143405,13.460070110143429,26.41007011014348
33.602000000000004,0.25099999999999945,34.34662196561174,0.4998831836021616,6.999883183602186,13.499883183602211,26.49988318360226
34.097,0.25099999999999945,34.59329301230547,0.5020874297767132,7.0270874297767385,13.552087429776764,26.602087429776812
34.592,0.2519999999999989,34.839888472945276,0.5041733739402423,7.054173373940268,13.604173373940293,26.704173373940346
34.592,0.2519999999999989,35.08655436201619,0.5063303930678605,7.081330393067886,13.656330393067913,26.806330393067963
34.592,0.2519999999999989,35.33209823787776,0.5044241226739328,7.104424122673959,13.704424122673986,26.904424122674037
35.083,0.25399999999999956,35.57882162195422,0.5060829686641427,7.1310829686641695,13.756082968664195,27.00608296866425
35.083,0.25399999999999956,35.82554981727424,0.5072671727525012,7.157267172752528,13.807267172752555,27.10726717275261
35.577,0.2530000000000001,36.07246001477468,0.5087213482766165,7.183721348276644,13.85872134827667,27.208721348276725
35.577,0.2530000000000001,36.32381754914643,0.501012839423184,7.201012839423211,13.90101283942324,27.301012839423294
36.071000000000005,0.2519999999999989,36.57085667554964,0.5034003419266813,7.22840034192671,13.953400341926738,27.403400341926794
36.071000000000005,0.2519999999999989,36.81783767115741,0.5060272909744696,7.256027290974498,14.006027290974526,27.506027290974583
36.566,0.25,37.06487855363338,0.5088586736877834,7.283858673687812,14.05885867368784,27.608858673687898
36.566,0.25,37.3103807819224,0.5052981995133716,7.305298199513401,14.10529819951343,27.70529819951349
37.062000000000005,0.254999999999999,37.557440926541545,0.5072430771181412,7.332243077118171,14.157243077118201,27.807243077118258
37.062000000000005,0.254999999999999,37.8047444990833,0.5091943751171187,7.3591943751171485,14.209194375117178,27.909194375117238
37.062000000000005,0.254999999999999,38.05174966417389,0.5110681409143644,7.386068140914395,14.261068140914425,28.011068140914485
37.556000000000004,0.2579999999999991,38.30202184717968,0.5001050069155162,7.400105006915547,14.300105006915578,28.100105006915637
38.051,0.2579999999999991,38.549103972023886,0.5020432885606193,7.42704328856065,14.352043288560681,28.20204328856074
38.051,0.2579999999999991,38.79638891454712,0.5039863596785777,7.453986359678609,14.40398635967864,28.303986359678703
38.545,0.2579999999999991,39.04360666359828,0.5061984448644236,7.4811984448644555,14.456198444864487,28.40619844486455
38.545,0.2579999999999991,39.29198973889394,0.5072725560179191,7.507272556017951,14.507272556017982,28.507272556018048
39.038000000000004,0.2599999999999998,39.539376275479896,0.509797375181255,7.534797375181287,14.55979737518132,28.609797375181383
39.038000000000004,0.2599999999999998,39.78682649011129,0.5122540367246676,7.5622540367247,14.612254036724734,28.712254036724797
39.533,0.26200000000000045,40.034156170059234,0.5140349804371076,7.589034980437141,14.664034980437174,28.81403498043724
39.533,0.26200000000000045,40.284326694384745,0.5094907933554884,7.609490793355522,14.709490793355556,28.909490793355623
39.533,0.26200000000000045,40.53151722589602,0.5113569518440697,7.636356951844103,14.761356951844137,29.011356951844206
40.028,0.266,40.77864941792425,0.5134922132296057,7.66349221322964,14.813492213229674,29.11349221322974
40.524,0.2629999999999999,41.02559198165609,0.5158067356352256,7.69080673563526,14.865806735635294,29.215806735635365
40.524,0.2629999999999999,41.280821936172224,0.5083178912894736,7.708317891289508,14.908317891289544,29.30831789128961
41.019,0.26699999999999946,41.52732293874504,0.5107405774421774,7.735740577442213,14.960740577442248,29.41074057744232
41.019,0.26699999999999946,41.77339635027783,0.5128772194380674,7.762877219438103,15.012877219438138,29.51287721943821
41.512,0.2699999999999996,42.01919698224355,0.5148651529640094,7.789865152964046,15.064865152964082,29.614865152964153
41.512,0.2699999999999996,42.26263341602297,0.5067245940620594,7.8067245940620955,15.106724594062133,29.706724594062205
42.004000000000005,0.27500000000000036,42.50778322434716,0.5088177315958451,7.8338177315958815,15.158817731595919,29.80881773159599
42.004000000000005,0.27500000000000036,42.752320060083115,0.5108595734005041,7.860859573400541,15.210859573400578,29.910859573400653
42.495000000000005,0.27699999999999925,42.99642714853005,0.5127712834843778,7.887771283484415,15.262771283484453,30.012771283484525
42.495000000000005,0.27699999999999925,43.24212956001083,0.5114589762269567,7.911458976226994,15.311458976227032,30.11145897622711
42.984,0.2789999999999999,43.48550917053969,0.5139240087478535,7.938924008747891,15.36392400874793,30.213924008748005
42.984,0.2789999999999999,43.728467969802054,0.5162088278904037,7.966208827890442,15.41620882789048,30.316208827890556
43.47,0.2839999999999989,43.97106844923382,0.5181827923564667,7.993182792356506,15.468182792356544,30.41818279235662
43.47,0.2839999999999989,44.21428194273824,0.5196685973694376,8.019668597369476,15.519668597369515,30.519668597369595
43.955,0.2859999999999996,44.4561373439391,0.5215824880402009,8.04658248804024,15.57158248804028,30.62158248804036
43.955,0.2859999999999996,44.69751706214276,0.5237890554904793,8.073789055490519,15.623789055490558,30.723789055490638
44.438,0.2889999999999997,44.938672564974446,0.525915062223634,8.100915062223674,15.675915062223714,30.825915062223796
44.438,0.2889999999999997,45.18292729209099,0.5234409775903763,8.123440977590416,15.723440977590457,30.923440977590538
44.438,0.2889999999999997,45.42316241893293,0.5257727951218291,8.15077279512187,15.775772795121911,31.02577279512199
44.923,0.29100000000000037,45.66290546273345,0.5282613692104026,8.178261369210444,15.828261369210486,31.128261369210566
45.403,0.29499999999999993,45.90222894936566,0.5305094563417156,8.205509456341757,15.880509456341798,31.23050945634188
45.403,0.29499999999999993,46.14357132666482,0.5296917735970279,8.22969177359707,15.929691773597112,31.329691773597197
45.881,0.30100000000000016,46.38146733344637,0.5313682775309869,8.25636827753103,15.981368277531072,31.431368277531156
45.881,0.30100000000000016,46.619112176042314,0.5331507840568396,8.283150784056883,16.033150784056925,31.53315078405701
46.356,0.3049999999999997,46.85628669427278,0.5351471128942784,8.310147112894322,16.085147112894365,31.63514711289445
46.356,0.3049999999999997,47.09121314871046,0.535638359537411,8.335638359537455,16.1356383595375,31.735638359537585
46.831,0.30599999999999916,47.32708495326562,0.5377385615062227,8.362738561506266,16.18773856150631,31.8377385615064
46.831,0.30599999999999916,47.56252452741143,0.5401563577746019,8.390156357774647,16.24015635777469,31.94015635777478
46.831,0.30599999999999916,47.7973084693363,0.5425027618519354,8.41750276185198,16.292502761852024,32.04250276185211
47.304,0.3089999999999993,48.036559878335964,0.5454100949265499,8.445410094926595,16.34541009492664,32.14541009492673
47.775,0.31400000000000006,48.27032584265431,0.547324217758586,8.472324217758631,16.397324217758676,32.24732421775877
47.775,0.31400000000000006,48.503617596771896,0.5494399775155872,8.499439977515632,16.449439977515677,32.34943997751577
48.241,0.3179999999999996,48.73620655195929,0.5515390339462807,8.526539033946326,16.501539033946372,32.45153903394647
48.241,0.3179999999999996,48.97064930309737,0.553385679713887,8.553385679713934,16.55338567971398,32.55338567971407
48.705,0.3230000000000004,49.20217211247726,0.5552776558418889,8.580277655841936,16.60527765584198,32.65527765584208
48.705,0.3230000000000004,49.43326663532431,0.5573242993194267,8.607324299319474,16.65732429931952,32.75732429931961
49.17,0.32699999999999996,49.663604978649666,0.5598227028530041,8.634822702853052,16.7098227028531,32.859822702853194
49.17,0.32699999999999996,49.89469674870217,0.5608839745888584,8.660883974588906,16.760883974588953,32.96088397458905
49.17,0.32699999999999996,50.123839997880424,0.5628096363753178,8.687809636375366,16.812809636375412,33.06280963637551
49.631,0.3309999999999995,50.35247799879163,0.564396982819746,8.714396982819794,16.864396982819844,33.16439698281994
50.089,0.3360000000000003,50.58060258304903,0.5660640904463434,8.741064090446391,16.91606409044644,33.26606409044654
50.089,0.3360000000000003,50.80662168390075,0.5611261626788089,8.761126162678858,16.96112616267891,33.36112616267901
50.546,0.33699999999999974,51.03369576885796,0.5630468373242153,8.788046837324265,17.013046837324314,33.46304683732441
50.546,0.33699999999999974,51.259675587826216,0.5650456132860909,8.815045613286141,17.06504561328619,33.56504561328629
51.002,0.34299999999999997,51.48472469856287,0.5671925167985088,8.842192516798558,17.11719251679861,33.66719251679871
51.002,0.34299999999999997,51.712070058420835,0.5688357252108502,8.8688357252109,17.16883572521095,33.768835725211055
51.454,0.3490000000000002,51.934810330838935,0.5708265696026861,8.895826569602736,17.22082656960279,33.87082656960289
51.454,0.3490000000000002,52.156142998590965,0.5727999715632104,8.922799971563261,17.272799971563312,33.97279997156342
51.899,0.35599999999999987,52.3761901047446,0.5747751334663137,8.949775133466366,17.324775133466417,34.07477513346652
51.899,0.35599999999999987,52.59323080617178,0.5775993383362453,8.977599338336297,17.37759933833635,34.17759933833645
52.341,0.359,52.810008065757515,0.5791816488385697,9.004181648838621,17.429181648838675,34.27918164883878
52.341,0.359,53.02505738546972,0.5805339860775479,9.0305339860776,17.480533986077653,34.38053398607776
52.777,0.36599999999999966,53.2382819549564,0.5819829078127087,9.056982907812761,17.531982907812814,34.48198290781292
52.777,0.36599999999999966,53.45520869180431,0.5839342761348852,9.083934276134938,17.583934276134993,34.583934276135096
53.207,0.3699999999999992,53.664234886452846,0.5858581915008733,9.110858191500927,17.63585819150098,34.68585819150109
53.207,0.3699999999999992,53.87074484182435,0.5877999565211011,9.137799956521155,17.68779995652121,34.78779995652132
53.627,0.3780000000000001,54.07424632743385,0.5898465423685088,9.164846542368563,17.739846542368618,34.88984654236872
53.627,0.3780000000000001,54.27467060499505,0.5917224309189568,9.191722430919011,17.791722430919066,34.991722430919175
53.627,0.3780000000000001,54.477171887721695,0.5944610405119514,9.219461040512007,17.844461040512062,35.09446104051217
54.041000000000004,0.38400000000000034,54.670793394482665,0.5956610454748196,9.245661045474876,17.89566104547493,35.19566104547504
54.440000000000005,0.39000000000000057,54.86073804022871,0.596629564884407,9.271629564884464,17.946629564884518,35.29662956488463
54.440000000000005,0.39000000000000057,55.05110813998952,0.5974674933447829,9.29746749334484,17.997467493344896,35.397467493345005
54.824,0.3949999999999996,55.23386728852836,0.5986680621549757,9.323668062155033,18.048668062155087,35.498668062155204
54.824,0.3949999999999996,55.41264330143688,0.5997783685331107,9.349778368533167,18.099778368533226,35.599778368533336
55.195,0.40000000000000036,55.587757538323764,0.6006631146075484,9.375663114607606,18.150663114607664,35.70066311460778
55.195,0.40000000000000036,55.75911820360162,0.6039781696272659,9.403978169627324,18.20397816962738,35.8039781696275
55.550000000000004,0.4089999999999989,55.92673393802085,0.6049313782927479,9.429931378292807,18.254931378292863,35.90493137829298
55.550000000000004,0.4089999999999989,56.09056359752438,0.605673210219855,9.455673210219913,18.30567321021997,36.00567321022009
55.550000000000004,0.4089999999999989,56.25066278765472,0.6059714406162929,9.48097144061635,18.35597144061641,36.10597144061653
55.89,0.41600000000000037,56.40173332922368,0.6154821036929051,9.515482103692964,18.415482103693023,36.21548210369314
56.215,0.4209999999999994,56.55476009212494,0.6157395546685007,9.54073955466856,18.46573955466862,36.31573955466874
56.215,0.4209999999999994,56.70470919715069,0.6159465311488254,9.565946531148885,18.515946531148945,36.41594653114906
56.524,0.42600000000000016,56.851736884300216,0.6160858490880697,9.59108584908813,18.56608584908819,36.51608584908831
56.524,0.42600000000000016,56.99387628645201,0.617868456280755,9.617868456280815,18.617868456280874,36.617868456280995
56.822,0.43099999999999916,57.135537673779176,0.6177013941124737,9.642701394112535,18.667701394112594,36.717701394112716
57.109,0.4369999999999994,57.2744585878969,0.6171459009525987,9.66714590095266,18.717145900952723,36.817145900952845
57.109,0.4369999999999994,57.41060947760525,0.6162853287015739,9.691285328701635,18.7662853287017,36.91628532870182
57.109,0.4369999999999994,57.54392155955567,0.6152418760846623,9.715241876084724,18.815241876084787,37.01524187608491
57.109,0.4369999999999994,57.66935804202098,0.6211379400164913,9.746137940016553,18.871137940016617,37.12113794001674
57.383,0.44399999999999906,57.79648830301631,0.6206794439137476,9.77067944391381,18.920679443913873,37.220679443914
57.648,0.44599999999999973,57.92039818960119,0.6202591931229795,9.795259193123043,18.970259193123105,37.32025919312323
57.648,0.44599999999999973,58.03979842160097,0.6272682962449082,9.827268296244972,19.027268296245033,37.42726829624516
57.9,0.4510000000000005,58.156726833440125,0.6262671340346992,9.851267134034764,19.076267134034826,37.52626713403495
57.9,0.4510000000000005,58.26992802403638,0.6247723227230676,9.874772322723132,19.124772322723196,37.624772322723324
58.139,0.45699999999999896,58.37979484813507,0.6229775719948488,9.897977571994913,19.172977571994977,37.72297757199511
58.139,0.45699999999999896,58.475417135702564,0.6255140472698504,9.925514047269916,19.22551404726998,37.82551404727011
58.364000000000004,0.4610000000000003,58.57770098919615,0.623650977333341,9.948650977333406,19.27365097733347,37.9236509773336
58.364000000000004,0.4610000000000003,58.67623250403749,0.6217787272930173,9.971778727293083,19.321778727293147,38.02177872729328
58.574,0.4629999999999992,58.77114243787271,0.6197760220863856,9.994776022086452,19.369776022086516,38.11977602208665
58.574,0.4629999999999992,58.85779785279564,0.6308322161596234,10.03083221615969,19.430832216159757,38.23083221615989
58.768,0.4670000000000005,58.94518204552128,0.628482747383543,10.05348274738361,19.478482747383676,38.32848274738381
58.768,0.4670000000000005,59.02873673726216,0.6257512707679559,10.075751270768023,19.52575127076809,38.425751270768224
58.95,0.47199999999999953,59.10857499539495,0.6228768259996967,10.097876825999764,19.57287682599983,38.522876825999965
58.95,0.47199999999999953,59.18089679381454,0.629217564383775,10.129217564383843,19.62921756438391,38.62921756438404
59.114000000000004,0.4740000000000002,59.25313661239348,0.6263515821648855,10.151351582164953,19.676351582165022,38.72635158216516
59.114000000000004,0.4740000000000002,59.32162750538866,0.6231583194072396,10.173158319407309,19.723158319407375,38.82315831940751
59.265,0.4740000000000002,59.38626052873428,0.619586123427543,10.194586123427612,19.76958612342768,38.91958612342782
59.265,0.4740000000000002,59.44705977657869,0.6157237383647058,10.215723738364774,19.815723738364845,39.01572373836498
59.265,0.4740000000000002,59.50111888113956,0.6272099399109793,10.25220993991105,19.87720993991112,39.12720993991125
59.397999999999996,0.47799999999999976,59.553862357281226,0.6234474436429209,10.27344744364299,19.92344744364306,39.2234474436432
59.518,0.48099999999999987,59.602607428696615,0.6194878381110938,10.294487838111163,19.969487838111235,39.31948783811137
59.518,0.48099999999999987,59.646372315806616,0.6222277624595065,10.322227762459576,20.022227762459647,39.42222776245979
59.622,0.48099999999999987,59.68772920836634,0.6179153309799561,10.342915330980027,20.067915330980096,39.51791533098024
59.622,0.48099999999999987,59.725728431343015,0.6134924345201405,10.36349243452021,20.113492434520282,39.613492434520424
59.709,0.48300000000000054,59.76056344095988,0.6089700938543093,10.38397009385438,20.158970093854453,39.708970093854596
59.709,0.48300000000000054,59.79169383488752,0.6160794515301867,10.416079451530258,20.21607945153033,39.81607945153048
59.783,0.48499999999999943,59.82032907201061,0.6114255932832496,10.436425593283321,20.261425593283395,39.91142559328354
59.783,0.48499999999999943,59.845926071127224,0.6063571970552413,10.456357197055313,20.306357197055387,40.00635719705553
59.783,0.48499999999999943,59.86847511906272,0.6010683914104471,10.47606839141052,20.351068391410593,40.10106839141074
59.845,0.4870000000000001,59.87909419346613,0.6106976487161938,10.510697648716267,20.41069764871634,40.21069764871649
59.894000000000005,0.4870000000000001,59.89591488162274,0.6055399476442097,10.530539947644284,20.455539947644358,40.305539947644505
59.894000000000005,0.4870000000000001,59.910002937051516,0.6003195647058452,10.55031956470592,20.500319564705993,40.40031956470614
59.931,0.48799999999999955,59.92131487724445,0.5949414884169226,10.569941488416998,20.54494148841707,40.49494148841722
59.931,0.48799999999999955,59.92570751173252,0.5999181019102604,10.599918101910335,20.59991810191041,40.59991810191056
59.956,0.4870000000000001,59.9316179645342,0.5941714486202786,10.619171448620353,20.64417144862043,40.69417144862058
59.956,0.4870000000000001,59.93500878796249,0.5882615819295031,10.638261581929578,20.688261581929655,40.7882615819298
59.97200000000001,0.48799999999999955,59.9359342180978,0.5822780843236826,10.657278084323758,20.732278084323834,40.882278084323985
59.97200000000001,0.48799999999999955,59.93455282963309,0.5762506773297725,10.676250677329849,20.776250677329923,40.97625067733008
59.97200000000001,0.48799999999999955,59.92644785819774,0.5806579700634732,10.70565797006355,20.830657970063626,41.080657970063776
59.97500000000001,0.4870000000000001,59.924451583517836,0.5748208288863962,10.724820828886473,20.87482082888655,41.1748208288867
59.97200000000001,0.48499999999999943,59.92389453496251,0.5690799313264105,10.744079931326487,20.919079931326564,41.26907993132672
59.97200000000001,0.48499999999999943,59.915871563328196,0.5796491861048334,10.77964918610491,20.97964918610499,41.37964918610514
59.96600000000001,0.48499999999999943,59.916952558248795,0.5739899612064402,10.798989961206518,21.023989961206595,41.473989961206755
59.96600000000001,0.48499999999999943,59.91795613825442,0.5682593567112199,10.818259356711298,21.068259356711376,41.56825935671153
59.967,0.4870000000000001,59.91867496943837,0.5625092519892868,10.837509251989365,21.112509251989444,41.662509251989604
59.967,0.4870000000000001,59.91673272296584,0.5621535301287105,10.86215353012879,21.16215353012887,41.76215353012903
59.96900000000001,0.4859999999999989,59.9168762815334,0.5563718569172963,10.881371856917376,21.206371856917453,41.85637185691761
59.96900000000001,0.4859999999999989,59.91690304530036,0.5505557255658944,10.900555725565974,21.250555725566052,41.95055572556621
59.96900000000001,0.4859999999999989,59.917056469504494,0.544786524680242,10.919786524680323,21.2947865246804,42.04478652468056
59.96900000000001,0.4859999999999989,59.915001965163654,0.551719468972523,10.951719468972604,21.351719468972682,42.15171946897284
59.968,0.48499999999999943,59.915502114963004,0.5461662455477683,10.971166245547849,21.39616624554793,42.24616624554809
59.968,0.48499999999999943,59.916019171999515,0.5405554098410476,10.990555409841129,21.44055540984121,42.34055540984137
