0.016000000000000014,0.9988911735210192
0.02799999999999958,0.9988911638119041
0.02799999999999958,0.9988911638118182
0.02799999999999958,0.9988910497215725
0.041999999999999815,0.9988911186601124
0.06099999999999994,0.9988907856993776
0.08499999999999996,0.9988906614837085
0.08499999999999996,0.9988895845592601
0.11899999999999977,0.9988899884219042
0.1589999999999998,0.9988896324061615
0.20699999999999985,0.9988821037454998
0.20699999999999985,0.9988874716918633
0.26400000000000023,0.9988863120797199
0.3309999999999995,0.9988518847572023
0.3309999999999995,0.9988799354791876
0.40700000000000003,0.998694623808435
0.4950000000000001,0.9988654333329341
0.4950000000000001,0.9988567510787806
0.593,0.9883546075763439
0.593,0.998786535742151
0.7039999999999997,0.9295129549084958
0.827,0.9985889501296126
0.9629999999999992,0.6151437101698286
1.1099999999999994,0.9970908069024962
1.1099999999999994,0.3536127086693519
1.2699999999999996,0.9917688519008184
1.440999999999999,0.9906369798030448
1.6210000000000004,0.19979836368551615
1.6210000000000004,0.9597342114076926
1.811,0.9637989147778487
2.01,0.8716393231881754
2.01,0.8715344631362308
2.2089999999999996,0.7542767917554999
2.414999999999999,0.6025259337384701
2.6270000000000007,0.6021767481970165
2.6270000000000007,0.5967280096043266
2.8409999999999993,0.34735287539418613
3.055999999999999,0.34614079994158886
3.055999999999999,0.3022922043947339
3.2680000000000007,0.297196200517002
3.4830000000000005,0.20088296740091346
3.6980000000000004,0.2077131365467965
3.6980000000000004,0.15121512451456806
3.9079999999999995,0.06673948092171399
4.119,0.02273866431634488
4.119,0.0064681757445929485
4.333,0.0018853689297716294
4.545,0.0006955130560503343
4.545,0.00039455486966017415
4.76,0.00031902701307979733
4.76,0.0002998019842388947
4.974,0.00029493835534221243
5.1899999999999995,0.00029371989394438836
5.1899999999999995,0.0002934151962538518
5.4079999999999995,0.00029333900167594583
5.632,0.0002933199480185552
5.8580000000000005,0.00029331518335235245
5.8580000000000005,0.0002933139918728623
6.086,0.000293313693924741
6.317,0.00029331361941814364
6.317,0.0002933136007866014
6.549999999999999,0.0002933135961274922
6.784000000000001,0.00029331359496240895
6.784000000000001,0.00029331359467106165
7.02,0.0002933135945982057
7.260999999999999,0.0002933135945799869
7.504,0.00029331359457543106
7.504,0.00029331359457429167
7.753,0.00029331359457400674
8.007,0.00029331359457393557
8.007,0.00029331359457391773
8.266,0.0002933135945739133
8.53,0.00029331359457391215
8.796999999999999,0.00029331359457391193
8.796999999999999,0.0002933135945739119
9.068,0.0002933135945739119
9.344,0.0002933135945739119
9.629,0.0002933135945739119
9.629,0.0002933135945739119
9.915000000000001,0.0002933135945739119
10.203999999999999,0.0002933135945739119
10.203999999999999,0.0002933135945739119
10.203999999999999,0.0002933135945739119
10.499999999999998,0.0002933135945739119
10.802000000000001,0.0002933135945739119
11.110000000000001,0.0002933135945739119
11.421000000000001,0.0002933135945739119
11.732000000000001,0.0002933135945739119
11.732000000000001,0.0002933135945739119
11.732000000000001,0.0002933135945739119
12.052000000000001,0.0002933135945739119
12.377,0.0002933135945739119
12.705,0.0002933135945739119
12.705,0.0002933135945739119
13.037,0.0002933135945739119
13.374999999999998,0.0002933135945739119
13.717,0.0002933135945739119
14.065,0.0002933135945739119
14.065,0.0002933135945739119
14.412,0.0002933135945739119
14.412,0.0002933135945739119
14.761000000000001,0.0002933135945739119
15.116000000000001,0.0002933135945739119
15.116000000000001,0.0002933135945739119
15.475,0.0002933135945739119
15.837000000000002,0.0002933135945739119
16.200000000000003,0.0002933135945739119
16.200000000000003,0.0002933135945739119
16.567999999999998,0.0002933135945739119
16.933999999999997,0.0002933135945739119
16.933999999999997,0.0002933135945739119
17.302,0.0002933135945739119
17.677,0.0002933135945739119
18.057000000000002,0.0002933135945739119
18.057000000000002,0.0002933135945739119
18.436999999999998,0.0002933135945739119
18.820999999999998,0.0002933135945739119
18.820999999999998,0.0002933135945739119
18.820999999999998,0.0002933135945739119
19.209000000000003,0.0002933135945739119
19.598,0.0002933135945739119
19.990000000000002,0.0002933135945739119
20.384999999999998,0.0002933135945739119
20.781,0.0002933135945739119
21.18,0.0002933135945739119
21.585,0.0002933135945739119
21.585,0.0002933135945739119
21.990000000000002,0.0002933135945739119
21.990000000000002,0.0002933135945739119
22.397,0.0002933135945739119
22.805999999999997,0.0002933135945739119
22.805999999999997,0.0002933135945739119
23.217,0.0002933135945739119
23.630000000000003,0.0002933135945739119
24.046,0.0002933135945739119
24.046,0.0002933135945739119
24.463,0.0002933135945739119
24.883000000000003,0.0002933135945739119
24.883000000000003,0.0002933135945739119
25.302,0.0002933135945739119
25.724000000000004,0.0002933135945739119
26.148000000000003,0.0002933135945739119
26.148000000000003,0.0002933135945739119
26.572000000000003,0.0002933135945739119
26.998000000000005,0.0002933135945739119
26.998000000000005,0.0002933135945739119
27.424,0.0002933135945739119
27.849000000000004,0.0002933135945739119
28.276000000000003,0.0002933135945739119
28.276000000000003,0.0002933135945739119
28.703000000000003,0.0002933135945739119
29.132000000000005,0.0002933135945739119
29.559000000000005,0.0002933135945739119
29.559000000000005,0.0002933135945739119
29.986000000000004,0.0002933135945739119
30.414,0.0002933135945739119
30.414,0.0002933135945739119
30.842,0.0002933135945739119
31.268,0.0002933135945739119
31.268,0.0002933135945739119
31.268,0.0002933135945739119
31.693000000000005,0.0002933135945739119
32.117000000000004,0.0002933135945739119
32.538000000000004,0.0002933135945739119
32.961,0.0002933135945739119
33.38,0.0002933135945739119
33.38,0.0002933135945739119
33.795,0.0002933135945739119
34.21,0.0002933135945739119
34.623000000000005,0.0002933135945739119
35.033,0.0002933135945739119
35.438,0.0002933135945739119
35.438,0.0002933135945739119
35.84,0.0002933135945739119
36.239000000000004,0.0002933135945739119
36.635000000000005,0.0002933135945739119
36.635000000000005,0.0002933135945739119
37.027,0.0002933135945739119
37.413000000000004,0.0002933135945739119
37.413000000000004,0.0002933135945739119
37.796,0.0002933135945739119
38.173,0.0002933135945739119
38.548,0.0002933135945739119
38.548,0.0002933135945739119
38.92,0.0002933135945739119
39.286,0.0002933135945739119
39.286,0.0002933135945739119
39.652,0.0002933135945739119
40.015,0.0002933135945739119
40.375,0.0002933135945739119
40.735,0.0002933135945739119
41.091,0.0002933135945739119
41.091,0.0002933135945739119
41.091,0.0002933135945739119
41.443000000000005,0.0002933135945739119
41.791000000000004,0.0002933135945739119
42.134,0.0002933135945739119
42.469,0.0002933135945739119
42.798,0.0002933135945739119
42.798,0.0002933135945739119
43.122,0.0002933135945739119
43.438,0.0002933135945739119
43.438,0.0002933135945739119
43.747,0.0002933135945739119
44.045,0.0002933135945739119
44.336,0.0002933135945739119
44.336,0.0002933135945739119
44.617000000000004,0.0002933135945739119
44.883,0.0002933135945739119
45.143,0.0002933135945739119
45.143,0.0002933135945739119
45.39,0.0002933135945739119
45.626000000000005,0.0002933135945739119
45.626000000000005,0.0002933135945739119
45.626000000000005,0.0002933135945739119
45.852000000000004,0.0002933135945739119
46.063,0.0002933135945739119
46.262,0.0002933135945739119
46.445,0.0002933135945739119
46.445,0.0002933135945739119
46.611000000000004,0.0002933135945739119
46.611000000000004,0.0002933135945739119
46.764,0.0002933135945739119
46.904,0.0002933135945739119
47.03,0.0002933135945739119
47.143,0.0002933135945739119
47.242000000000004,0.0002933135945739119
47.242000000000004,0.0002933135945739119
47.242000000000004,0.0002933135945739119
47.327,0.0002933135945739119
47.398,0.0002933135945739119
47.453,0.0002933135945739119
47.494,0.0002933135945739119
47.522,0.0002933135945739119
47.535000000000004,0.0002933135945739119
47.535000000000004,0.0002933135945739119
47.537,0.0002933135945739119
47.521,0.0002933135945739119
47.521,0.0002933135945739119
47.496,0.0002933135945739119
47.454,0.0002933135945739119
47.454,0.0002933135945739119
47.401,0.0002933135945739119
47.333,0.0002933135945739119
47.255,0.0002933135945739119
47.255,0.0002933135945739119
47.165,0.0002933135945739119
47.065000000000005,0.0002933135945739119
47.065000000000005,0.0002933135945739119
46.953,0.0002933135945739119
46.83,0.0002933135945739119
46.698,0.0002933135945739119
46.558,0.0002933135945739119
46.4,0.0002933135945739119
46.4,0.0002933135945739119
46.225,0.0002933135945739119
46.042,0.0002933135945739119
45.853,0.0002933135945739119
45.853,0.0002933135945739119
45.660000000000004,0.0002933135945739119
45.452,0.0002933135945739119
45.226,0.0002933135945739119
44.986000000000004,0.0002933135945739119
44.986000000000004,0.0002933135945739119
44.739000000000004,0.0002933135945739119
44.482,0.0002933135945739119
44.212,0.0002933135945739119
44.212,0.0002933135945739119
44.212,0.0002933135945739119
43.93,0.0002933135945739119
43.642,0.0002933135945739119
43.342,0.0002933135945739119
43.037,0.0002933135945739119
42.718,0.0002933135945739119
42.718,0.0002933135945739119
42.396,0.0002933135945739119
42.066,0.0002933135945739119
41.729,0.0002933135945739119
41.386,0.0002933135945739119
41.036,0.0002933135945739119
41.036,0.0002933135945739119
40.678000000000004,0.0002933135945739119
40.313,0.0002933135945739119
40.313,0.0002933135945739119
39.938,0.0002933135945739119
39.564,0.0002933135945739119
39.185,0.0002933135945739119
39.185,0.0002933135945739119
38.800000000000004,0.0002933135945739119
38.404,0.0002933135945739119
38.404,0.0002933135945739119
38.007000000000005,0.0002933135945739119
37.604,0.0002933135945739119
37.193000000000005,0.0002933135945739119
37.193000000000005,0.0002933135945739119
36.778,0.0002933135945739119
36.356,0.0002933135945739119
35.931000000000004,0.0002933135945739119
35.499,0.0002933135945739119
35.499,0.0002933135945739119
35.062000000000005,0.0002933135945739119
35.062000000000005,0.0002933135945739119
34.624,0.0002933135945739119
34.181000000000004,0.0002933135945739119
33.730000000000004,0.0002933135945739119
33.272,0.0002933135945739119
32.814,0.0002933135945739119
32.814,0.0002933135945739119
32.356,0.0002933135945739119
31.891,0.0002933135945739119
31.424,0.0002933135945739119
31.424,0.0002933135945739119
30.955,0.0002933135945739119
30.481,0.0002933135945739119
30.481,0.0002933135945739119
30.006,0.0002933135945739119
29.525,0.0002933135945739119
29.044000000000004,0.0002933135945739119
29.044000000000004,0.0002933135945739119
28.557000000000002,0.0002933135945739119
28.068000000000005,0.0002933135945739119
28.068000000000005,0.0002933135945739119
27.576,0.0002933135945739119
27.079,0.0002933135945739119
26.578000000000003,0.0002933135945739119
26.073999999999998,0.0002933135945739119
26.073999999999998,0.0002933135945739119
25.569000000000003,0.0002933135945739119
25.569000000000003,0.0002933135945739119
25.060000000000002,0.0002933135945739119
24.548000000000002,0.0002933135945739119
24.04,0.0002933135945739119
23.527,0.0002933135945739119
23.012,0.0002933135945739119
23.012,0.0002933135945739119
22.499000000000002,0.0002933135945739119
21.982,0.0002933135945739119
21.982,0.0002933135945739119
21.464999999999996,0.0002933135945739119
20.951999999999998,0.0002933135945739119
20.439999999999998,0.0002933135945739119
19.926000000000002,0.0002933135945739119
19.415,0.0002933135945739119
19.415,0.0002933135945739119
18.906,0.0002933135945739119
18.393,0.0002933135945739119
18.393,0.0002933135945739119
17.881999999999998,0.0002933135945739119
17.881999999999998,0.0002933135945739119
17.375,0.0002933135945739119
16.869999999999997,0.0002933135945739119
16.363999999999997,0.0002933135945739119
15.862,0.0002933135945739119
15.363000000000001,0.0002933135945739119
15.363000000000001,0.0002933135945739119
15.363000000000001,0.0002933135945739119
14.866000000000001,0.0002933135945739119
14.371999999999998,0.0002933135945739119
13.877999999999998,0.0002933135945739119
13.388,0.0002933135945739119
12.901000000000002,0.0002933135945739119
12.901000000000002,0.0002933135945739119
12.418000000000001,0.0002933135945739119
11.94,0.0002933135945739119
11.469,0.0002933135945739119
11.002,0.0002933135945739119
10.543999999999999,0.0002933135945739119
10.543999999999999,0.0002933135945739119
10.092,0.0002933135945739119
9.648000000000001,0.0002933135945739119
9.209999999999999,0.0002933135945739119
8.781,0.0002933135945739119
8.361,0.0002933135945739119
8.361,0.0002933135945739119
7.949999999999999,0.0002933135945739119
7.545,0.0002933135945739119
7.154,0.0002933135945739119
7.154,0.0002933135945739119
6.769,0.0002933135945739119
6.395,0.0002933135945739119
6.395,0.0002933135945739119
6.029,0.0002933135945739119
5.670999999999999,0.0002933135945739119
5.32,0.0002933135945739119
4.978999999999999,0.0002933135945739119
4.645999999999999,0.0002933135945739119
4.645999999999999,0.0002933135945739119
4.315999999999999,0.0002933135945739119
3.9939999999999998,0.0002933135945739119
3.6790000000000003,0.0002933135945739119
3.369999999999999,0.0002933135945739119
3.0760000000000005,0.0002933135945739119
2.7889999999999997,0.0002933135945739119
2.5060000000000002,0.0002933135945739119
2.5060000000000002,0.0002933135945739119
2.24,0.0002933135945739119
1.9830000000000005,0.0002933135945739119
1.7360000000000007,0.0002933135945739119
1.7360000000000007,0.0002933135945739119
1.5009999999999994,0.0002933135945739119
1.2769999999999992,0.0002933135945739119
1.0700000000000003,0.0002933135945739119
0.875,0.0002933135945739119
0.6970000000000001,0.0002933135945739119
0.6970000000000001,0.0002933135945739119
0.6970000000000001,0.0002933135945739119
0.5300000000000002,0.0002933135945739119
0.3799999999999999,0.0002933135945739119
0.24099999999999966,0.0002933135945739119
0.11399999999999988,0.0002933135945739119
-0.001000000000000334,0.00029380063562531897
-0.10200000000000031,0.0002939529763343406
-0.1930000000000005,0.00029869578966075483
-0.27200000000000024,0.00030020724475363043
-0.27200000000000024,0.0003005935993199221
-0.3440000000000003,0.0003006923590439469
-0.4039999999999999,0.0003007176039905841
-0.45500000000000007,0.00030072405710318935
-0.4930000000000003,0.0003692847070533601
-0.5350000000000001,0.00039793313599010985
-0.5680000000000005,0.0005732305943262059
-0.5840000000000005,0.0006973486759379879
-0.5840000000000005,0.0008660007678513078
-0.5970000000000004,0.0010105496173144753
-0.5970000000000004,0.0011061770554040503
-0.6040000000000001,0.001467171502099906
-0.601,0.0020118658629491794
-0.5970000000000004,0.0029904903272468006
-0.5920000000000005,0.0048398064426531445
-0.5920000000000005,0.00883106067455603
-0.5830000000000002,0.02057826993379657
-0.5700000000000003,0.04596860393535573
-0.5540000000000003,0.09737634771203414
-0.54,0.2597731239310391
-0.5289999999999999,0.8512813308809628
-0.5289999999999999,0.9862714417512733
-0.5150000000000006,0.20282538411306317
-0.5019999999999998,0.9926778863318446
-0.4889999999999999,0.4491840556335812
-0.48099999999999987,0.7011355642637513
-0.47500000000000053,0.9976067414387403
-0.4560000000000004,0.8370953042826128
-0.4560000000000004,0.9985862932453196
-0.4500000000000002,0.9814596851578368
-0.44399999999999995,0.9973702006176132
-0.4400000000000004,0.9988718026081375
-0.4320000000000004,0.9986677887233422
-0.4320000000000004,0.9988829027511733
-0.4270000000000005,0.9988260024702503
-0.42600000000000016,0.9988388138716993
-0.4240000000000004,0.9988856158817072
-0.4249999999999998,0.998815566729454
-0.4240000000000004,0.9988858795444067
-0.4240000000000004,0.9988582221396626
-0.4249999999999998,0.9988818893604526
-0.4249999999999998,0.9988907869430805
-0.4240000000000004,0.9988908193331228
