-0.0009999999999998899,0.9988911735210192
-0.0009999999999998899,0.9988911638119041
0.001000000000000112,0.9988911638118182
0.001000000000000112,0.3486859703067403
0.001000000000000112,0.9918373576313297
0.001000000000000112,0.993842259470222
0.001000000000000112,0.9938738122861279
0.0,0.9947185556014434
0.0,0.9938843441796323
0.0020000000000000018,0.9908721356623247
0.0040000000000000036,0.9938571108295906
0.008000000000000007,0.9947050361830738
0.008000000000000007,0.993872325858477
0.016000000000000014,0.9938770670858966
0.016000000000000014,0.9938645494811562
0.027000000000000135,0.9950481705137425
0.04100000000000015,0.99388625800065
0.05900000000000016,0.9938873385958324
0.05900000000000016,0.9938858450010187
0.08400000000000007,0.9953172482194951
0.11300000000000021,0.9938850579403695
0.15500000000000003,0.32355632125251826
0.15500000000000003,0.2770496449721086
0.20399999999999996,0.2679862033653618
0.26600000000000024,0.3151745011812481
0.26600000000000024,0.9401989282590371
0.33699999999999997,0.2218860694875499
0.41600000000000015,0.24645851042494518
0.41600000000000015,0.9790083376752956
0.5080000000000002,0.2224703322294589
0.6119999999999999,0.2997752593390882
0.6119999999999999,0.9808135743989954
0.7270000000000001,0.2595561360938739
0.8510000000000002,0.2787248914491559
0.9890000000000001,0.3162377241235698
0.9890000000000001,0.3436977616815689
1.1370000000000002,0.22944653247647065
1.2980000000000003,0.2241488055483156
1.47,0.1485772515081921
1.652,0.32612577432815665
1.652,0.27902113043552984
1.8459999999999999,0.15511610107733456
2.0469999999999997,0.3217752990224551
2.261,0.15617391768840566
2.4850000000000003,0.08962941468679475
2.4850000000000003,0.03446692914996968
2.716,0.010156181618413076
2.9590000000000005,0.002891730235701375
2.9590000000000005,0.004734666245195466
3.21,0.10120072789633011
3.4670000000000005,0.04104900238668224
3.731,0.06132568009393272
3.731,0.18665833532162343
4.005,0.15534705869136373
4.005,0.0928253799171093
4.288,0.03573823240045039
4.578,0.05234209543142006
4.876,0.1850945222168125
4.876,0.15116328136858373
5.180000000000001,0.4345263884731113
5.180000000000001,0.1986500286860132
5.492,0.19454155718791163
5.813000000000001,0.894683641886694
5.813000000000001,0.19962448853292386
6.138,0.1984338258617537
6.473000000000001,0.19365433912751404
6.809000000000001,0.17769721310808656
7.1579999999999995,0.13305414762968942
7.1579999999999995,0.06651930382239014
7.51,0.11117976265812074
7.873000000000001,0.1929432314572728
7.873000000000001,0.17544919449227306
8.243,0.6398996269004497
8.619,0.19843873276418933
8.619,0.19667748123173398
9.009,0.9394263293010328
9.402000000000001,0.19758058444775958
9.402000000000001,0.1976144225072263
9.804,0.9695606939725907
10.213000000000001,0.19170862804939404
10.213000000000001,0.1947125245035361
10.628,0.9703680254462054
11.051,0.18634098622990872
11.051,0.19372138926608204
11.482000000000001,0.18214032837081265
11.92,0.7731890927214983
12.361,0.1737530741045837
12.361,0.9124324478324637
12.808,0.12753442297593778
12.808,0.8422638505919086
13.26,0.1474908107563015
13.72,0.12068594255839768
14.180000000000001,0.1270706951149076
14.641,0.06690878540273004
15.104000000000001,0.018714513161596273
15.574,0.0031753469363818183
16.044999999999998,0.003996551235955611
16.044999999999998,0.0014432554633403874
16.517,0.00015890568901894692
16.988999999999997,0.0011140651587519925
17.464,0.0008962965344452039
17.464,0.000161956338411713
17.944,8.770509798794052e-05
18.421999999999997,7.055739505205939e-05
18.898,9.154391895715054e-05
19.372999999999998,0.00012829344690205093
19.372999999999998,0.00013895839056593027
19.848,0.00010124445987208171
20.323999999999998,9.969646997859783e-05
20.323999999999998,5.941822657823001e-05
20.799,3.323902844730691e-05
21.272,3.933900576572749e-05
21.744999999999997,7.068931512022726e-05
21.744999999999997,6.983378699861723e-05
22.218999999999998,7.227960672977706e-05
22.218999999999998,0.001169635660922116
22.694,0.014183307772592945
23.168999999999997,0.0018106661340590445
23.642999999999997,0.003104716003006904
24.113999999999997,0.02107165254898152
24.113999999999997,0.0024227007356930996
24.584999999999997,0.0037628226352656217
25.052999999999997,0.02759005763895584
25.052999999999997,0.0048535238695356624
25.52,0.0005025707862338096
25.988,0.00010456456942250067
25.988,0.0011952852507205766
26.453999999999997,0.0050455280154631755
26.915999999999997,0.00045031950611389095
26.915999999999997,0.001558160574721691
26.915999999999997,0.0040168002899612365
27.383,0.0002834081553930737
27.845,0.0013713626683818313
27.845,0.0034412419835929686
28.305999999999997,0.0002862325293339038
28.762999999999998,3.136999784608213e-05
29.221,1.0621383308949375e-05
29.68,7.3468116467670694e-06
30.135999999999996,2.401538130578218e-05
30.135999999999996,0.0010929597175733928
30.592,0.0006089912431262076
30.592,3.3115691016293506e-05
31.049,0.001106354695457323
31.501999999999995,0.000296041596591518
31.501999999999995,2.3650840636693253e-05
31.958,0.001080947318059143
32.412,7.304271656682439e-05
32.862,7.982737618552649e-06
33.311,3.196418786585443e-05
33.311,3.504605682700731e-05
33.762,0.0010710852331157182
34.214,0.0004215654053850095
34.665,3.385118252107054e-05
34.665,1.8834682016893603e-05
35.115,1.9463453874293536e-05
35.565999999999995,1.1372949367081651e-05
35.565999999999995,5.7132172876691225e-06
36.016999999999996,5.7883010042495155e-06
36.016999999999996,1.1432489512999226e-05
36.472,9.921859839561892e-06
36.923,1.0089076358678687e-05
37.376,1.859970443917831e-05
37.829,1.8795739355682396e-05
38.284,1.186611777865747e-05
38.284,7.2474979063893805e-06
38.739,8.346786940331429e-06
39.193,1.2506536434340413e-05
39.193,2.8473543308810305e-05
39.649,2.750278313966301e-05
40.108,2.0780749909995122e-05
40.568,2.031468649315287e-05
40.568,1.2562020349575672e-05
41.033,6.459180574921677e-06
41.498,0.0010157429290536155
41.966,0.0002722124183495462
41.966,1.1947348732028924e-05
42.433,1.252659689415793e-05
42.903999999999996,1.3472282955425982e-05
42.903999999999996,2.2818785176543223e-05
43.376,2.1360820069310248e-05
43.85,3.1570812691865014e-05
44.324999999999996,2.9614826116582292e-05
44.803,0.0010932854239675634
44.803,0.000982312606075167
45.281,0.0009220474718842613
45.281,5.192973497160485e-05
45.757999999999996,5.2362577065552384e-05
46.235,6.570052818877107e-05
46.713,5.2861433741502975e-05
47.189,3.3794400319126144e-05
47.664,0.001117782200420892
47.664,0.005222931057266539
48.138,0.0004934193583115274
48.61,6.508577667871699e-05
48.61,2.868066231449994e-05
49.085,3.720403873640887e-05
49.555,4.428668620116774e-05
50.025,9.090303891009819e-05
50.025,8.734201979598094e-05
50.492999999999995,0.00011329646830095178
50.958999999999996,0.00011074294290100358
50.958999999999996,5.136840840514617e-05
51.423,3.4467673498289244e-05
51.885999999999996,6.30580694702197e-05
52.347,6.990025205142185e-05
52.804,0.00011611269573626895
53.260999999999996,0.0009261955925378558
53.260999999999996,0.0002973041676079422
53.716,0.00010697568338340704
54.171,9.326196870850813e-05
54.623,0.00013167639504185947
54.623,0.00012682649307929836
54.623,0.00015202431998580452
55.071,0.00015182509032633367
55.516,0.00010979675322843883
55.954,8.650401304837137e-05
56.388,0.00013070546783753957
56.817,0.00012707384182157714
57.238,0.00018456388527690658
57.649,0.0010679404570239372
57.649,0.0006845543208072139
58.043,0.00024298023544434898
58.423,0.00018145368212467124
58.788,0.00023607349485663823
58.788,0.00022704170271608957
58.788,0.00026786107093996635
59.135,0.0002672157043544438
59.467,0.0002757378979671039
59.783,0.00024106494689550486
60.080999999999996,0.00027474057545588015
60.365,0.001203294643309181
60.632,0.0016555600031264832
60.884,0.00063500571306093
60.884,0.0003771723014802703
61.12,0.001562857217065364
61.339,0.048301439687007675
61.339,0.014928299098725293
61.543,0.004164674881827078
61.543,0.0012753499159135137
61.729,0.0005418339450118786
61.900999999999996,0.0003562998331403263
62.055,0.0015380525058775701
62.19499999999999,0.051567561593829435
62.19499999999999,0.016269799145674113
62.316,0.02263517773334093
62.316,0.18160624679195256
62.423,0.12021869532465836
62.516000000000005,0.2645002680793309
62.516000000000005,0.28990548824451723
62.601,0.23998321354017615
62.679,0.2534122046111567
62.751000000000005,0.19636610649732988
62.751000000000005,0.14929959331492387
62.81399999999999,0.07017449520525192
62.870999999999995,0.02825828145284663
62.916,0.014240861046629763
62.95099999999999,0.010634312034917513
62.974999999999994,0.006720017972162891
62.974999999999994,0.0042527580050318895
62.982,0.0028971532042273455
62.976,0.001864281494893329
62.976,0.001002395584415839
62.968,0.0024400620866063707
62.97,0.11839890664597114
62.97,0.06574176238551958
62.973,0.10791101123679606
62.973,0.32880386069294826
62.974000000000004,0.25600838092600603
62.973,0.2287807872544805
62.97,0.31049836161858185
62.97,0.6278532014916365
62.973,0.2988312342737183
62.973,0.343924771752063
62.973,0.38974669481094076
62.973,0.38475510653086503
62.973,0.3744143777821842
62.973,0.3648244062848547
62.973,0.314362799949719
62.973,0.314362799949719
62.973,0.314362799949719
62.973,0.314362799949719
62.973,0.314362799949719
62.973,0.314362799949719
62.973,0.314362799949719
62.973,0.314362799949719
62.973,0.314362799949719
62.973,0.314362799949719
62.973,0.314362799949719
62.973,0.314362799949719
62.973,0.314362799949719
62.973,0.314362799949719
62.973,0.314362799949719
62.973,0.314362799949719
62.973,0.314362799949719
62.973,0.314362799949719
62.973,0.314362799949719
62.973,0.314362799949719
62.973,0.314362799949719
62.973,0.314362799949719
