0.0,0.9988911638119041
0.0,0.9988911638118182
0.0,0.5626553816042967
0.0,0.48027934375486153
-0.001000000000000334,0.5611732698313894
0.0,0.561720173266424
0.0,0.49179712778014134
0.0,0.5599137326187278
0.0009999999999994458,0.5604154478480854
0.0,0.5605167196517737
-0.001000000000000334,0.4684542621151863
-0.001000000000000334,0.5587650927418721
-0.001000000000000334,0.5585619013868711
0.0,0.5594739621934482
0.0,0.43595596501284156
0.0009999999999994458,0.5573426836341131
0.0019999999999997797,0.5574258540630179
0.0030000000000001137,0.5575938482042576
0.004999999999999893,0.4524912906818396
0.004999999999999893,0.45141346625247797
0.01100000000000012,0.5548819231502138
0.019999999999999574,0.5579492040048746
0.019999999999999574,0.5586446990424903
0.03000000000000025,0.5586740154206609
0.041999999999999815,0.5722159520620141
0.041999999999999815,0.5727147992726185
0.05600000000000005,0.5647262929820703
0.07299999999999951,0.5797430501840296
0.07299999999999951,0.5800298075810837
0.07299999999999951,0.5636991154745022
0.09399999999999942,0.5666743898335611
0.11599999999999966,0.5667055260004655
0.14100000000000001,0.5686735211034547
0.16699999999999982,0.5687072017067454
0.2029999999999994,0.5643398341103314
0.2029999999999994,0.5643238670364319
0.2029999999999994,0.5536905740694331
0.23499999999999943,0.5592964934379607
0.2709999999999999,0.5592687057283767
0.31099999999999994,0.5476343288371223
0.35599999999999987,0.5475179617963205
0.41000000000000014,0.547422902977875
0.41000000000000014,0.5232212776155761
0.47799999999999976,0.5207652835197857
0.5619999999999994,0.5204762591327351
0.6559999999999997,0.49367545577779304
0.6559999999999997,0.493096734996565
0.7720000000000002,0.42464390677889674
0.907,0.4228715899567534
0.907,0.331575565075898
1.056,0.28724255031258517
1.2199999999999998,0.27315489014530253
1.2199999999999998,0.20445929576408575
1.3919999999999995,0.13088790417237778
1.5750000000000002,0.06441858687976887
1.7649999999999997,0.02128339009371672
1.7649999999999997,0.006040991820941255
1.7649999999999997,0.0017652942954558258
1.9589999999999996,0.0006636709141293499
2.16,0.00038600892430950905
2.369999999999999,0.0003164495933833884
2.583,0.0002990509402904651
2.802999999999999,0.0002947004913945222
2.802999999999999,0.00029361277154083904
2.802999999999999,0.00029334082021903235
3.0280000000000005,0.0002932728273955989
3.2569999999999997,0.0002932558279630962
3.4909999999999997,0.00029325157779964327
3.731,0.00029325051518252755
3.978999999999999,0.00029325024950918935
3.978999999999999,0.00029325018308609
4.234,0.0002932501664791239
4.491999999999999,0.00029325016232708455
4.756,0.0002932501612890003
5.029999999999999,0.00029325016102946054
5.029999999999999,0.00029325016096457094
5.311999999999999,0.0002932501609483474
5.606,0.00029325016094429126
5.911,0.0002932501609432772
5.911,0.00029325016094302366
6.228,0.0002932501609429602
6.557,0.00029325016094294436
6.898,0.0002932501609429404
6.898,0.00029325016094293937
6.898,0.0002932501609429391
7.247999999999999,0.0002932501609429391
7.609999999999999,0.0002932501609429391
7.978,0.0002932501609429391
8.352,0.0002932501609429391
8.733,0.0002932501609429391
8.733,0.0002932501609429391
9.121,0.0002932501609429391
9.514,0.0002932501609429391
9.913,0.0002932501609429391
10.315,0.0002932501609429391
10.315,0.0002932501609429391
10.720999999999998,0.0002932501609429391
10.720999999999998,0.0002932501609429391
11.130999999999998,0.0002932501609429391
11.543000000000001,0.0002932501609429391
11.961,0.0002932501609429391
12.380999999999998,0.0002932501609429391
12.380999999999998,0.0002932501609429391
12.804,0.0002932501609429391
13.232999999999999,0.0002932501609429391
13.664,0.0002932501609429391
13.664,0.0002932501609429391
14.098999999999998,0.0002932501609429391
14.537999999999998,0.0002932501609429391
14.981,0.0002932501609429391
14.981,0.0002932501609429391
15.427000000000001,0.0002932501609429391
15.877,0.0002932501609429391
16.33,0.0002932501609429391
16.786,0.0002932501609429391
17.247999999999998,0.0002932501609429391
17.247999999999998,0.0002932501609429391
17.247999999999998,0.0002932501609429391
17.714,0.0002932501609429391
18.183,0.0002932501609429391
18.656,0.0002932501609429391
19.130000000000003,0.0002932501609429391
19.609,0.0002932501609429391
19.609,0.0002932501609429391
20.092,0.0002932501609429391
20.576999999999998,0.0002932501609429391
20.576999999999998,0.0002932501609429391
21.063000000000002,0.0002932501609429391
21.554000000000002,0.0002932501609429391
21.554000000000002,0.0002932501609429391
22.049,0.0002932501609429391
22.546999999999997,0.0002932501609429391
22.546999999999997,0.0002932501609429391
23.043,0.0002932501609429391
23.546,0.0002932501609429391
24.051000000000002,0.0002932501609429391
24.051000000000002,0.0002932501609429391
24.558,0.0002932501609429391
24.558,0.0002932501609429391
25.061999999999998,0.0002932501609429391
25.569000000000003,0.0002932501609429391
26.076999999999998,0.0002932501609429391
26.583,0.0002932501609429391
26.583,0.0002932501609429391
27.090000000000003,0.0002932501609429391
27.090000000000003,0.0002932501609429391
27.090000000000003,0.0002932501609429391
27.597,0.0002932501609429391
28.105000000000004,0.0002932501609429391
28.61,0.0002932501609429391
29.114000000000004,0.0002932501609429391
29.615000000000002,0.0002932501609429391
29.615000000000002,0.0002932501609429391
30.115000000000002,0.0002932501609429391
30.616,0.0002932501609429391
31.114000000000004,0.0002932501609429391
31.114000000000004,0.0002932501609429391
31.614000000000004,0.0002932501609429391
32.113,0.0002932501609429391
32.613,0.0002932501609429391
32.613,0.0002932501609429391
33.107,0.0002932501609429391
33.602000000000004,0.0002932501609429391
34.097,0.0002932501609429391
34.097,0.0002932501609429391
34.592,0.0002932501609429391
34.592,0.0002932501609429391
35.083,0.0002932501609429391
35.577,0.0002932501609429391
36.071000000000005,0.0002932501609429391
36.566,0.0002932501609429391
36.566,0.0002932501609429391
37.062000000000005,0.0002932501609429391
37.062000000000005,0.0002932501609429391
37.556000000000004,0.0002932501609429391
38.051,0.0002932501609429391
38.545,0.0002932501609429391
39.038000000000004,0.0002932501609429391
39.533,0.0002932501609429391
39.533,0.0002932501609429391
40.028,0.0002932501609429391
40.524,0.0002932501609429391
40.524,0.0002932501609429391
41.019,0.0002932501609429391
41.512,0.0002932501609429391
42.004000000000005,0.0002932501609429391
42.495000000000005,0.0002932501609429391
42.984,0.0002932501609429391
42.984,0.0002932501609429391
43.47,0.0002932501609429391
43.955,0.0002932501609429391
44.438,0.0002932501609429391
44.438,0.0002932501609429391
44.923,0.0002932501609429391
45.403,0.0002932501609429391
45.403,0.0002932501609429391
45.881,0.0002932501609429391
46.356,0.0002932501609429391
46.831,0.0002932501609429391
46.831,0.0002932501609429391
46.831,0.0002932501609429391
47.304,0.0002932501609429391
47.775,0.0002932501609429391
48.241,0.0002932501609429391
48.705,0.0002932501609429391
49.17,0.0002932501609429391
49.17,0.0002932501609429391
49.17,0.0002932501609429391
49.631,0.0002932501609429391
50.089,0.0002932501609429391
50.546,0.0002932501609429391
51.002,0.0002932501609429391
51.454,0.0002932501609429391
51.454,0.0002932501609429391
51.899,0.0002932501609429391
52.341,0.0002932501609429391
52.341,0.0002932501609429391
52.777,0.0002932501609429391
53.207,0.0002932501609429391
53.207,0.0002932501609429391
53.627,0.0002932501609429391
53.627,0.0002932501609429391
54.041000000000004,0.0002932501609429391
54.440000000000005,0.0002932501609429391
54.824,0.0002932501609429391
55.195,0.0002932501609429391
55.550000000000004,0.0002932501609429391
55.550000000000004,0.0002932501609429391
55.550000000000004,0.0002932501609429391
55.89,0.0002932501609429391
56.215,0.0002932501609429391
56.524,0.0002932501609429391
56.822,0.0002932501609429391
57.109,0.0002932501609429391
57.109,0.0002932501609429391
57.383,0.0002932501609429391
57.648,0.0002932501609429391
57.9,0.0002932501609429391
57.9,0.0002932501609429391
58.139,0.0002932501609429391
58.364000000000004,0.0002932501609429391
58.574,0.0002932501609429391
58.574,0.0002932501609429391
58.768,0.0002932501609429391
58.95,0.0002932501609429391
59.114000000000004,0.0002932501609429391
59.114000000000004,0.0002932501609429391
59.265,0.0002932501609429391
59.265,0.0002932501609429391
59.397999999999996,0.0002932501609429391
59.518,0.0002932501609429391
59.622,0.0002932501609429391
59.709,0.0002932501609429391
59.709,0.0002932501609429391
59.783,0.0002932501609429391
59.783,0.0002932501609429391
59.845,0.0002932501609429391
59.894000000000005,0.0002932501609429391
59.931,0.0002932501609429391
59.956,0.0002932501609429391
59.97200000000001,0.0002932501609429391
59.97200000000001,0.0002932501609429391
59.97500000000001,0.0002932501609429391
59.97200000000001,0.0002932501609429391
59.96600000000001,0.0002932501609429391
59.967,0.0002932501609429391
59.96900000000001,0.0002932501609429391
59.96900000000001,0.0002932501609429391
59.96900000000001,0.0002932501609429391
59.968,0.0002932501609429391
59.968,0.0002932501609429391
59.968,0.0002932501609429391
59.968,0.0002932501609429391
59.968,0.0002932501609429391
59.968,0.0002932501609429391
59.968,0.0002932501609429391
59.968,0.0002932501609429391
59.968,0.0002932501609429391
59.968,0.0002932501609429391
59.968,0.0002932501609429391
59.968,0.0002932501609429391
59.968,0.0002932501609429391
59.968,0.0002932501609429391
59.968,0.0002932501609429391
59.968,0.0002932501609429391
59.968,0.0002932501609429391
59.968,0.0002932501609429391
59.968,0.0002932501609429391
59.968,0.0002932501609429391
59.968,0.0002932501609429391
59.968,0.0002932501609429391
59.968,0.0002932501609429391
59.968,0.0002932501609429391
59.968,0.0002932501609429391
59.968,0.0002932501609429391
59.968,0.0002932501609429391
59.968,0.0002932501609429391
59.968,0.0002932501609429391
59.968,0.0002932501609429391
59.968,0.0002932501609429391
59.968,0.0002932501609429391
59.968,0.0002932501609429391
59.968,0.0002932501609429391
59.968,0.0002932501609429391
59.968,0.0002932501609429391
59.968,0.0002932501609429391
59.968,0.0002932501609429391
59.968,0.0002932501609429391
59.968,0.0002932501609429391
59.968,0.0002932501609429391
59.968,0.0002932501609429391
59.968,0.0002932501609429391
59.968,0.0002932501609429391
59.968,0.0002932501609429391
59.968,0.0002932501609429391
59.968,0.0002932501609429391
59.968,0.0002932501609429391
59.968,0.0002932501609429391
59.968,0.0002932501609429391
