0.016000000000000014,0.9988911735210192
0.02799999999999958,0.9988911638119041
0.02799999999999958,0.9988911638118182
0.02799999999999958,0.9988910497215725
0.041999999999999815,0.998891060594579
0.06099999999999994,0.9988898547051959
0.08499999999999996,0.9988906604596665
0.11899999999999977,0.9988910534112303
0.1589999999999998,0.9988863745400434
0.1589999999999998,0.9988896284290468
0.20699999999999985,0.9988821037454586
0.26400000000000023,0.9988874716918633
0.26400000000000023,0.9988863120797199
0.3309999999999995,0.9988518847572023
0.40700000000000003,0.9988799354791876
0.40700000000000003,0.998694623808435
0.4950000000000001,0.9988654333329341
0.4950000000000001,0.9988567510787806
0.593,0.9883546075763439
0.593,0.998786535742151
0.7039999999999997,0.9987564902439919
0.827,0.892180078613689
0.9629999999999992,0.9983235183045002
1.1099999999999994,0.4474264179342428
1.1099999999999994,0.9970568181310698
1.2699999999999996,0.9958313715736457
1.440999999999999,0.2005037710699103
1.6210000000000004,0.9883503460549812
1.6210000000000004,0.9926586710131602
1.811,0.9418390362810849
2.01,0.9417825566644841
2.01,0.8265420603320222
2.2089999999999996,0.8263988335586712
2.414999999999999,0.602608016229967
2.6270000000000007,0.5447735374708618
2.6270000000000007,0.5443587258879194
2.8409999999999993,0.3471310748872365
3.055999999999999,0.31551272493749966
3.2680000000000007,0.3125133378913231
3.2680000000000007,0.22633672564799578
3.4830000000000005,0.20890425513139746
3.6980000000000004,0.18538652212845755
3.6980000000000004,0.12115833960144085
3.9079999999999995,0.04783049745668195
4.119,0.015007250407287372
4.119,0.00422077009806445
4.333,0.0012979008188544552
4.545,0.0005467520380553616
4.76,0.0003572065426093865
4.76,0.0003095294565949105
4.974,0.0002975834212146458
5.1899999999999995,0.00029439386835278643
5.1899999999999995,0.0002935553338965242
5.1899999999999995,0.0002933439018604207
5.4079999999999995,0.00029329103629003255
5.632,0.00029327781801993775
5.8580000000000005,0.0002932745129837927
6.086,0.00029327368660763575
6.317,0.0002932734799843154
6.317,0.0002932734283211641
6.549999999999999,0.0002932734154035458
6.784000000000001,0.0002932734121736835
6.784000000000001,0.0002932734113661035
7.02,0.0002932734111641799
7.02,0.00029327341111369185
7.260999999999999,0.0002932734111010681
7.504,0.00029327341109791166
7.753,0.0002932734110971224
7.753,0.0002932734110969251
8.007,0.00029327341109687576
8.266,0.0002932734110968634
8.266,0.0002932734110968603
8.53,0.0002932734110968596
8.796999999999999,0.0002932734110968594
8.796999999999999,0.00029327341109685934
9.068,0.00029327341109685934
9.344,0.00029327341109685934
9.629,0.00029327341109685934
9.629,0.00029327341109685934
9.915000000000001,0.00029327341109685934
10.203999999999999,0.00029327341109685934
10.203999999999999,0.00029327341109685934
10.203999999999999,0.00029327341109685934
10.499999999999998,0.00029327341109685934
10.802000000000001,0.00029327341109685934
11.110000000000001,0.00029327341109685934
11.421000000000001,0.00029327341109685934
11.421000000000001,0.00029327341109685934
11.732000000000001,0.00029327341109685934
11.732000000000001,0.00029327341109685934
12.052000000000001,0.00029327341109685934
12.377,0.00029327341109685934
12.705,0.00029327341109685934
12.705,0.00029327341109685934
13.037,0.00029327341109685934
13.374999999999998,0.00029327341109685934
13.717,0.00029327341109685934
13.717,0.00029327341109685934
14.065,0.00029327341109685934
14.065,0.00029327341109685934
14.412,0.00029327341109685934
14.761000000000001,0.00029327341109685934
15.116000000000001,0.00029327341109685934
15.116000000000001,0.00029327341109685934
15.116000000000001,0.00029327341109685934
15.475,0.00029327341109685934
15.837000000000002,0.00029327341109685934
16.200000000000003,0.00029327341109685934
16.200000000000003,0.00029327341109685934
16.567999999999998,0.00029327341109685934
16.933999999999997,0.00029327341109685934
16.933999999999997,0.00029327341109685934
17.302,0.00029327341109685934
17.677,0.00029327341109685934
18.057000000000002,0.00029327341109685934
18.436999999999998,0.00029327341109685934
18.436999999999998,0.00029327341109685934
18.820999999999998,0.00029327341109685934
18.820999999999998,0.00029327341109685934
19.209000000000003,0.00029327341109685934
19.598,0.00029327341109685934
19.990000000000002,0.00029327341109685934
20.384999999999998,0.00029327341109685934
20.781,0.00029327341109685934
20.781,0.00029327341109685934
21.18,0.00029327341109685934
21.585,0.00029327341109685934
21.585,0.00029327341109685934
21.990000000000002,0.00029327341109685934
21.990000000000002,0.00029327341109685934
22.397,0.00029327341109685934
22.805999999999997,0.00029327341109685934
22.805999999999997,0.00029327341109685934
23.217,0.00029327341109685934
23.630000000000003,0.00029327341109685934
24.046,0.00029327341109685934
24.046,0.00029327341109685934
24.463,0.00029327341109685934
24.883000000000003,0.00029327341109685934
24.883000000000003,0.00029327341109685934
25.302,0.00029327341109685934
25.724000000000004,0.00029327341109685934
26.148000000000003,0.00029327341109685934
26.148000000000003,0.00029327341109685934
26.572000000000003,0.00029327341109685934
26.998000000000005,0.00029327341109685934
26.998000000000005,0.00029327341109685934
27.424,0.00029327341109685934
27.849000000000004,0.00029327341109685934
28.276000000000003,0.00029327341109685934
28.276000000000003,0.00029327341109685934
28.703000000000003,0.00029327341109685934
29.132000000000005,0.00029327341109685934
29.132000000000005,0.00029327341109685934
29.559000000000005,0.00029327341109685934
29.986000000000004,0.00029327341109685934
30.414,0.00029327341109685934
30.414,0.00029327341109685934
30.842,0.00029327341109685934
31.268,0.00029327341109685934
31.268,0.00029327341109685934
31.268,0.00029327341109685934
31.693000000000005,0.00029327341109685934
32.117000000000004,0.00029327341109685934
32.538000000000004,0.00029327341109685934
32.961,0.00029327341109685934
33.38,0.00029327341109685934
33.38,0.00029327341109685934
33.795,0.00029327341109685934
34.21,0.00029327341109685934
34.623000000000005,0.00029327341109685934
34.623000000000005,0.00029327341109685934
35.033,0.00029327341109685934
35.438,0.00029327341109685934
35.438,0.00029327341109685934
35.84,0.00029327341109685934
36.239000000000004,0.00029327341109685934
36.635000000000005,0.00029327341109685934
37.027,0.00029327341109685934
37.413000000000004,0.00029327341109685934
37.413000000000004,0.00029327341109685934
37.796,0.00029327341109685934
38.173,0.00029327341109685934
38.548,0.00029327341109685934
38.548,0.00029327341109685934
38.92,0.00029327341109685934
39.286,0.00029327341109685934
39.286,0.00029327341109685934
39.652,0.00029327341109685934
40.015,0.00029327341109685934
40.375,0.00029327341109685934
40.375,0.00029327341109685934
40.735,0.00029327341109685934
41.091,0.00029327341109685934
41.091,0.00029327341109685934
41.443000000000005,0.00029327341109685934
41.791000000000004,0.00029327341109685934
42.134,0.00029327341109685934
42.134,0.00029327341109685934
42.469,0.00029327341109685934
42.798,0.00029327341109685934
42.798,0.00029327341109685934
43.122,0.00029327341109685934
43.438,0.00029327341109685934
43.747,0.00029327341109685934
44.045,0.00029327341109685934
44.045,0.00029327341109685934
44.336,0.00029327341109685934
44.617000000000004,0.00029327341109685934
44.617000000000004,0.00029327341109685934
44.883,0.00029327341109685934
45.143,0.00029327341109685934
45.39,0.00029327341109685934
45.39,0.00029327341109685934
45.626000000000005,0.00029327341109685934
45.626000000000005,0.00029327341109685934
45.852000000000004,0.00029327341109685934
46.063,0.00029327341109685934
46.262,0.00029327341109685934
46.262,0.00029327341109685934
46.445,0.00029327341109685934
46.611000000000004,0.00029327341109685934
46.611000000000004,0.00029327341109685934
46.764,0.00029327341109685934
46.904,0.00029327341109685934
47.03,0.00029327341109685934
47.03,0.00029327341109685934
47.143,0.00029327341109685934
47.242000000000004,0.00029327341109685934
47.242000000000004,0.00029327341109685934
47.327,0.00029327341109685934
47.398,0.00029327341109685934
47.453,0.00029327341109685934
47.494,0.00029327341109685934
47.522,0.00029327341109685934
47.522,0.00029327341109685934
47.535000000000004,0.00029327341109685934
47.537,0.00029327341109685934
47.521,0.00029327341109685934
47.521,0.00029327341109685934
47.496,0.00029327341109685934
47.454,0.00029327341109685934
47.454,0.00029327341109685934
47.401,0.00029327341109685934
47.333,0.00029327341109685934
47.255,0.00029327341109685934
47.255,0.00029327341109685934
47.165,0.00029327341109685934
47.065000000000005,0.00029327341109685934
47.065000000000005,0.00029327341109685934
46.953,0.00029327341109685934
46.83,0.00029327341109685934
46.698,0.00029327341109685934
46.558,0.00029327341109685934
46.4,0.00029327341109685934
46.4,0.00029327341109685934
46.4,0.00029327341109685934
46.225,0.00029327341109685934
46.042,0.00029327341109685934
45.853,0.00029327341109685934
45.660000000000004,0.00029327341109685934
45.452,0.00029327341109685934
45.452,0.00029327341109685934
45.226,0.00029327341109685934
44.986000000000004,0.00029327341109685934
44.739000000000004,0.00029327341109685934
44.739000000000004,0.00029327341109685934
44.482,0.00029327341109685934
44.212,0.00029327341109685934
44.212,0.00029327341109685934
43.93,0.00029327341109685934
43.642,0.00029327341109685934
43.342,0.00029327341109685934
43.342,0.00029327341109685934
43.037,0.00029327341109685934
42.718,0.00029327341109685934
42.718,0.00029327341109685934
42.396,0.00029327341109685934
42.066,0.00029327341109685934
41.729,0.00029327341109685934
41.386,0.00029327341109685934
41.036,0.00029327341109685934
41.036,0.00029327341109685934
41.036,0.00029327341109685934
40.678000000000004,0.00029327341109685934
40.313,0.00029327341109685934
39.938,0.00029327341109685934
39.564,0.00029327341109685934
39.185,0.00029327341109685934
39.185,0.00029327341109685934
38.800000000000004,0.00029327341109685934
38.404,0.00029327341109685934
38.404,0.00029327341109685934
38.007000000000005,0.00029327341109685934
38.007000000000005,0.00029327341109685934
37.604,0.00029327341109685934
37.193000000000005,0.00029327341109685934
37.193000000000005,0.00029327341109685934
36.778,0.00029327341109685934
36.356,0.00029327341109685934
35.931000000000004,0.00029327341109685934
35.499,0.00029327341109685934
35.062000000000005,0.00029327341109685934
35.062000000000005,0.00029327341109685934
35.062000000000005,0.00029327341109685934
34.624,0.00029327341109685934
34.181000000000004,0.00029327341109685934
33.730000000000004,0.00029327341109685934
33.730000000000004,0.00029327341109685934
33.272,0.00029327341109685934
32.814,0.00029327341109685934
32.814,0.00029327341109685934
32.356,0.00029327341109685934
31.891,0.00029327341109685934
31.424,0.00029327341109685934
30.955,0.00029327341109685934
30.955,0.00029327341109685934
30.481,0.00029327341109685934
30.006,0.00029327341109685934
29.525,0.00029327341109685934
29.525,0.00029327341109685934
29.044000000000004,0.00029327341109685934
28.557000000000002,0.00029327341109685934
28.068000000000005,0.00029327341109685934
28.068000000000005,0.00029327341109685934
27.576,0.00029327341109685934
27.079,0.00029327341109685934
26.578000000000003,0.00029327341109685934
26.578000000000003,0.00029327341109685934
26.073999999999998,0.00029327341109685934
25.569000000000003,0.00029327341109685934
25.569000000000003,0.00029327341109685934
25.060000000000002,0.00029327341109685934
24.548000000000002,0.00029327341109685934
24.04,0.00029327341109685934
24.04,0.00029327341109685934
23.527,0.00029327341109685934
23.012,0.00029327341109685934
23.012,0.00029327341109685934
22.499000000000002,0.00029327341109685934
21.982,0.00029327341109685934
21.464999999999996,0.00029327341109685934
21.464999999999996,0.00029327341109685934
20.951999999999998,0.00029327341109685934
20.439999999999998,0.00029327341109685934
19.926000000000002,0.00029327341109685934
19.415,0.00029327341109685934
19.415,0.00029327341109685934
18.906,0.00029327341109685934
18.393,0.00029327341109685934
18.393,0.00029327341109685934
17.881999999999998,0.00029327341109685934
17.881999999999998,0.00029327341109685934
17.375,0.00029327341109685934
16.869999999999997,0.00029327341109685934
16.363999999999997,0.00029327341109685934
15.862,0.00029327341109685934
15.363000000000001,0.00029327341109685934
15.363000000000001,0.00029327341109685934
14.866000000000001,0.00029327341109685934
14.371999999999998,0.00029327341109685934
13.877999999999998,0.00029327341109685934
13.877999999999998,0.00029327341109685934
13.388,0.00029327341109685934
12.901000000000002,0.00029327341109685934
12.901000000000002,0.00029327341109685934
12.418000000000001,0.00029327341109685934
11.94,0.00029327341109685934
11.469,0.00029327341109685934
11.469,0.00029327341109685934
11.002,0.00029327341109685934
10.543999999999999,0.00029327341109685934
10.092,0.00029327341109685934
9.648000000000001,0.00029327341109685934
9.209999999999999,0.00029327341109685934
8.781,0.00029327341109685934
8.361,0.00029327341109685934
8.361,0.00029327341109685934
7.949999999999999,0.00029327341109685934
7.545,0.00029327341109685934
7.154,0.00029327341109685934
7.154,0.00029327341109685934
6.769,0.00029327341109685934
6.395,0.00029327341109685934
6.395,0.00029327341109685934
6.029,0.00029327341109685934
5.670999999999999,0.00029327341109685934
5.32,0.00029327341109685934
4.978999999999999,0.00029327341109685934
4.645999999999999,0.00029327341109685934
4.645999999999999,0.00029327341109685934
4.315999999999999,0.00029327341109685934
3.9939999999999998,0.00029327341109685934
3.6790000000000003,0.00029327341109685934
3.369999999999999,0.00029327341109685934
3.369999999999999,0.00029327341109685934
3.0760000000000005,0.00029327341109685934
2.7889999999999997,0.00029327341109685934
2.5060000000000002,0.00029327341109685934
2.24,0.00029327341109685934
2.24,0.00029327341109685934
1.9830000000000005,0.00029327341109685934
1.7360000000000007,0.00029327341109685934
1.7360000000000007,0.00029327341109685934
1.5009999999999994,0.00029327341109685934
1.2769999999999992,0.00029327341109685934
1.0700000000000003,0.00029327341109685934
0.875,0.00029327341109685934
0.6970000000000001,0.00029327341109685934
0.6970000000000001,0.00029327341109685934
0.6970000000000001,0.00029327341109685934
0.5300000000000002,0.00029327341109685934
0.3799999999999999,0.00029327341109685934
0.24099999999999966,0.00029327341109685934
0.11399999999999988,0.00029327341109685934
-0.001000000000000334,0.00029327341109685934
-0.001000000000000334,0.0002937888064237695
-0.10200000000000031,0.00029395001211910207
-0.1930000000000005,0.0002939904077995638
-0.27200000000000024,0.0003100798753426287
-0.3440000000000003,0.0003154628509945109
-0.4039999999999999,0.000349354683296231
-0.4039999999999999,0.0003622583456363462
-0.45500000000000007,0.0004124532814350992
-0.4930000000000003,0.00043522274891437683
-0.5350000000000001,0.0004223374244946297
-0.5680000000000005,0.0004156151334030586
-0.5840000000000005,0.0004133743766290657
-0.5840000000000005,0.0006340598651759996
-0.5970000000000004,0.0008174473895668749
-0.5970000000000004,0.000931749903950104
-0.6040000000000001,0.0012426504278094798
-0.601,0.001649809095372723
-0.5970000000000004,0.0023378703329818467
-0.5920000000000005,0.003467340129394225
-0.5920000000000005,0.0048476259714950965
-0.5830000000000002,0.008920550720827937
-0.5700000000000003,0.027258055603376324
-0.5540000000000003,0.09197050699200211
-0.54,0.42717268910581463
-0.5289999999999999,0.8418659994010611
-0.5289999999999999,0.9494253083728902
-0.5150000000000006,0.9914901070245083
-0.5019999999999998,0.2028330472486379
-0.4889999999999999,0.3139084274838426
-0.48099999999999987,0.986535554654604
-0.47500000000000053,0.7020815629855651
-0.47500000000000053,0.9981755121645791
-0.4560000000000004,0.8370954269363433
-0.4500000000000002,0.9831517157335542
-0.44399999999999995,0.9907609883448264
-0.4400000000000004,0.9988576094153987
-0.4320000000000004,0.998464952089039
-0.4320000000000004,0.9987774422222827
-0.4270000000000005,0.9988840363371544
-0.42600000000000016,0.9988352234353066
-0.4240000000000004,0.9988854603655601
-0.4249999999999998,0.9988129504702146
-0.4249999999999998,0.9988858171471791
-0.4240000000000004,0.998849645937619
-0.4249999999999998,0.9988711255566706
-0.4249999999999998,0.9988879520437919
-0.4240000000000004,0.9988903381740117
-0.4240000000000004,0.9988902005779061
-0.4240000000000004,0.9988905820478104
-0.42600000000000016,0.9988894434673222
-0.42600000000000016,0.998891110856159
-0.4240000000000004,0.9988899806016953
-0.42300000000000004,0.9988911321782807
-0.4240000000000004,0.9988909046560815
